Precision,Recall
0.017454954954954954,1.0
0.016901408450704224,0.967741935483871
0.016910935738444193,0.967741935483871
0.01692047377326565,0.967741935483871
0.016930022573363433,0.967741935483871
0.01693958215697346,0.967741935483871
0.01694915254237288,0.967741935483871
0.016958733747880157,0.967741935483871
0.016968325791855202,0.967741935483871
0.01697792869269949,0.967741935483871
0.01698754246885617,0.967741935483871
0.0169971671388102,0.967741935483871
0.017006802721088437,0.967741935483871
0.017016449234259785,0.967741935483871
0.0170261066969353,0.967741935483871
0.017035775127768313,0.967741935483871
0.017045454545454544,0.967741935483871
0.017055144968732235,0.967741935483871
0.017064846416382253,0.967741935483871
0.01707455890722823,0.967741935483871
0.017084282460136675,0.967741935483871
0.017094017094017096,0.967741935483871
0.01710376282782212,0.967741935483871
0.017113519680547633,0.967741935483871
0.017123287671232876,0.967741935483871
0.017133066818960593,0.967741935483871
0.017142857142857144,0.967741935483871
0.017152658662092625,0.967741935483871
0.017162471395881007,0.967741935483871
0.017172295363480253,0.967741935483871
0.01718213058419244,0.967741935483871
0.017191977077363897,0.967741935483871
0.017201834862385322,0.967741935483871
0.01721170395869191,0.967741935483871
0.01722158438576349,0.967741935483871
0.01723147616312464,0.967741935483871
0.017241379310344827,0.967741935483871
0.017251293847038527,0.967741935483871
0.01726121979286536,0.967741935483871
0.017271157167530225,0.967741935483871
0.01728110599078341,0.967741935483871
0.01729106628242075,0.967741935483871
0.01730103806228374,0.967741935483871
0.017311021350259664,0.967741935483871
0.017321016166281754,0.967741935483871
0.01733102253032929,0.967741935483871
0.017341040462427744,0.967741935483871
0.01735106998264893,0.967741935483871
0.017361111111111112,0.967741935483871
0.017371163867979156,0.967741935483871
0.01738122827346466,0.967741935483871
0.017391304347826087,0.967741935483871
0.01740139211136891,0.967741935483871
0.017411491584445733,0.967741935483871
0.017421602787456445,0.967741935483871
0.017431725740848343,0.967741935483871
0.01744186046511628,0.967741935483871
0.017452006980802792,0.967741935483871
0.017462165308498253,0.967741935483871
0.017472335468841003,0.967741935483871
0.017482517482517484,0.967741935483871
0.01749271137026239,0.967741935483871
0.01750291715285881,0.967741935483871
0.017513134851138354,0.967741935483871
0.017523364485981307,0.967741935483871
0.017533606078316773,0.967741935483871
0.017543859649122806,0.967741935483871
0.017554125219426564,0.967741935483871
0.01756440281030445,0.967741935483871
0.01757469244288225,0.967741935483871
0.017584994138335287,0.967741935483871
0.017595307917888565,0.967741935483871
0.017605633802816902,0.967741935483871
0.017615971814445096,0.967741935483871
0.01762632197414806,0.967741935483871
0.01763668430335097,0.967741935483871
0.01764705882352941,0.967741935483871
0.017657445556209534,0.967741935483871
0.0176678445229682,0.967741935483871
0.01767825574543312,0.967741935483871
0.01768867924528302,0.967741935483871
0.017699115044247787,0.967741935483871
0.01770956316410862,0.967741935483871
0.01772002362669817,0.967741935483871
0.01773049645390071,0.967741935483871
0.017740981667652277,0.967741935483871
0.01775147928994083,0.967741935483871
0.017761989342806393,0.967741935483871
0.017772511848341232,0.967741935483871
0.01778304682868998,0.967741935483871
0.017793594306049824,0.967741935483871
0.017804154302670624,0.967741935483871
0.017814726840855107,0.967741935483871
0.017825311942959002,0.967741935483871
0.0178359096313912,0.967741935483871
0.01784651992861392,0.967741935483871
0.017857142857142856,0.967741935483871
0.01786777843954735,0.967741935483871
0.017878426698450536,0.967741935483871
0.017889087656529516,0.967741935483871
0.017899761336515514,0.967741935483871
0.01791044776119403,0.967741935483871
0.017921146953405017,0.967741935483871
0.017931858936043037,0.967741935483871
0.017942583732057416,0.967741935483871
0.017953321364452424,0.967741935483871
0.017964071856287425,0.967741935483871
0.017974835230677052,0.967741935483871
0.017985611510791366,0.967741935483871
0.017996400719856028,0.967741935483871
0.01800720288115246,0.967741935483871
0.018018018018018018,0.967741935483871
0.018028846153846152,0.967741935483871
0.01803968731208659,0.967741935483871
0.018050541516245487,0.967741935483871
0.018061408789885613,0.967741935483871
0.018072289156626505,0.967741935483871
0.018083182640144666,0.967741935483871
0.018094089264173704,0.967741935483871
0.018105009052504527,0.967741935483871
0.018115942028985508,0.967741935483871
0.01812688821752266,0.967741935483871
0.018137847642079808,0.967741935483871
0.018148820326678767,0.967741935483871
0.018159806295399514,0.967741935483871
0.018170805572380374,0.967741935483871
0.01818181818181818,0.967741935483871
0.018192844147968467,0.967741935483871
0.01820388349514563,0.967741935483871
0.018214936247723135,0.967741935483871
0.018226002430133656,0.967741935483871
0.0182370820668693,0.967741935483871
0.01824817518248175,0.967741935483871
0.018259281801582473,0.967741935483871
0.018270401948842874,0.967741935483871
0.018281535648994516,0.967741935483871
0.018292682926829267,0.967741935483871
0.018303843807199512,0.967741935483871
0.018315018315018316,0.967741935483871
0.01832620647525962,0.967741935483871
0.018337408312958436,0.967741935483871
0.01834862385321101,0.967741935483871
0.01835985312117503,0.967741935483871
0.01837109614206981,0.967741935483871
0.01838235294117647,0.967741935483871
0.018393623543838136,0.967741935483871
0.018404907975460124,0.967741935483871
0.01841620626151013,0.967741935483871
0.018427518427518427,0.967741935483871
0.01843884449907806,0.967741935483871
0.01845018450184502,0.967741935483871
0.018461538461538463,0.967741935483871
0.01847290640394089,0.967741935483871
0.018484288354898338,0.967741935483871
0.018495684340320593,0.967741935483871
0.01850709438618137,0.967741935483871
0.018518518518518517,0.967741935483871
0.01852995676343422,0.967741935483871
0.018541409147095178,0.967741935483871
0.01855287569573284,0.967741935483871
0.018564356435643563,0.967741935483871
0.018575851393188854,0.967741935483871
0.01858736059479554,0.967741935483871
0.018598884066955982,0.967741935483871
0.018610421836228287,0.967741935483871
0.0186219739292365,0.967741935483871
0.018633540372670808,0.967741935483871
0.018645121193287758,0.967741935483871
0.018656716417910446,0.967741935483871
0.018668326073428748,0.967741935483871
0.0186799501867995,0.967741935483871
0.018691588785046728,0.967741935483871
0.018703241895261846,0.967741935483871
0.018714909544603867,0.967741935483871
0.018726591760299626,0.967741935483871
0.018738288569643973,0.967741935483871
0.01875,0.967741935483871
0.01876172607879925,0.967741935483871
0.01877346683354193,0.967741935483871
0.01878522229179712,0.967741935483871
0.018796992481203006,0.967741935483871
0.018808777429467086,0.967741935483871
0.018820577164366373,0.967741935483871
0.018832391713747645,0.967741935483871
0.018844221105527637,0.967741935483871
0.018856065367693273,0.967741935483871
0.018867924528301886,0.967741935483871
0.018879798615481436,0.967741935483871
0.018891687657430732,0.967741935483871
0.01890359168241966,0.967741935483871
0.018915510718789406,0.967741935483871
0.01892744479495268,0.967741935483871
0.01893939393939394,0.967741935483871
0.018951358180669616,0.967741935483871
0.018963337547408345,0.967741935483871
0.018975332068311195,0.967741935483871
0.0189873417721519,0.967741935483871
0.018999366687777075,0.967741935483871
0.019011406844106463,0.967741935483871
0.019023462270133164,0.967741935483871
0.01903553299492386,0.967741935483871
0.01904761904761905,0.967741935483871
0.01905972045743329,0.967741935483871
0.019071837253655435,0.967741935483871
0.019083969465648856,0.967741935483871
0.019096117122851686,0.967741935483871
0.01910828025477707,0.967741935483871
0.019120458891013385,0.967741935483871
0.01913265306122449,0.967741935483871
0.01914486279514997,0.967741935483871
0.019157088122605363,0.967741935483871
0.019169329073482427,0.967741935483871
0.01918158567774936,0.967741935483871
0.019193857965451054,0.967741935483871
0.019206145966709345,0.967741935483871
0.019218449711723255,0.967741935483871
0.019230769230769232,0.967741935483871
0.01924310455420141,0.967741935483871
0.019255455712451863,0.967741935483871
0.019267822736030827,0.967741935483871
0.019280205655526992,0.967741935483871
0.01929260450160772,0.967741935483871
0.019305019305019305,0.967741935483871
0.019317450096587252,0.967741935483871
0.019329896907216496,0.967741935483871
0.019342359767891684,0.967741935483871
0.01935483870967742,0.967741935483871
0.019367333763718526,0.967741935483871
0.01937984496124031,0.967741935483871
0.019392372333548805,0.967741935483871
0.019404915912031046,0.967741935483871
0.019417475728155338,0.967741935483871
0.019430051813471502,0.967741935483871
0.019442644199611146,0.967741935483871
0.019455252918287938,0.967741935483871
0.01946787800129786,0.967741935483871
0.01948051948051948,0.967741935483871
0.01949317738791423,0.967741935483871
0.01950585175552666,0.967741935483871
0.01951854261548471,0.967741935483871
0.01953125,0.967741935483871
0.019543973941368076,0.967741935483871
0.01955671447196871,0.967741935483871
0.019569471624266144,0.967741935483871
0.0195822454308094,0.967741935483871
0.019595035924232528,0.967741935483871
0.0196078431372549,0.967741935483871
0.01962066710268149,0.967741935483871
0.01963350785340314,0.967741935483871
0.019646365422396856,0.967741935483871
0.019659239842726082,0.967741935483871
0.019672131147540985,0.967741935483871
0.01968503937007874,0.967741935483871
0.01969796454366382,0.967741935483871
0.01971090670170828,0.967741935483871
0.01972386587771203,0.967741935483871
0.019736842105263157,0.967741935483871
0.019749835418038184,0.967741935483871
0.019762845849802372,0.967741935483871
0.01977587343441002,0.967741935483871
0.01978891820580475,0.967741935483871
0.019801980198019802,0.967741935483871
0.019815059445178335,0.967741935483871
0.01982815598149372,0.967741935483871
0.01984126984126984,0.967741935483871
0.01985440105890139,0.967741935483871
0.019867549668874173,0.967741935483871
0.019880715705765408,0.967741935483871
0.01989389920424403,0.967741935483871
0.019907100199071003,0.967741935483871
0.0199203187250996,0.967741935483871
0.019933554817275746,0.967741935483871
0.0199468085106383,0.967741935483871
0.01996007984031936,0.967741935483871
0.019973368841544607,0.967741935483871
0.019986675549633577,0.967741935483871
0.02,0.967741935483871
0.0200133422281521,0.967741935483871
0.020026702269692925,0.967741935483871
0.02004008016032064,0.967741935483871
0.020053475935828877,0.967741935483871
0.020066889632107024,0.967741935483871
0.020080321285140562,0.967741935483871
0.020093770931011386,0.967741935483871
0.020107238605898123,0.967741935483871
0.02012072434607646,0.967741935483871
0.020134228187919462,0.967741935483871
0.020147750167897917,0.967741935483871
0.020161290322580645,0.967741935483871
0.020174848688634835,0.967741935483871
0.020188425302826378,0.967741935483871
0.020202020202020204,0.967741935483871
0.02021563342318059,0.967741935483871
0.020229265003371546,0.967741935483871
0.020242914979757085,0.967741935483871
0.02025658338960162,0.967741935483871
0.02027027027027027,0.967741935483871
0.02028397565922921,0.967741935483871
0.02029769959404601,0.967741935483871
0.020311442112389978,0.967741935483871
0.02032520325203252,0.967741935483871
0.020338983050847456,0.967741935483871
0.0203527815468114,0.967741935483871
0.020366598778004074,0.967741935483871
0.020380434782608696,0.967741935483871
0.020394289598912305,0.967741935483871
0.02040816326530612,0.967741935483871
0.02042205582028591,0.967741935483871
0.020435967302452316,0.967741935483871
0.02044989775051125,0.967741935483871
0.020463847203274217,0.967741935483871
0.020477815699658702,0.967741935483871
0.020491803278688523,0.967741935483871
0.02050580997949419,0.967741935483871
0.02051983584131327,0.967741935483871
0.02053388090349076,0.967741935483871
0.02054794520547945,0.967741935483871
0.0205620287868403,0.967741935483871
0.0205761316872428,0.967741935483871
0.02059025394646534,0.967741935483871
0.020604395604395604,0.967741935483871
0.020618556701030927,0.967741935483871
0.02063273727647868,0.967741935483871
0.02064693737095664,0.967741935483871
0.02066115702479339,0.967741935483871
0.02067539627842867,0.967741935483871
0.020689655172413793,0.967741935483871
0.020703933747412008,0.967741935483871
0.020718232044198894,0.967741935483871
0.02073255010366275,0.967741935483871
0.02074688796680498,0.967741935483871
0.020761245674740483,0.967741935483871
0.02077562326869806,0.967741935483871
0.02079002079002079,0.967741935483871
0.020804438280166437,0.967741935483871
0.020818875780707843,0.967741935483871
0.020833333333333332,0.967741935483871
0.020847810979847115,0.967741935483871
0.02086230876216968,0.967741935483871
0.020876826722338204,0.967741935483871
0.020891364902506964,0.967741935483871
0.020905923344947737,0.967741935483871
0.02092050209205021,0.967741935483871
0.0209351011863224,0.967741935483871
0.02094972067039106,0.967741935483871
0.020964360587002098,0.967741935483871
0.02097902097902098,0.967741935483871
0.02099370188943317,0.967741935483871
0.02100840336134454,0.967741935483871
0.02102312543798178,0.967741935483871
0.021037868162692847,0.967741935483871
0.021052631578947368,0.967741935483871
0.021067415730337078,0.967741935483871
0.02108222066057625,0.967741935483871
0.02109704641350211,0.967741935483871
0.0211118930330753,0.967741935483871
0.02112676056338028,0.967741935483871
0.021141649048625793,0.967741935483871
0.021156558533145273,0.967741935483871
0.02117148906139732,0.967741935483871
0.0211864406779661,0.967741935483871
0.02120141342756184,0.967741935483871
0.021216407355021217,0.967741935483871
0.021231422505307854,0.967741935483871
0.021246458923512748,0.967741935483871
0.021261516654854713,0.967741935483871
0.02127659574468085,0.967741935483871
0.021291696238467,0.967741935483871
0.02130681818181818,0.967741935483871
0.021321961620469083,0.967741935483871
0.021337126600284494,0.967741935483871
0.021352313167259787,0.967741935483871
0.021367521367521368,0.967741935483871
0.021382751247327157,0.967741935483871
0.021398002853067047,0.967741935483871
0.021413276231263382,0.967741935483871
0.02142857142857143,0.967741935483871
0.021443888491779844,0.967741935483871
0.02145922746781116,0.967741935483871
0.021474588403722263,0.967741935483871
0.02148997134670487,0.967741935483871
0.021505376344086023,0.967741935483871
0.021520803443328552,0.967741935483871
0.021536252692031587,0.967741935483871
0.021551724137931036,0.967741935483871
0.021567217828900073,0.967741935483871
0.02158273381294964,0.967741935483871
0.02159827213822894,0.967741935483871
0.021613832853025938,0.967741935483871
0.021629416005767843,0.967741935483871
0.021645021645021644,0.967741935483871
0.021660649819494584,0.967741935483871
0.02167630057803468,0.967741935483871
0.021691973969631236,0.967741935483871
0.02170767004341534,0.967741935483871
0.020999275887038378,0.9354838709677419
0.021014492753623187,0.9354838709677419
0.02102973168963017,0.9354838709677419
0.02104499274310595,0.9354838709677419
0.021060275962236745,0.9354838709677419
0.021075581395348836,0.9354838709677419
0.02109090909090909,0.9354838709677419
0.021106259097525473,0.9354838709677419
0.02112163146394756,0.9354838709677419
0.021137026239067054,0.9354838709677419
0.021152443471918306,0.9354838709677419
0.021167883211678833,0.9354838709677419
0.021183345507669833,0.9354838709677419
0.021198830409356724,0.9354838709677419
0.02121433796634967,0.9354838709677419
0.0212298682284041,0.9354838709677419
0.021245421245421246,0.9354838709677419
0.02126099706744868,0.9354838709677419
0.02127659574468085,0.9354838709677419
0.021292217327459617,0.9354838709677419
0.0213078618662748,0.9354838709677419
0.021323529411764706,0.9354838709677419
0.021339220014716703,0.9354838709677419
0.021354933726067747,0.9354838709677419
0.021370670596904937,0.9354838709677419
0.021386430678466076,0.9354838709677419
0.021402214022140223,0.9354838709677419
0.02141802067946824,0.9354838709677419
0.021433850702143386,0.9354838709677419
0.021449704142011833,0.9354838709677419
0.02146558105107328,0.9354838709677419
0.02148148148148148,0.9354838709677419
0.021497405485544848,0.9354838709677419
0.021513353115727003,0.9354838709677419
0.021529324424647365,0.9354838709677419
0.021545319465081723,0.9354838709677419
0.021561338289962824,0.9354838709677419
0.021577380952380952,0.9354838709677419
0.021593447505584513,0.9354838709677419
0.021609538002980627,0.9354838709677419
0.02162565249813572,0.9354838709677419
0.02164179104477612,0.9354838709677419
0.021657953696788648,0.9354838709677419
0.021674140508221227,0.9354838709677419
0.02169035153328347,0.9354838709677419
0.021706586826347306,0.9354838709677419
0.021722846441947566,0.9354838709677419
0.021739130434782608,0.9354838709677419
0.02175543885971493,0.9354838709677419
0.02177177177177177,0.9354838709677419
0.021788129226145755,0.9354838709677419
0.02180451127819549,0.9354838709677419
0.0218209179834462,0.9354838709677419
0.021837349397590362,0.9354838709677419
0.02185380557648832,0.9354838709677419
0.021870286576168928,0.9354838709677419
0.02188679245283019,0.9354838709677419
0.02190332326283988,0.9354838709677419
0.021919879062736205,0.9354838709677419
0.02193645990922844,0.9354838709677419
0.02195306585919758,0.9354838709677419
0.02196969696969697,0.9354838709677419
0.021986353297952996,0.9354838709677419
0.022003034901365705,0.9354838709677419
0.02201974183750949,0.9354838709677419
0.022036474164133738,0.9354838709677419
0.022053231939163497,0.9354838709677419
0.02207001522070015,0.9354838709677419
0.022086824067022087,0.9354838709677419
0.022103658536585365,0.9354838709677419
0.02212051868802441,0.9354838709677419
0.022137404580152672,0.9354838709677419
0.02215431627196333,0.9354838709677419
0.02217125382262997,0.9354838709677419
0.02218821729150727,0.9354838709677419
0.0222052067381317,0.9354838709677419
0.022222222222222223,0.9354838709677419
0.02223926380368098,0.9354838709677419
0.022256331542594012,0.9354838709677419
0.02227342549923195,0.9354838709677419
0.022290545734050732,0.9354838709677419
0.022307692307692306,0.9354838709677419
0.022324865280985373,0.9354838709677419
0.02234206471494607,0.9354838709677419
0.02235929067077872,0.9354838709677419
0.022376543209876542,0.9354838709677419
0.022393822393822392,0.9354838709677419
0.02241112828438949,0.9354838709677419
0.02242846094354215,0.9354838709677419
0.02244582043343653,0.9354838709677419
0.022463206816421378,0.9354838709677419
0.02248062015503876,0.9354838709677419
0.022498060512024826,0.9354838709677419
0.02251552795031056,0.9354838709677419
0.022533022533022532,0.9354838709677419
0.02255054432348367,0.9354838709677419
0.022568093385214007,0.9354838709677419
0.022585669781931463,0.9354838709677419
0.02260327357755261,0.9354838709677419
0.02262090483619345,0.9354838709677419
0.02263856362217018,0.9354838709677419
0.02265625,0.9354838709677419
0.022673964034401875,0.9354838709677419
0.02269170579029734,0.9354838709677419
0.022709475332811275,0.9354838709677419
0.022727272727272728,0.9354838709677419
0.022745098039215685,0.9354838709677419
0.022762951334379906,0.9354838709677419
0.022780832678711706,0.9354838709677419
0.02279874213836478,0.9354838709677419
0.022816679779701022,0.9354838709677419
0.02283464566929134,0.9354838709677419
0.022852639873916468,0.9354838709677419
0.022870662460567823,0.9354838709677419
0.022888713496448304,0.9354838709677419
0.022906793048973143,0.9354838709677419
0.02292490118577075,0.9354838709677419
0.022943037974683545,0.9354838709677419
0.022961203483768806,0.9354838709677419
0.022979397781299524,0.9354838709677419
0.022997620935765267,0.9354838709677419
0.023015873015873017,0.9354838709677419
0.023034154090548053,0.9354838709677419
0.023052464228934817,0.9354838709677419
0.023070803500397773,0.9354838709677419
0.02308917197452229,0.9354838709677419
0.023107569721115537,0.9354838709677419
0.023125996810207338,0.9354838709677419
0.02314445331205108,0.9354838709677419
0.0231629392971246,0.9354838709677419
0.023181454836131096,0.9354838709677419
0.0232,0.9354838709677419
0.02321857485988791,0.9354838709677419
0.023237179487179488,0.9354838709677419
0.023255813953488372,0.9354838709677419
0.023274478330658106,0.9354838709677419
0.023293172690763052,0.9354838709677419
0.023311897106109324,0.9354838709677419
0.02333065164923572,0.9354838709677419
0.023349436392914653,0.9354838709677419
0.023368251410153102,0.9354838709677419
0.02338709677419355,0.9354838709677419
0.023405972558514933,0.9354838709677419
0.023424878836833602,0.9354838709677419
0.023443815683104285,0.9354838709677419
0.023462783171521034,0.9354838709677419
0.02348178137651822,0.9354838709677419
0.023500810372771474,0.9354838709677419
0.023519870235198703,0.9354838709677419
0.02353896103896104,0.9354838709677419
0.023558082859463852,0.9354838709677419
0.023577235772357725,0.9354838709677419
0.023596419853539462,0.9354838709677419
0.023615635179153095,0.9354838709677419
0.023634881825590873,0.9354838709677419
0.02365415986949429,0.9354838709677419
0.0236734693877551,0.9354838709677419
0.02369281045751634,0.9354838709677419
0.023712183156173343,0.9354838709677419
0.023731587561374796,0.9354838709677419
0.02375102375102375,0.9354838709677419
0.023770491803278688,0.9354838709677419
0.02378999179655455,0.9354838709677419
0.023809523809523808,0.9354838709677419
0.0238290879211175,0.9354838709677419
0.023848684210526317,0.9354838709677419
0.023868312757201648,0.9354838709677419
0.023887973640856673,0.9354838709677419
0.023907666941467436,0.9354838709677419
0.02392739273927393,0.9354838709677419
0.023947151114781174,0.9354838709677419
0.023966942148760332,0.9354838709677419
0.023986765922249794,0.9354838709677419
0.024006622516556293,0.9354838709677419
0.024026512013256007,0.9354838709677419
0.02404643449419569,0.9354838709677419
0.024066390041493777,0.9354838709677419
0.02408637873754153,0.9354838709677419
0.024106400665004156,0.9354838709677419
0.024126455906821963,0.9354838709677419
0.02414654454621149,0.9354838709677419
0.024166666666666666,0.9354838709677419
0.02418682235195997,0.9354838709677419
0.024207011686143573,0.9354838709677419
0.02422723475355054,0.9354838709677419
0.024247491638795988,0.9354838709677419
0.024267782426778243,0.9354838709677419
0.024288107202680067,0.9354838709677419
0.024308466051969825,0.9354838709677419
0.024328859060402684,0.9354838709677419
0.02434928631402183,0.9354838709677419
0.024369747899159664,0.9354838709677419
0.024390243902439025,0.9354838709677419
0.02441077441077441,0.9354838709677419
0.02443133951137321,0.9354838709677419
0.024451939291736932,0.9354838709677419
0.024472573839662448,0.9354838709677419
0.024493243243243243,0.9354838709677419
0.024513947590870666,0.9354838709677419
0.024534686971235193,0.9354838709677419
0.024555461473327687,0.9354838709677419
0.02457627118644068,0.9354838709677419
0.024597116200169637,0.9354838709677419
0.02461799660441426,0.9354838709677419
0.02463891248937978,0.9354838709677419
0.02465986394557823,0.9354838709677419
0.02468085106382979,0.9354838709677419
0.024701873935264053,0.9354838709677419
0.0247229326513214,0.9354838709677419
0.024744027303754267,0.9354838709677419
0.024765157984628524,0.9354838709677419
0.024786324786324785,0.9354838709677419
0.02480752780153978,0.9354838709677419
0.02482876712328767,0.9354838709677419
0.024850042844901457,0.9354838709677419
0.024871355060034305,0.9354838709677419
0.024892703862660945,0.9354838709677419
0.02491408934707904,0.9354838709677419
0.024935511607910577,0.9354838709677419
0.02495697074010327,0.9354838709677419
0.024978466838931956,0.9354838709677419
0.025,0.9354838709677419
0.025021570319240724,0.9354838709677419
0.025043177892918825,0.9354838709677419
0.025064822817631807,0.9354838709677419
0.025086505190311418,0.9354838709677419
0.025108225108225107,0.9354838709677419
0.02512998266897747,0.9354838709677419
0.02515177797051171,0.9354838709677419
0.025173611111111112,0.9354838709677419
0.02519548218940052,0.9354838709677419
0.025217391304347827,0.9354838709677419
0.025239338555265448,0.9354838709677419
0.025261324041811847,0.9354838709677419
0.025283347863993024,0.9354838709677419
0.02530541012216405,0.9354838709677419
0.025327510917030567,0.9354838709677419
0.025349650349650348,0.9354838709677419
0.02537182852143482,0.9354838709677419
0.025394045534150613,0.9354838709677419
0.025416301489921123,0.9354838709677419
0.02543859649122807,0.9354838709677419
0.025460930640913083,0.9354838709677419
0.025483304042179262,0.9354838709677419
0.025505716798592787,0.9354838709677419
0.025528169014084508,0.9354838709677419
0.02555066079295154,0.9354838709677419
0.025573192239858905,0.9354838709677419
0.02559576345984113,0.9354838709677419
0.02561837455830389,0.9354838709677419
0.02564102564102564,0.9354838709677419
0.02566371681415929,0.9354838709677419
0.025686448184233834,0.9354838709677419
0.025709219858156027,0.9354838709677419
0.025732031943212066,0.9354838709677419
0.02575488454706927,0.9354838709677419
0.025777777777777778,0.9354838709677419
0.025800711743772242,0.9354838709677419
0.025823686553873553,0.9354838709677419
0.025846702317290554,0.9354838709677419
0.025869759143621766,0.9354838709677419
0.025892857142857145,0.9354838709677419
0.025915996425379804,0.9354838709677419
0.0259391771019678,0.9354838709677419
0.025962399283795883,0.9354838709677419
0.025985663082437275,0.9354838709677419
0.02600896860986547,0.9354838709677419
0.026032315978456014,0.9354838709677419
0.02605570530098832,0.9354838709677419
0.026079136690647483,0.9354838709677419
0.026102610261026102,0.9354838709677419
0.026126126126126126,0.9354838709677419
0.026149684400360685,0.9354838709677419
0.026173285198555957,0.9354838709677419
0.026196928635953028,0.9354838709677419
0.026220614828209764,0.9354838709677419
0.026244343891402715,0.9354838709677419
0.026268115942028984,0.9354838709677419
0.02629193109700816,0.9354838709677419
0.02631578947368421,0.9354838709677419
0.02633969118982743,0.9354838709677419
0.026363636363636363,0.9354838709677419
0.026387625113739762,0.9354838709677419
0.026411657559198543,0.9354838709677419
0.02643573381950775,0.9354838709677419
0.02645985401459854,0.9354838709677419
0.026484018264840183,0.9354838709677419
0.026508226691042046,0.9354838709677419
0.026532479414455627,0.9354838709677419
0.026556776556776556,0.9354838709677419
0.026581118240146653,0.9354838709677419
0.026605504587155965,0.9354838709677419
0.02662993572084481,0.9354838709677419
0.02665441176470588,0.9354838709677419
0.02667893284268629,0.9354838709677419
0.026703499079189688,0.9354838709677419
0.026728110599078342,0.9354838709677419
0.026752767527675275,0.9354838709677419
0.02677746999076639,0.9354838709677419
0.026802218114602587,0.9354838709677419
0.02682701202590194,0.9354838709677419
0.026851851851851852,0.9354838709677419
0.026876737720111215,0.9354838709677419
0.026901669758812616,0.9354838709677419
0.02692664809656453,0.9354838709677419
0.02695167286245353,0.9354838709677419
0.026976744186046512,0.9354838709677419
0.027001862197392923,0.9354838709677419
0.02702702702702703,0.9354838709677419
0.027052238805970148,0.9354838709677419
0.02707749766573296,0.9354838709677419
0.027102803738317756,0.9354838709677419
0.027128157156220765,0.9354838709677419
0.027153558052434457,0.9354838709677419
0.02717900656044986,0.9354838709677419
0.027204502814258912,0.9354838709677419
0.027230046948356807,0.9354838709677419
0.02725563909774436,0.9354838709677419
0.027281279397930385,0.9354838709677419
0.027306967984934087,0.9354838709677419
0.027332704995287466,0.9354838709677419
0.027358490566037737,0.9354838709677419
0.027384324834749764,0.9354838709677419
0.027410207939508508,0.9354838709677419
0.027436140018921477,0.9354838709677419
0.027462121212121212,0.9354838709677419
0.027488151658767772,0.9354838709677419
0.027514231499051234,0.9354838709677419
0.027540360873694207,0.9354838709677419
0.027566539923954372,0.9354838709677419
0.02759276879162702,0.9354838709677419
0.02761904761904762,0.9354838709677419
0.027645376549094377,0.9354838709677419
0.02767175572519084,0.9354838709677419
0.027698185291308502,0.9354838709677419
0.027724665391969407,0.9354838709677419
0.027751196172248804,0.9354838709677419
0.027777777777777776,0.9354838709677419
0.027804410354745925,0.9354838709677419
0.02783109404990403,0.9354838709677419
0.027857829010566763,0.9354838709677419
0.027884615384615386,0.9354838709677419
0.02791145332050048,0.9354838709677419
0.027938342967244702,0.9354838709677419
0.027965284474445518,0.9354838709677419
0.027992277992277992,0.9354838709677419
0.028019323671497585,0.9354838709677419
0.02804642166344294,0.9354838709677419
0.028073572120038724,0.9354838709677419
0.02810077519379845,0.9354838709677419
0.028128031037827354,0.9354838709677419
0.02815533980582524,0.9354838709677419
0.028182701652089408,0.9354838709677419
0.02821011673151751,0.9354838709677419
0.028237585199610515,0.9354838709677419
0.028265107212475632,0.9354838709677419
0.02829268292682927,0.9354838709677419
0.0283203125,0.9354838709677419
0.028347996089931573,0.9354838709677419
0.02837573385518591,0.9354838709677419
0.02840352595494613,0.9354838709677419
0.028431372549019607,0.9354838709677419
0.02845927379784102,0.9354838709677419
0.02848722986247544,0.9354838709677419
0.028515240904621434,0.9354838709677419
0.028543307086614175,0.9354838709677419
0.02857142857142857,0.9354838709677419
0.028599605522682446,0.9354838709677419
0.028627838104639685,0.9354838709677419
0.02865612648221344,0.9354838709677419
0.028684470820969338,0.9354838709677419
0.028712871287128714,0.9354838709677419
0.028741328047571853,0.9354838709677419
0.028769841269841268,0.9354838709677419
0.028798411122144985,0.9354838709677419
0.02882703777335984,0.9354838709677419
0.028855721393034824,0.9354838709677419
0.02888446215139442,0.9354838709677419
0.028913260219341975,0.9354838709677419
0.028942115768463075,0.9354838709677419
0.028971028971028972,0.9354838709677419
0.029,0.9354838709677419
0.02902902902902903,0.9354838709677419
0.02905811623246493,0.9354838709677419
0.029087261785356068,0.9354838709677419
0.029116465863453816,0.9354838709677419
0.02914572864321608,0.9354838709677419
0.029175050301810865,0.9354838709677419
0.02920443101711984,0.9354838709677419
0.029233870967741934,0.9354838709677419
0.029263370332996974,0.9354838709677419
0.029292929292929294,0.9354838709677419
0.029322548028311426,0.9354838709677419
0.029352226720647773,0.9354838709677419
0.029381965552178316,0.9354838709677419
0.029411764705882353,0.9354838709677419
0.029441624365482234,0.9354838709677419
0.029471544715447155,0.9354838709677419
0.029501525940996948,0.9354838709677419
0.029531568228105907,0.9354838709677419
0.029561671763506627,0.9354838709677419
0.02959183673469388,0.9354838709677419
0.0296220633299285,0.9354838709677419
0.02965235173824131,0.9354838709677419
0.02968270214943705,0.9354838709677419
0.02971311475409836,0.9354838709677419
0.029743589743589743,0.9354838709677419
0.029774127310061602,0.9354838709677419
0.029804727646454265,0.9354838709677419
0.029835390946502057,0.9354838709677419
0.029866117404737384,0.9354838709677419
0.029896907216494847,0.9354838709677419
0.029927760577915376,0.9354838709677419
0.029958677685950414,0.9354838709677419
0.02998965873836608,0.9354838709677419
0.030020703933747412,0.9354838709677419
0.03005181347150259,0.9354838709677419
0.03008298755186722,0.9354838709677419
0.030114226375908618,0.9354838709677419
0.030145530145530147,0.9354838709677419
0.030176899063475548,0.9354838709677419
0.030208333333333334,0.9354838709677419
0.03023983315954119,0.9354838709677419
0.030271398747390398,0.9354838709677419
0.030303030303030304,0.9354838709677419
0.030334728033472803,0.9354838709677419
0.030366492146596858,0.9354838709677419
0.03039832285115304,0.9354838709677419
0.030430220356768102,0.9354838709677419
0.03046218487394958,0.9354838709677419
0.030494216614090432,0.9354838709677419
0.030526315789473683,0.9354838709677419
0.030558482613277135,0.9354838709677419
0.03059071729957806,0.9354838709677419
0.030623020063357972,0.9354838709677419
0.0306553911205074,0.9354838709677419
0.030687830687830688,0.9354838709677419
0.03072033898305085,0.9354838709677419
0.030752916224814422,0.9354838709677419
0.03078556263269639,0.9354838709677419
0.030818278427205102,0.9354838709677419
0.030851063829787233,0.9354838709677419
0.0308839190628328,0.9354838709677419
0.03091684434968017,0.9354838709677419
0.030949839914621132,0.9354838709677419
0.030982905982905984,0.9354838709677419
0.031016042780748664,0.9354838709677419
0.031049250535331904,0.9354838709677419
0.031082529474812434,0.9354838709677419
0.03111587982832618,0.9354838709677419
0.031149301825993556,0.9354838709677419
0.03118279569892473,0.9354838709677419
0.031216361679224973,0.9354838709677419
0.03125,0.9354838709677419
0.03128371089536138,0.9354838709677419
0.03131749460043196,0.9354838709677419
0.03135135135135135,0.9354838709677419
0.031385281385281384,0.9354838709677419
0.0314192849404117,0.9354838709677419
0.031453362255965296,0.9354838709677419
0.031487513572204126,0.9354838709677419
0.03152173913043478,0.9354838709677419
0.031556039173014146,0.9354838709677419
0.03159041394335512,0.9354838709677419
0.03162486368593239,0.9354838709677419
0.03165938864628821,0.9354838709677419
0.03169398907103825,0.9354838709677419
0.03172866520787746,0.9354838709677419
0.03176341730558598,0.9354838709677419
0.03179824561403509,0.9354838709677419
0.031833150384193196,0.9354838709677419
0.031868131868131866,0.9354838709677419
0.0319031903190319,0.9354838709677419
0.031938325991189426,0.9354838709677419
0.03197353914002205,0.9354838709677419
0.03200883002207505,0.9354838709677419
0.032044198895027624,0.9354838709677419
0.032079646017699116,0.9354838709677419
0.03211517165005537,0.9354838709677419
0.03215077605321508,0.9354838709677419
0.03218645948945616,0.9354838709677419
0.03222222222222222,0.9354838709677419
0.03225806451612903,0.9354838709677419
0.03229398663697105,0.9354838709677419
0.032329988851727984,0.9354838709677419
0.03236607142857143,0.9354838709677419
0.03240223463687151,0.9354838709677419
0.03243847874720358,0.9354838709677419
0.032474804031354984,0.9354838709677419
0.032511210762331835,0.9354838709677419
0.03254769921436588,0.9354838709677419
0.03258426966292135,0.9354838709677419
0.03262092238470191,0.9354838709677419
0.03265765765765766,0.9354838709677419
0.03269447576099211,0.9354838709677419
0.0327313769751693,0.9354838709677419
0.0327683615819209,0.9354838709677419
0.032805429864253395,0.9354838709677419
0.03284258210645526,0.9354838709677419
0.032879818594104306,0.9354838709677419
0.032917139614074914,0.9354838709677419
0.03295454545454545,0.9354838709677419
0.03299203640500569,0.9354838709677419
0.03302961275626424,0.9354838709677419
0.0330672748004561,0.9354838709677419
0.033105022831050226,0.9354838709677419
0.03314285714285714,0.9354838709677419
0.03318077803203661,0.9354838709677419
0.033218785796105384,0.9354838709677419
0.033256880733944956,0.9354838709677419
0.03329506314580941,0.9354838709677419
0.03333333333333333,0.9354838709677419
0.0333716915995397,0.9354838709677419
0.03341013824884793,0.9354838709677419
0.03344867358708189,0.9354838709677419
0.03348729792147806,0.9354838709677419
0.03352601156069364,0.9354838709677419
0.03356481481481482,0.9354838709677419
0.03360370799536501,0.9354838709677419
0.033642691415313224,0.9354838709677419
0.03368176538908246,0.9354838709677419
0.03372093023255814,0.9354838709677419
0.033760186263096625,0.9354838709677419
0.0337995337995338,0.9354838709677419
0.0338389731621937,0.9354838709677419
0.03387850467289719,0.9354838709677419
0.03391812865497076,0.9354838709677419
0.03395784543325527,0.9354838709677419
0.03399765533411489,0.9354838709677419
0.03403755868544601,0.9354838709677419
0.03407755581668625,0.9354838709677419
0.03411764705882353,0.9354838709677419
0.03415783274440518,0.9354838709677419
0.03419811320754717,0.9354838709677419
0.03423848878394333,0.9354838709677419
0.034278959810874705,0.9354838709677419
0.03431952662721893,0.9354838709677419
0.034360189573459717,0.9354838709677419
0.03440094899169632,0.9354838709677419
0.0344418052256532,0.9354838709677419
0.034482758620689655,0.9354838709677419
0.034523809523809526,0.9354838709677419
0.03456495828367104,0.9354838709677419
0.034606205250596656,0.9354838709677419
0.03464755077658303,0.9354838709677419
0.034688995215311005,0.9354838709677419
0.03473053892215569,0.9354838709677419
0.03477218225419664,0.9354838709677419
0.03481392557022809,0.9354838709677419
0.03485576923076923,0.9354838709677419
0.03489771359807461,0.9354838709677419
0.03493975903614458,0.9354838709677419
0.03498190591073583,0.9354838709677419
0.035024154589371984,0.9354838709677419
0.03506650544135429,0.9354838709677419
0.035108958837772396,0.9354838709677419
0.03515151515151515,0.9354838709677419
0.03519417475728155,0.9354838709677419
0.03523693803159174,0.9354838709677419
0.03527980535279805,0.9354838709677419
0.03532277710109622,0.9354838709677419
0.03536585365853658,0.9354838709677419
0.03540903540903541,0.9354838709677419
0.035452322738386305,0.9354838709677419
0.03549571603427173,0.9354838709677419
0.03553921568627451,0.9354838709677419
0.03558282208588957,0.9354838709677419
0.03562653562653563,0.9354838709677419
0.03567035670356704,0.9354838709677419
0.03571428571428571,0.9354838709677419
0.035758323057953144,0.9354838709677419
0.03580246913580247,0.9354838709677419
0.03584672435105068,0.9354838709677419
0.03589108910891089,0.9354838709677419
0.03593556381660471,0.9354838709677419
0.03598014888337469,0.9354838709677419
0.03602484472049689,0.9354838709677419
0.036069651741293535,0.9354838709677419
0.0361145703611457,0.9354838709677419
0.03615960099750624,0.9354838709677419
0.03620474406991261,0.9354838709677419
0.03625,0.9354838709677419
0.03629536921151439,0.9354838709677419
0.03634085213032581,0.9354838709677419
0.03638644918444166,0.9354838709677419
0.0364321608040201,0.9354838709677419
0.03647798742138365,0.9354838709677419
0.036523929471032744,0.9354838709677419
0.03656998738965952,0.9354838709677419
0.036616161616161616,0.9354838709677419
0.03666245259165613,0.9354838709677419
0.03670886075949367,0.9354838709677419
0.036755386565272496,0.9354838709677419
0.03680203045685279,0.9354838709677419
0.036848792884371026,0.9354838709677419
0.03689567430025445,0.9354838709677419
0.03694267515923567,0.9354838709677419
0.036989795918367346,0.9354838709677419
0.037037037037037035,0.9354838709677419
0.0370843989769821,0.9354838709677419
0.03713188220230474,0.9354838709677419
0.03717948717948718,0.9354838709677419
0.037227214377406934,0.9354838709677419
0.037275064267352186,0.9354838709677419
0.03732303732303732,0.9354838709677419
0.037371134020618556,0.9354838709677419
0.03741935483870968,0.9354838709677419
0.037467700258397935,0.9354838709677419
0.037516170763260026,0.9354838709677419
0.03756476683937824,0.9354838709677419
0.03761348897535668,0.9354838709677419
0.03766233766233766,0.9354838709677419
0.0377113133940182,0.9354838709677419
0.037760416666666664,0.9354838709677419
0.03780964797913951,0.9354838709677419
0.037859007832898174,0.9354838709677419
0.03790849673202614,0.9354838709677419
0.03795811518324607,0.9354838709677419
0.03800786369593709,0.9354838709677419
0.03805774278215223,0.9354838709677419
0.03810775295663601,0.9354838709677419
0.038157894736842106,0.9354838709677419
0.03820816864295125,0.9354838709677419
0.03825857519788918,0.9354838709677419
0.03830911492734478,0.9354838709677419
0.037037037037037035,0.9032258064516129
0.03708609271523179,0.9032258064516129
0.03713527851458886,0.9032258064516129
0.03718459495351926,0.9032258064516129
0.03723404255319149,0.9032258064516129
0.037283621837549935,0.9032258064516129
0.037333333333333336,0.9032258064516129
0.037383177570093455,0.9032258064516129
0.0374331550802139,0.9032258064516129
0.03748326639892905,0.9032258064516129
0.03753351206434316,0.9032258064516129
0.03758389261744966,0.9032258064516129
0.03763440860215054,0.9032258064516129
0.03768506056527591,0.9032258064516129
0.03773584905660377,0.9032258064516129
0.037786774628879895,0.9032258064516129
0.03783783783783784,0.9032258064516129
0.037889039242219216,0.9032258064516129
0.037940379403794036,0.9032258064516129
0.037991858887381276,0.9032258064516129
0.03804347826086957,0.9032258064516129
0.0380952380952381,0.9032258064516129
0.03814713896457766,0.9032258064516129
0.03819918144611187,0.9032258064516129
0.03825136612021858,0.9032258064516129
0.038303693570451436,0.9032258064516129
0.038356164383561646,0.9032258064516129
0.038408779149519894,0.9032258064516129
0.038461538461538464,0.9032258064516129
0.03851444291609354,0.9032258064516129
0.03856749311294766,0.9032258064516129
0.038620689655172416,0.9032258064516129
0.03867403314917127,0.9032258064516129
0.03872752420470263,0.9032258064516129
0.038781163434903045,0.9032258064516129
0.038834951456310676,0.9032258064516129
0.03888888888888889,0.9032258064516129
0.03894297635605007,0.9032258064516129
0.03899721448467967,0.9032258064516129
0.03905160390516039,0.9032258064516129
0.03910614525139665,0.9032258064516129
0.039160839160839164,0.9032258064516129
0.0392156862745098,0.9032258064516129
0.03927068723702665,0.9032258064516129
0.03932584269662921,0.9032258064516129
0.03938115330520394,0.9032258064516129
0.03943661971830986,0.9032258064516129
0.039492242595204514,0.9032258064516129
0.03954802259887006,0.9032258064516129
0.039603960396039604,0.9032258064516129
0.039660056657223795,0.9032258064516129
0.03971631205673759,0.9032258064516129
0.03977272727272727,0.9032258064516129
0.03982930298719772,0.9032258064516129
0.039886039886039885,0.9032258064516129
0.039942938659058486,0.9032258064516129
0.04,0.9032258064516129
0.04005722460658083,0.9032258064516129
0.04011461318051576,0.9032258064516129
0.040172166427546625,0.9032258064516129
0.040229885057471264,0.9032258064516129
0.04028776978417266,0.9032258064516129
0.040345821325648415,0.9032258064516129
0.04040404040404041,0.9032258064516129
0.04046242774566474,0.9032258064516129
0.04052098408104197,0.9032258064516129
0.04057971014492753,0.9032258064516129
0.040638606676342524,0.9032258064516129
0.040697674418604654,0.9032258064516129
0.040756914119359534,0.9032258064516129
0.04081632653061224,0.9032258064516129
0.040875912408759124,0.9032258064516129
0.04093567251461988,0.9032258064516129
0.040995607613469986,0.9032258064516129
0.04105571847507331,0.9032258064516129
0.041116005873715125,0.9032258064516129
0.041176470588235294,0.9032258064516129
0.041237113402061855,0.9032258064516129
0.04129793510324484,0.9032258064516129
0.0413589364844904,0.9032258064516129
0.04142011834319527,0.9032258064516129
0.04148148148148148,0.9032258064516129
0.04154302670623145,0.9032258064516129
0.041604754829123326,0.9032258064516129
0.041666666666666664,0.9032258064516129
0.041728763040238454,0.9032258064516129
0.041791044776119404,0.9032258064516129
0.04185351270553064,0.9032258064516129
0.041916167664670656,0.9032258064516129
0.041979010494752625,0.9032258064516129
0.042042042042042045,0.9032258064516129
0.042105263157894736,0.9032258064516129
0.04216867469879518,0.9032258064516129
0.042232277526395176,0.9032258064516129
0.04229607250755287,0.9032258064516129
0.04236006051437216,0.9032258064516129
0.04242424242424243,0.9032258064516129
0.042488619119878605,0.9032258064516129
0.0425531914893617,0.9032258064516129
0.0426179604261796,0.9032258064516129
0.042682926829268296,0.9032258064516129
0.042748091603053436,0.9032258064516129
0.04281345565749235,0.9032258064516129
0.042879019908116385,0.9032258064516129
0.04294478527607362,0.9032258064516129
0.043010752688172046,0.9032258064516129
0.043076923076923075,0.9032258064516129
0.04314329738058552,0.9032258064516129
0.043209876543209874,0.9032258064516129
0.04327666151468315,0.9032258064516129
0.043343653250773995,0.9032258064516129
0.043410852713178294,0.9032258064516129
0.043478260869565216,0.9032258064516129
0.04354587869362364,0.9032258064516129
0.04361370716510903,0.9032258064516129
0.0436817472698908,0.9032258064516129
0.04375,0.9032258064516129
0.04381846635367762,0.9032258064516129
0.0438871473354232,0.9032258064516129
0.04395604395604396,0.9032258064516129
0.0440251572327044,0.9032258064516129
0.04409448818897638,0.9032258064516129
0.04416403785488959,0.9032258064516129
0.044233807266982623,0.9032258064516129
0.04430379746835443,0.9032258064516129
0.044374009508716325,0.9032258064516129
0.044444444444444446,0.9032258064516129
0.04451510333863275,0.9032258064516129
0.044585987261146494,0.9032258064516129
0.044657097288676235,0.9032258064516129
0.04472843450479233,0.9032258064516129
0.0448,0.9032258064516129
0.04487179487179487,0.9032258064516129
0.0449438202247191,0.9032258064516129
0.04501607717041801,0.9032258064516129
0.04508856682769726,0.9032258064516129
0.04516129032258064,0.9032258064516129
0.04361873990306947,0.8709677419354839
0.043689320388349516,0.8709677419354839
0.04376012965964344,0.8709677419354839
0.04383116883116883,0.8709677419354839
0.04390243902439024,0.8709677419354839
0.043973941368078175,0.8709677419354839
0.04404567699836868,0.8709677419354839
0.04411764705882353,0.8709677419354839
0.044189852700491,0.8709677419354839
0.04426229508196721,0.8709677419354839
0.04433497536945813,0.8709677419354839
0.044407894736842105,0.8709677419354839
0.044481054365733116,0.8709677419354839
0.04455445544554455,0.8709677419354839
0.04462809917355372,0.8709677419354839
0.04470198675496689,0.8709677419354839
0.04477611940298507,0.8709677419354839
0.044850498338870434,0.8709677419354839
0.04492512479201331,0.8709677419354839
0.045,0.8709677419354839
0.045075125208681135,0.8709677419354839
0.0451505016722408,0.8709677419354839
0.04522613065326633,0.8709677419354839
0.04530201342281879,0.8709677419354839
0.0453781512605042,0.8709677419354839
0.045454545454545456,0.8709677419354839
0.045531197301854974,0.8709677419354839
0.04560810810810811,0.8709677419354839
0.04568527918781726,0.8709677419354839
0.04576271186440678,0.8709677419354839
0.04584040747028863,0.8709677419354839
0.04591836734693878,0.8709677419354839
0.04599659284497445,0.8709677419354839
0.04607508532423208,0.8709677419354839
0.046153846153846156,0.8709677419354839
0.046232876712328765,0.8709677419354839
0.04631217838765009,0.8709677419354839
0.04639175257731959,0.8709677419354839
0.04647160068846816,0.8709677419354839
0.04655172413793104,0.8709677419354839
0.046632124352331605,0.8709677419354839
0.04671280276816609,0.8709677419354839
0.04679376083188908,0.8709677419354839
0.046875,0.8709677419354839
0.04695652173913043,0.8709677419354839
0.047038327526132406,0.8709677419354839
0.04712041884816754,0.8709677419354839
0.0472027972027972,0.8709677419354839
0.047285464098073555,0.8709677419354839
0.04736842105263158,0.8709677419354839
0.04745166959578207,0.8709677419354839
0.04753521126760563,0.8709677419354839
0.047619047619047616,0.8709677419354839
0.04770318021201413,0.8709677419354839
0.047787610619469026,0.8709677419354839
0.047872340425531915,0.8709677419354839
0.047957371225577264,0.8709677419354839
0.04804270462633452,0.8709677419354839
0.0481283422459893,0.8709677419354839
0.048214285714285716,0.8709677419354839
0.04830053667262969,0.8709677419354839
0.04838709677419355,0.8709677419354839
0.04847396768402154,0.8709677419354839
0.048561151079136694,0.8709677419354839
0.04864864864864865,0.8709677419354839
0.048736462093862815,0.8709677419354839
0.048824593128390596,0.8709677419354839
0.04891304347826087,0.8709677419354839
0.04900181488203267,0.8709677419354839
0.04909090909090909,0.8709677419354839
0.04918032786885246,0.8709677419354839
0.04927007299270073,0.8709677419354839
0.04936014625228519,0.8709677419354839
0.04945054945054945,0.8709677419354839
0.04954128440366973,0.8709677419354839
0.04963235294117647,0.8709677419354839
0.049723756906077346,0.8709677419354839
0.04981549815498155,0.8709677419354839
0.04990757855822551,0.8709677419354839
0.05,0.8709677419354839
0.05009276437847866,0.8709677419354839
0.05018587360594796,0.8709677419354839
0.05027932960893855,0.8709677419354839
0.05037313432835821,0.8709677419354839
0.05046728971962617,0.8709677419354839
0.05056179775280899,0.8709677419354839
0.05065666041275797,0.8709677419354839
0.05075187969924812,0.8709677419354839
0.05084745762711865,0.8709677419354839
0.0509433962264151,0.8709677419354839
0.05103969754253308,0.8709677419354839
0.05113636363636364,0.8709677419354839
0.051233396584440226,0.8709677419354839
0.051330798479087454,0.8709677419354839
0.05142857142857143,0.8709677419354839
0.05152671755725191,0.8709677419354839
0.05162523900573614,0.8709677419354839
0.05172413793103448,0.8709677419354839
0.05182341650671785,0.8709677419354839
0.051923076923076926,0.8709677419354839
0.05202312138728324,0.8709677419354839
0.052123552123552123,0.8709677419354839
0.05222437137330754,0.8709677419354839
0.05232558139534884,0.8709677419354839
0.05242718446601942,0.8709677419354839
0.05252918287937743,0.8709677419354839
0.05263157894736842,0.8709677419354839
0.052734375,0.8709677419354839
0.05283757338551859,0.8709677419354839
0.052941176470588235,0.8709677419354839
0.05304518664047151,0.8709677419354839
0.0531496062992126,0.8709677419354839
0.05325443786982249,0.8709677419354839
0.0533596837944664,0.8709677419354839
0.053465346534653464,0.8709677419354839
0.05357142857142857,0.8709677419354839
0.0536779324055666,0.8709677419354839
0.053784860557768925,0.8709677419354839
0.05389221556886228,0.8709677419354839
0.054,0.8709677419354839
0.05410821643286573,0.8709677419354839
0.05421686746987952,0.8709677419354839
0.05432595573440644,0.8709677419354839
0.05443548387096774,0.8709677419354839
0.05454545454545454,0.8709677419354839
0.05465587044534413,0.8709677419354839
0.05476673427991886,0.8709677419354839
0.054878048780487805,0.8709677419354839
0.054989816700611,0.8709677419354839
0.05510204081632653,0.8709677419354839
0.05521472392638037,0.8709677419354839
0.055327868852459015,0.8709677419354839
0.055441478439425054,0.8709677419354839
0.05555555555555555,0.8709677419354839
0.05567010309278351,0.8709677419354839
0.05578512396694215,0.8709677419354839
0.055900621118012424,0.8709677419354839
0.056016597510373446,0.8709677419354839
0.056133056133056136,0.8709677419354839
0.05625,0.8709677419354839
0.05636743215031315,0.8709677419354839
0.056485355648535567,0.8709677419354839
0.05660377358490566,0.8709677419354839
0.05672268907563025,0.8709677419354839
0.056842105263157895,0.8709677419354839
0.056962025316455694,0.8709677419354839
0.05708245243128964,0.8709677419354839
0.057203389830508475,0.8709677419354839
0.05732484076433121,0.8709677419354839
0.0574468085106383,0.8709677419354839
0.057569296375266525,0.8709677419354839
0.057692307692307696,0.8709677419354839
0.057815845824411134,0.8709677419354839
0.05793991416309013,0.8709677419354839
0.05806451612903226,0.8709677419354839
0.05818965517241379,0.8709677419354839
0.058315334773218146,0.8709677419354839
0.05844155844155844,0.8709677419354839
0.05856832971800434,0.8709677419354839
0.058695652173913045,0.8709677419354839
0.058823529411764705,0.8709677419354839
0.05895196506550218,0.8709677419354839
0.05908096280087528,0.8709677419354839
0.05921052631578947,0.8709677419354839
0.05934065934065934,0.8709677419354839
0.05947136563876652,0.8709677419354839
0.059602649006622516,0.8709677419354839
0.059734513274336286,0.8709677419354839
0.0598669623059867,0.8709677419354839
0.06,0.8709677419354839
0.060133630289532294,0.8709677419354839
0.060267857142857144,0.8709677419354839
0.06040268456375839,0.8709677419354839
0.06053811659192825,0.8709677419354839
0.060674157303370786,0.8709677419354839
0.060810810810810814,0.8709677419354839
0.060948081264108354,0.8709677419354839
0.06108597285067873,0.8709677419354839
0.061224489795918366,0.8709677419354839
0.06136363636363636,0.8709677419354839
0.06150341685649203,0.8709677419354839
0.06164383561643835,0.8709677419354839
0.06178489702517163,0.8709677419354839
0.06192660550458716,0.8709677419354839
0.06206896551724138,0.8709677419354839
0.06221198156682028,0.8709677419354839
0.06235565819861432,0.8709677419354839
0.0625,0.8709677419354839
0.06264501160092807,0.8709677419354839
0.06279069767441861,0.8709677419354839
0.06293706293706294,0.8709677419354839
0.0630841121495327,0.8709677419354839
0.06323185011709602,0.8709677419354839
0.06338028169014084,0.8709677419354839
0.06352941176470588,0.8709677419354839
0.06367924528301887,0.8709677419354839
0.06382978723404255,0.8709677419354839
0.06398104265402843,0.8709677419354839
0.06413301662707839,0.8709677419354839
0.06428571428571428,0.8709677419354839
0.06443914081145585,0.8709677419354839
0.0645933014354067,0.8709677419354839
0.06474820143884892,0.8709677419354839
0.06490384615384616,0.8709677419354839
0.06506024096385542,0.8709677419354839
0.06521739130434782,0.8709677419354839
0.06537530266343826,0.8709677419354839
0.06553398058252427,0.8709677419354839
0.06569343065693431,0.8709677419354839
0.06585365853658537,0.8709677419354839
0.06601466992665037,0.8709677419354839
0.0661764705882353,0.8709677419354839
0.06633906633906633,0.8709677419354839
0.0665024630541872,0.8709677419354839
0.06666666666666667,0.8709677419354839
0.06683168316831684,0.8709677419354839
0.06699751861042183,0.8709677419354839
0.06716417910447761,0.8709677419354839
0.06733167082294264,0.8709677419354839
0.0675,0.8709677419354839
0.06766917293233082,0.8709677419354839
0.06532663316582915,0.8387096774193549
0.0654911838790932,0.8387096774193549
0.06565656565656566,0.8387096774193549
0.06582278481012659,0.8387096774193549
0.06598984771573604,0.8387096774193549
0.06615776081424936,0.8387096774193549
0.0663265306122449,0.8387096774193549
0.06649616368286446,0.8387096774193549
0.06666666666666667,0.8387096774193549
0.06683804627249357,0.8387096774193549
0.06701030927835051,0.8387096774193549
0.06718346253229975,0.8387096774193549
0.06476683937823834,0.8064516129032258
0.06493506493506493,0.8064516129032258
0.06510416666666667,0.8064516129032258
0.06527415143603134,0.8064516129032258
0.06544502617801047,0.8064516129032258
0.06561679790026247,0.8064516129032258
0.06578947368421052,0.8064516129032258
0.06596306068601583,0.8064516129032258
0.06613756613756613,0.8064516129032258
0.06631299734748011,0.8064516129032258
0.06648936170212766,0.8064516129032258
0.06666666666666667,0.8064516129032258
0.06684491978609626,0.8064516129032258
0.06702412868632708,0.8064516129032258
0.06720430107526881,0.8064516129032258
0.0673854447439353,0.8064516129032258
0.06756756756756757,0.8064516129032258
0.06775067750677506,0.8064516129032258
0.06793478260869565,0.8064516129032258
0.0681198910081744,0.8064516129032258
0.06830601092896176,0.8064516129032258
0.0684931506849315,0.8064516129032258
0.06868131868131869,0.8064516129032258
0.06887052341597796,0.8064516129032258
0.06906077348066299,0.8064516129032258
0.06925207756232687,0.8064516129032258
0.06944444444444445,0.8064516129032258
0.06963788300835655,0.8064516129032258
0.06983240223463687,0.8064516129032258
0.0700280112044818,0.8064516129032258
0.0702247191011236,0.8064516129032258
0.07042253521126761,0.8064516129032258
0.07062146892655367,0.8064516129032258
0.0708215297450425,0.8064516129032258
0.07102272727272728,0.8064516129032258
0.07122507122507123,0.8064516129032258
0.07142857142857142,0.8064516129032258
0.07163323782234957,0.8064516129032258
0.07183908045977011,0.8064516129032258
0.07204610951008646,0.8064516129032258
0.07225433526011561,0.8064516129032258
0.07246376811594203,0.8064516129032258
0.07267441860465117,0.8064516129032258
0.0728862973760933,0.8064516129032258
0.07309941520467836,0.8064516129032258
0.07331378299120235,0.8064516129032258
0.07352941176470588,0.8064516129032258
0.07374631268436578,0.8064516129032258
0.07396449704142012,0.8064516129032258
0.07418397626112759,0.8064516129032258
0.0744047619047619,0.8064516129032258
0.07462686567164178,0.8064516129032258
0.0748502994011976,0.8064516129032258
0.07507507507507508,0.8064516129032258
0.07530120481927711,0.8064516129032258
0.0755287009063444,0.8064516129032258
0.07575757575757576,0.8064516129032258
0.07598784194528875,0.8064516129032258
0.07621951219512195,0.8064516129032258
0.0764525993883792,0.8064516129032258
0.07668711656441718,0.8064516129032258
0.07692307692307693,0.8064516129032258
0.07716049382716049,0.8064516129032258
0.07739938080495357,0.8064516129032258
0.07763975155279502,0.8064516129032258
0.0778816199376947,0.8064516129032258
0.078125,0.8064516129032258
0.07836990595611286,0.8064516129032258
0.07861635220125786,0.8064516129032258
0.07886435331230283,0.8064516129032258
0.07911392405063292,0.8064516129032258
0.07936507936507936,0.8064516129032258
0.07961783439490445,0.8064516129032258
0.07987220447284345,0.8064516129032258
0.08012820512820513,0.8064516129032258
0.08038585209003216,0.8064516129032258
0.08064516129032258,0.8064516129032258
0.08090614886731391,0.8064516129032258
0.08116883116883117,0.8064516129032258
0.08143322475570032,0.8064516129032258
0.08169934640522876,0.8064516129032258
0.08196721311475409,0.8064516129032258
0.08223684210526316,0.8064516129032258
0.08250825082508251,0.8064516129032258
0.08278145695364239,0.8064516129032258
0.08305647840531562,0.8064516129032258
0.08333333333333333,0.8064516129032258
0.08361204013377926,0.8064516129032258
0.08389261744966443,0.8064516129032258
0.08417508417508418,0.8064516129032258
0.08445945945945946,0.8064516129032258
0.0847457627118644,0.8064516129032258
0.08503401360544217,0.8064516129032258
0.08532423208191127,0.8064516129032258
0.08561643835616438,0.8064516129032258
0.0859106529209622,0.8064516129032258
0.08620689655172414,0.8064516129032258
0.08650519031141868,0.8064516129032258
0.08680555555555555,0.8064516129032258
0.08710801393728224,0.8064516129032258
0.08741258741258741,0.8064516129032258
0.08771929824561403,0.8064516129032258
0.0880281690140845,0.8064516129032258
0.08833922261484099,0.8064516129032258
0.08865248226950355,0.8064516129032258
0.08896797153024912,0.8064516129032258
0.08928571428571429,0.8064516129032258
0.08960573476702509,0.8064516129032258
0.08992805755395683,0.8064516129032258
0.09025270758122744,0.8064516129032258
0.09057971014492754,0.8064516129032258
0.09090909090909091,0.8064516129032258
0.09124087591240876,0.8064516129032258
0.09157509157509157,0.8064516129032258
0.09191176470588236,0.8064516129032258
0.09225092250922509,0.8064516129032258
0.09259259259259259,0.8064516129032258
0.09293680297397769,0.8064516129032258
0.09328358208955224,0.8064516129032258
0.09363295880149813,0.8064516129032258
0.09398496240601503,0.8064516129032258
0.09433962264150944,0.8064516129032258
0.0946969696969697,0.8064516129032258
0.09505703422053231,0.8064516129032258
0.09541984732824428,0.8064516129032258
0.09578544061302682,0.8064516129032258
0.09615384615384616,0.8064516129032258
0.09652509652509653,0.8064516129032258
0.09689922480620156,0.8064516129032258
0.09727626459143969,0.8064516129032258
0.09765625,0.8064516129032258
0.09803921568627451,0.8064516129032258
0.0984251968503937,0.8064516129032258
0.09881422924901186,0.8064516129032258
0.0992063492063492,0.8064516129032258
0.099601593625498,0.8064516129032258
0.1,0.8064516129032258
0.10040160642570281,0.8064516129032258
0.10080645161290322,0.8064516129032258
0.10121457489878542,0.8064516129032258
0.1016260162601626,0.8064516129032258
0.10204081632653061,0.8064516129032258
0.10245901639344263,0.8064516129032258
0.102880658436214,0.8064516129032258
0.10330578512396695,0.8064516129032258
0.1037344398340249,0.8064516129032258
0.10416666666666667,0.8064516129032258
0.10460251046025104,0.8064516129032258
0.10504201680672269,0.8064516129032258
0.10548523206751055,0.8064516129032258
0.1059322033898305,0.8064516129032258
0.10638297872340426,0.8064516129032258
0.10683760683760683,0.8064516129032258
0.1072961373390558,0.8064516129032258
0.10775862068965517,0.8064516129032258
0.10822510822510822,0.8064516129032258
0.10869565217391304,0.8064516129032258
0.1091703056768559,0.8064516129032258
0.10964912280701754,0.8064516129032258
0.11013215859030837,0.8064516129032258
0.11061946902654868,0.8064516129032258
0.1111111111111111,0.8064516129032258
0.11160714285714286,0.8064516129032258
0.11210762331838565,0.8064516129032258
0.11261261261261261,0.8064516129032258
0.11312217194570136,0.8064516129032258
0.11363636363636363,0.8064516129032258
0.1141552511415525,0.8064516129032258
0.11467889908256881,0.8064516129032258
0.1152073732718894,0.8064516129032258
0.11574074074074074,0.8064516129032258
0.11627906976744186,0.8064516129032258
0.11682242990654206,0.8064516129032258
0.11737089201877934,0.8064516129032258
0.1179245283018868,0.8064516129032258
0.11848341232227488,0.8064516129032258
0.11904761904761904,0.8064516129032258
0.11961722488038277,0.8064516129032258
0.1201923076923077,0.8064516129032258
0.12077294685990338,0.8064516129032258
0.12135922330097088,0.8064516129032258
0.12195121951219512,0.8064516129032258
0.12254901960784313,0.8064516129032258
0.12315270935960591,0.8064516129032258
0.12376237623762376,0.8064516129032258
0.12437810945273632,0.8064516129032258
0.125,0.8064516129032258
0.12562814070351758,0.8064516129032258
0.12626262626262627,0.8064516129032258
0.12690355329949238,0.8064516129032258
0.12755102040816327,0.8064516129032258
0.1282051282051282,0.8064516129032258
0.12886597938144329,0.8064516129032258
0.12953367875647667,0.8064516129032258
0.13020833333333334,0.8064516129032258
0.13089005235602094,0.8064516129032258
0.13157894736842105,0.8064516129032258
0.13227513227513227,0.8064516129032258
0.13297872340425532,0.8064516129032258
0.13368983957219252,0.8064516129032258
0.13440860215053763,0.8064516129032258
0.13513513513513514,0.8064516129032258
0.1358695652173913,0.8064516129032258
0.1366120218579235,0.8064516129032258
0.13736263736263737,0.8064516129032258
0.13812154696132597,0.8064516129032258
0.1388888888888889,0.8064516129032258
0.13966480446927373,0.8064516129032258
0.1404494382022472,0.8064516129032258
0.14124293785310735,0.8064516129032258
0.14204545454545456,0.8064516129032258
0.14285714285714285,0.8064516129032258
0.14367816091954022,0.8064516129032258
0.14450867052023122,0.8064516129032258
0.14534883720930233,0.8064516129032258
0.14619883040935672,0.8064516129032258
0.14705882352941177,0.8064516129032258
0.14792899408284024,0.8064516129032258
0.1488095238095238,0.8064516129032258
0.1497005988023952,0.8064516129032258
0.15060240963855423,0.8064516129032258
0.15151515151515152,0.8064516129032258
0.1524390243902439,0.8064516129032258
0.15337423312883436,0.8064516129032258
0.15432098765432098,0.8064516129032258
0.15527950310559005,0.8064516129032258
0.15625,0.8064516129032258
0.15723270440251572,0.8064516129032258
0.15822784810126583,0.8064516129032258
0.1592356687898089,0.8064516129032258
0.16025641025641027,0.8064516129032258
0.16129032258064516,0.8064516129032258
0.16233766233766234,0.8064516129032258
0.16339869281045752,0.8064516129032258
0.16447368421052633,0.8064516129032258
0.16556291390728478,0.8064516129032258
0.16666666666666666,0.8064516129032258
0.16778523489932887,0.8064516129032258
0.16891891891891891,0.8064516129032258
0.17006802721088435,0.8064516129032258
0.17123287671232876,0.8064516129032258
0.1724137931034483,0.8064516129032258
0.1736111111111111,0.8064516129032258
0.17482517482517482,0.8064516129032258
0.176056338028169,0.8064516129032258
0.1773049645390071,0.8064516129032258
0.17857142857142858,0.8064516129032258
0.17985611510791366,0.8064516129032258
0.18115942028985507,0.8064516129032258
0.18248175182481752,0.8064516129032258
0.18382352941176472,0.8064516129032258
0.18518518518518517,0.8064516129032258
0.1865671641791045,0.8064516129032258
0.18796992481203006,0.8064516129032258
0.1893939393939394,0.8064516129032258
0.19083969465648856,0.8064516129032258
0.19230769230769232,0.8064516129032258
0.1937984496124031,0.8064516129032258
0.1953125,0.8064516129032258
0.1968503937007874,0.8064516129032258
0.1984126984126984,0.8064516129032258
0.2,0.8064516129032258
0.20161290322580644,0.8064516129032258
0.2032520325203252,0.8064516129032258
0.20491803278688525,0.8064516129032258
0.2066115702479339,0.8064516129032258
0.20833333333333334,0.8064516129032258
0.21008403361344538,0.8064516129032258
0.211864406779661,0.8064516129032258
0.21367521367521367,0.8064516129032258
0.21551724137931033,0.8064516129032258
0.21739130434782608,0.8064516129032258
0.21052631578947367,0.7741935483870968
0.21238938053097345,0.7741935483870968
0.21428571428571427,0.7741935483870968
0.21621621621621623,0.7741935483870968
0.21818181818181817,0.7741935483870968
0.22018348623853212,0.7741935483870968
0.2222222222222222,0.7741935483870968
0.22429906542056074,0.7741935483870968
0.22641509433962265,0.7741935483870968
0.22857142857142856,0.7741935483870968
0.23076923076923078,0.7741935483870968
0.23300970873786409,0.7741935483870968
0.23529411764705882,0.7741935483870968
0.2376237623762376,0.7741935483870968
0.24,0.7741935483870968
0.24242424242424243,0.7741935483870968
0.24489795918367346,0.7741935483870968
0.24742268041237114,0.7741935483870968
0.25,0.7741935483870968
0.25263157894736843,0.7741935483870968
0.2553191489361702,0.7741935483870968
0.25806451612903225,0.7741935483870968
0.2608695652173913,0.7741935483870968
0.26373626373626374,0.7741935483870968
0.26666666666666666,0.7741935483870968
0.2696629213483146,0.7741935483870968
0.2727272727272727,0.7741935483870968
0.27586206896551724,0.7741935483870968
0.27906976744186046,0.7741935483870968
0.2823529411764706,0.7741935483870968
0.2857142857142857,0.7741935483870968
0.2891566265060241,0.7741935483870968
0.2926829268292683,0.7741935483870968
0.2962962962962963,0.7741935483870968
0.3,0.7741935483870968
0.3037974683544304,0.7741935483870968
0.3076923076923077,0.7741935483870968
0.3116883116883117,0.7741935483870968
0.3157894736842105,0.7741935483870968
0.32,0.7741935483870968
0.32432432432432434,0.7741935483870968
0.3287671232876712,0.7741935483870968
0.3333333333333333,0.7741935483870968
0.3380281690140845,0.7741935483870968
0.34285714285714286,0.7741935483870968
0.34782608695652173,0.7741935483870968
0.35294117647058826,0.7741935483870968
0.3582089552238806,0.7741935483870968
0.3484848484848485,0.7419354838709677
0.35384615384615387,0.7419354838709677
0.359375,0.7419354838709677
0.36507936507936506,0.7419354838709677
0.3709677419354839,0.7419354838709677
0.3770491803278688,0.7419354838709677
0.38333333333333336,0.7419354838709677
0.3898305084745763,0.7419354838709677
0.39655172413793105,0.7419354838709677
0.40350877192982454,0.7419354838709677
0.4107142857142857,0.7419354838709677
0.41818181818181815,0.7419354838709677
0.42592592592592593,0.7419354838709677
0.4339622641509434,0.7419354838709677
0.4423076923076923,0.7419354838709677
0.43137254901960786,0.7096774193548387
0.44,0.7096774193548387
0.4489795918367347,0.7096774193548387
0.4583333333333333,0.7096774193548387
0.46808510638297873,0.7096774193548387
0.4782608695652174,0.7096774193548387
0.4666666666666667,0.6774193548387096
0.4772727272727273,0.6774193548387096
0.4883720930232558,0.6774193548387096
0.5,0.6774193548387096
0.5121951219512195,0.6774193548387096
0.525,0.6774193548387096
0.5384615384615384,0.6774193548387096
0.5526315789473685,0.6774193548387096
0.5405405405405406,0.6451612903225806
0.5555555555555556,0.6451612903225806
0.5714285714285714,0.6451612903225806
0.5882352941176471,0.6451612903225806
0.6060606060606061,0.6451612903225806
0.625,0.6451612903225806
0.6451612903225806,0.6451612903225806
0.6666666666666666,0.6451612903225806
0.6896551724137931,0.6451612903225806
0.7142857142857143,0.6451612903225806
0.7407407407407407,0.6451612903225806
0.7307692307692307,0.6129032258064516
0.72,0.5806451612903226
0.75,0.5806451612903226
0.782608695652174,0.5806451612903226
0.8181818181818182,0.5806451612903226
0.8571428571428571,0.5806451612903226
0.85,0.5483870967741935
0.8947368421052632,0.5483870967741935
0.9444444444444444,0.5483870967741935
0.9411764705882353,0.5161290322580645
0.9375,0.4838709677419355
1.0,0.4838709677419355
1.0,0.45161290322580644
1.0,0.41935483870967744
1.0,0.3870967741935484
1.0,0.3548387096774194
1.0,0.3225806451612903
1.0,0.2903225806451613
1.0,0.25806451612903225
1.0,0.22580645161290322
1.0,0.1935483870967742
1.0,0.16129032258064516
1.0,0.12903225806451613
1.0,0.0967741935483871
1.0,0.06451612903225806
1.0,0.03225806451612903
1.0,0.0
