Precision,Recall
0.01612064482579303,1.0
0.015608740894901144,0.967741935483871
0.015616866215512754,0.967741935483871
0.015625,0.967741935483871
0.015633142261594582,0.967741935483871
0.01564129301355579,0.967741935483871
0.01564945226917058,0.967741935483871
0.015657620041753653,0.967741935483871
0.015665796344647518,0.967741935483871
0.01567398119122257,0.967741935483871
0.015682174594877155,0.967741935483871
0.015690376569037656,0.967741935483871
0.015698587127158554,0.967741935483871
0.015706806282722512,0.967741935483871
0.01571503404924044,0.967741935483871
0.015723270440251572,0.967741935483871
0.015731515469323543,0.967741935483871
0.015739769150052464,0.967741935483871
0.015748031496062992,0.967741935483871
0.015756302521008403,0.967741935483871
0.015764582238570676,0.967741935483871
0.015772870662460567,0.967741935483871
0.015781167806417674,0.967741935483871
0.015789473684210527,0.967741935483871
0.01579778830963665,0.967741935483871
0.015806111696522657,0.967741935483871
0.0158144438587243,0.967741935483871
0.015822784810126583,0.967741935483871
0.0158311345646438,0.967741935483871
0.01583949313621964,0.967741935483871
0.01584786053882726,0.967741935483871
0.015856236786469344,0.967741935483871
0.015864621893178214,0.967741935483871
0.015873015873015872,0.967741935483871
0.015881418740074114,0.967741935483871
0.015889830508474576,0.967741935483871
0.01589825119236884,0.967741935483871
0.015906680805938492,0.967741935483871
0.015915119363395226,0.967741935483871
0.01592356687898089,0.967741935483871
0.015932023366967606,0.967741935483871
0.015940488841657812,0.967741935483871
0.01594896331738437,0.967741935483871
0.015957446808510637,0.967741935483871
0.015965939329430547,0.967741935483871
0.01597444089456869,0.967741935483871
0.015982951518380393,0.967741935483871
0.015991471215351813,0.967741935483871
0.016,0.967741935483871
0.016008537886873,0.967741935483871
0.01601708489054992,0.967741935483871
0.016025641025641024,0.967741935483871
0.016034206306787813,0.967741935483871
0.016042780748663103,0.967741935483871
0.016051364365971106,0.967741935483871
0.016059957173447537,0.967741935483871
0.016068559185859668,0.967741935483871
0.01607717041800643,0.967741935483871
0.0160857908847185,0.967741935483871
0.016094420600858368,0.967741935483871
0.01610305958132045,0.967741935483871
0.01611170784103115,0.967741935483871
0.016120365394948953,0.967741935483871
0.016129032258064516,0.967741935483871
0.01613770844540075,0.967741935483871
0.016146393972012917,0.967741935483871
0.01615508885298869,0.967741935483871
0.016163793103448277,0.967741935483871
0.016172506738544475,0.967741935483871
0.016181229773462782,0.967741935483871
0.016189962223421478,0.967741935483871
0.016198704103671708,0.967741935483871
0.01620745542949757,0.967741935483871
0.016216216216216217,0.967741935483871
0.016224986479177934,0.967741935483871
0.016233766233766232,0.967741935483871
0.016242555495397944,0.967741935483871
0.016251354279523293,0.967741935483871
0.016260162601626018,0.967741935483871
0.016268980477223426,0.967741935483871
0.016277807921866522,0.967741935483871
0.016286644951140065,0.967741935483871
0.016295491580662683,0.967741935483871
0.016304347826086956,0.967741935483871
0.01631321370309951,0.967741935483871
0.01632208922742111,0.967741935483871
0.01633097441480675,0.967741935483871
0.016339869281045753,0.967741935483871
0.01634877384196185,0.967741935483871
0.016357688113413305,0.967741935483871
0.016366612111292964,0.967741935483871
0.016375545851528384,0.967741935483871
0.016384489350081924,0.967741935483871
0.01639344262295082,0.967741935483871
0.016402405686167305,0.967741935483871
0.016411378555798686,0.967741935483871
0.016420361247947456,0.967741935483871
0.01642935377875137,0.967741935483871
0.01643835616438356,0.967741935483871
0.01644736842105263,0.967741935483871
0.016456390565002744,0.967741935483871
0.01646542261251372,0.967741935483871
0.016474464579901153,0.967741935483871
0.016483516483516484,0.967741935483871
0.016492578339747113,0.967741935483871
0.0165016501650165,0.967741935483871
0.01651073197578426,0.967741935483871
0.016519823788546256,0.967741935483871
0.01652892561983471,0.967741935483871
0.016538037486218304,0.967741935483871
0.01654715940430226,0.967741935483871
0.016556291390728478,0.967741935483871
0.016565433462175594,0.967741935483871
0.016574585635359115,0.967741935483871
0.01658374792703151,0.967741935483871
0.016592920353982302,0.967741935483871
0.016602102933038185,0.967741935483871
0.016611295681063124,0.967741935483871
0.01662049861495845,0.967741935483871
0.01662971175166297,0.967741935483871
0.016638935108153077,0.967741935483871
0.016648168701442843,0.967741935483871
0.01665741254858412,0.967741935483871
0.016666666666666666,0.967741935483871
0.016675931072818232,0.967741935483871
0.01668520578420467,0.967741935483871
0.01669449081803005,0.967741935483871
0.01670378619153675,0.967741935483871
0.016713091922005572,0.967741935483871
0.016722408026755852,0.967741935483871
0.016731734523145567,0.967741935483871
0.016741071428571428,0.967741935483871
0.01675041876046901,0.967741935483871
0.01675977653631285,0.967741935483871
0.016769144773616546,0.967741935483871
0.016778523489932886,0.967741935483871
0.016787912702853944,0.967741935483871
0.0167973124300112,0.967741935483871
0.01680672268907563,0.967741935483871
0.016816143497757848,0.967741935483871
0.01682557487380819,0.967741935483871
0.016835016835016835,0.967741935483871
0.016844469399213923,0.967741935483871
0.016853932584269662,0.967741935483871
0.016863406408094434,0.967741935483871
0.01687289088863892,0.967741935483871
0.016882386043894203,0.967741935483871
0.016891891891891893,0.967741935483871
0.016901408450704224,0.967741935483871
0.016910935738444193,0.967741935483871
0.01692047377326565,0.967741935483871
0.016930022573363433,0.967741935483871
0.01693958215697346,0.967741935483871
0.01694915254237288,0.967741935483871
0.016958733747880157,0.967741935483871
0.016968325791855202,0.967741935483871
0.01697792869269949,0.967741935483871
0.01698754246885617,0.967741935483871
0.0169971671388102,0.967741935483871
0.017006802721088437,0.967741935483871
0.017016449234259785,0.967741935483871
0.0170261066969353,0.967741935483871
0.017035775127768313,0.967741935483871
0.017045454545454544,0.967741935483871
0.017055144968732235,0.967741935483871
0.017064846416382253,0.967741935483871
0.01707455890722823,0.967741935483871
0.017084282460136675,0.967741935483871
0.017094017094017096,0.967741935483871
0.01710376282782212,0.967741935483871
0.017113519680547633,0.967741935483871
0.017123287671232876,0.967741935483871
0.017133066818960593,0.967741935483871
0.017142857142857144,0.967741935483871
0.017152658662092625,0.967741935483871
0.017162471395881007,0.967741935483871
0.017172295363480253,0.967741935483871
0.01718213058419244,0.967741935483871
0.017191977077363897,0.967741935483871
0.017201834862385322,0.967741935483871
0.01721170395869191,0.967741935483871
0.01722158438576349,0.967741935483871
0.01723147616312464,0.967741935483871
0.017241379310344827,0.967741935483871
0.017251293847038527,0.967741935483871
0.01726121979286536,0.967741935483871
0.017271157167530225,0.967741935483871
0.01728110599078341,0.967741935483871
0.01729106628242075,0.967741935483871
0.01730103806228374,0.967741935483871
0.017311021350259664,0.967741935483871
0.017321016166281754,0.967741935483871
0.01733102253032929,0.967741935483871
0.017341040462427744,0.967741935483871
0.01735106998264893,0.967741935483871
0.017361111111111112,0.967741935483871
0.017371163867979156,0.967741935483871
0.01738122827346466,0.967741935483871
0.017391304347826087,0.967741935483871
0.01740139211136891,0.967741935483871
0.017411491584445733,0.967741935483871
0.017421602787456445,0.967741935483871
0.017431725740848343,0.967741935483871
0.01744186046511628,0.967741935483871
0.017452006980802792,0.967741935483871
0.017462165308498253,0.967741935483871
0.017472335468841003,0.967741935483871
0.017482517482517484,0.967741935483871
0.01749271137026239,0.967741935483871
0.01750291715285881,0.967741935483871
0.017513134851138354,0.967741935483871
0.017523364485981307,0.967741935483871
0.017533606078316773,0.967741935483871
0.017543859649122806,0.967741935483871
0.017554125219426564,0.967741935483871
0.01756440281030445,0.967741935483871
0.01757469244288225,0.967741935483871
0.017584994138335287,0.967741935483871
0.017595307917888565,0.967741935483871
0.017605633802816902,0.967741935483871
0.017615971814445096,0.967741935483871
0.01762632197414806,0.967741935483871
0.01763668430335097,0.967741935483871
0.01764705882352941,0.967741935483871
0.017657445556209534,0.967741935483871
0.0176678445229682,0.967741935483871
0.01767825574543312,0.967741935483871
0.01768867924528302,0.967741935483871
0.017699115044247787,0.967741935483871
0.01770956316410862,0.967741935483871
0.01772002362669817,0.967741935483871
0.01773049645390071,0.967741935483871
0.017740981667652277,0.967741935483871
0.01775147928994083,0.967741935483871
0.017761989342806393,0.967741935483871
0.017772511848341232,0.967741935483871
0.01778304682868998,0.967741935483871
0.017793594306049824,0.967741935483871
0.017804154302670624,0.967741935483871
0.017814726840855107,0.967741935483871
0.017825311942959002,0.967741935483871
0.0178359096313912,0.967741935483871
0.01784651992861392,0.967741935483871
0.017857142857142856,0.967741935483871
0.01786777843954735,0.967741935483871
0.017878426698450536,0.967741935483871
0.017889087656529516,0.967741935483871
0.017899761336515514,0.967741935483871
0.01791044776119403,0.967741935483871
0.017921146953405017,0.967741935483871
0.017931858936043037,0.967741935483871
0.017942583732057416,0.967741935483871
0.017953321364452424,0.967741935483871
0.017964071856287425,0.967741935483871
0.017974835230677052,0.967741935483871
0.017985611510791366,0.967741935483871
0.017996400719856028,0.967741935483871
0.01800720288115246,0.967741935483871
0.018018018018018018,0.967741935483871
0.018028846153846152,0.967741935483871
0.01803968731208659,0.967741935483871
0.018050541516245487,0.967741935483871
0.018061408789885613,0.967741935483871
0.018072289156626505,0.967741935483871
0.018083182640144666,0.967741935483871
0.018094089264173704,0.967741935483871
0.018105009052504527,0.967741935483871
0.018115942028985508,0.967741935483871
0.01812688821752266,0.967741935483871
0.018137847642079808,0.967741935483871
0.018148820326678767,0.967741935483871
0.018159806295399514,0.967741935483871
0.018170805572380374,0.967741935483871
0.01818181818181818,0.967741935483871
0.018192844147968467,0.967741935483871
0.01820388349514563,0.967741935483871
0.018214936247723135,0.967741935483871
0.018226002430133656,0.967741935483871
0.0182370820668693,0.967741935483871
0.01824817518248175,0.967741935483871
0.018259281801582473,0.967741935483871
0.018270401948842874,0.967741935483871
0.018281535648994516,0.967741935483871
0.018292682926829267,0.967741935483871
0.018303843807199512,0.967741935483871
0.018315018315018316,0.967741935483871
0.01832620647525962,0.967741935483871
0.018337408312958436,0.967741935483871
0.01834862385321101,0.967741935483871
0.01835985312117503,0.967741935483871
0.01837109614206981,0.967741935483871
0.01838235294117647,0.967741935483871
0.018393623543838136,0.967741935483871
0.018404907975460124,0.967741935483871
0.01841620626151013,0.967741935483871
0.018427518427518427,0.967741935483871
0.01843884449907806,0.967741935483871
0.01845018450184502,0.967741935483871
0.018461538461538463,0.967741935483871
0.01847290640394089,0.967741935483871
0.018484288354898338,0.967741935483871
0.018495684340320593,0.967741935483871
0.01850709438618137,0.967741935483871
0.018518518518518517,0.967741935483871
0.01852995676343422,0.967741935483871
0.018541409147095178,0.967741935483871
0.01855287569573284,0.967741935483871
0.018564356435643563,0.967741935483871
0.018575851393188854,0.967741935483871
0.01858736059479554,0.967741935483871
0.018598884066955982,0.967741935483871
0.018610421836228287,0.967741935483871
0.0186219739292365,0.967741935483871
0.018633540372670808,0.967741935483871
0.018645121193287758,0.967741935483871
0.018656716417910446,0.967741935483871
0.018668326073428748,0.967741935483871
0.0186799501867995,0.967741935483871
0.018691588785046728,0.967741935483871
0.018703241895261846,0.967741935483871
0.018714909544603867,0.967741935483871
0.018726591760299626,0.967741935483871
0.018738288569643973,0.967741935483871
0.01875,0.967741935483871
0.01876172607879925,0.967741935483871
0.01877346683354193,0.967741935483871
0.01878522229179712,0.967741935483871
0.018796992481203006,0.967741935483871
0.018808777429467086,0.967741935483871
0.018820577164366373,0.967741935483871
0.018832391713747645,0.967741935483871
0.018844221105527637,0.967741935483871
0.018856065367693273,0.967741935483871
0.018867924528301886,0.967741935483871
0.018879798615481436,0.967741935483871
0.018891687657430732,0.967741935483871
0.01890359168241966,0.967741935483871
0.018915510718789406,0.967741935483871
0.01892744479495268,0.967741935483871
0.01893939393939394,0.967741935483871
0.018951358180669616,0.967741935483871
0.018963337547408345,0.967741935483871
0.018975332068311195,0.967741935483871
0.0189873417721519,0.967741935483871
0.018999366687777075,0.967741935483871
0.019011406844106463,0.967741935483871
0.019023462270133164,0.967741935483871
0.01903553299492386,0.967741935483871
0.01904761904761905,0.967741935483871
0.01905972045743329,0.967741935483871
0.019071837253655435,0.967741935483871
0.019083969465648856,0.967741935483871
0.019096117122851686,0.967741935483871
0.01910828025477707,0.967741935483871
0.019120458891013385,0.967741935483871
0.01913265306122449,0.967741935483871
0.01914486279514997,0.967741935483871
0.019157088122605363,0.967741935483871
0.019169329073482427,0.967741935483871
0.01918158567774936,0.967741935483871
0.019193857965451054,0.967741935483871
0.019206145966709345,0.967741935483871
0.019218449711723255,0.967741935483871
0.019230769230769232,0.967741935483871
0.01924310455420141,0.967741935483871
0.019255455712451863,0.967741935483871
0.019267822736030827,0.967741935483871
0.019280205655526992,0.967741935483871
0.01929260450160772,0.967741935483871
0.019305019305019305,0.967741935483871
0.019317450096587252,0.967741935483871
0.019329896907216496,0.967741935483871
0.019342359767891684,0.967741935483871
0.01935483870967742,0.967741935483871
0.019367333763718526,0.967741935483871
0.01937984496124031,0.967741935483871
0.019392372333548805,0.967741935483871
0.019404915912031046,0.967741935483871
0.019417475728155338,0.967741935483871
0.019430051813471502,0.967741935483871
0.019442644199611146,0.967741935483871
0.019455252918287938,0.967741935483871
0.01946787800129786,0.967741935483871
0.01948051948051948,0.967741935483871
0.01949317738791423,0.967741935483871
0.01950585175552666,0.967741935483871
0.01951854261548471,0.967741935483871
0.01953125,0.967741935483871
0.019543973941368076,0.967741935483871
0.01955671447196871,0.967741935483871
0.019569471624266144,0.967741935483871
0.0195822454308094,0.967741935483871
0.019595035924232528,0.967741935483871
0.0196078431372549,0.967741935483871
0.01962066710268149,0.967741935483871
0.01963350785340314,0.967741935483871
0.019646365422396856,0.967741935483871
0.019659239842726082,0.967741935483871
0.019672131147540985,0.967741935483871
0.01968503937007874,0.967741935483871
0.01969796454366382,0.967741935483871
0.01971090670170828,0.967741935483871
0.01972386587771203,0.967741935483871
0.019736842105263157,0.967741935483871
0.019749835418038184,0.967741935483871
0.019762845849802372,0.967741935483871
0.01977587343441002,0.967741935483871
0.01978891820580475,0.967741935483871
0.019801980198019802,0.967741935483871
0.019815059445178335,0.967741935483871
0.01982815598149372,0.967741935483871
0.01984126984126984,0.967741935483871
0.01985440105890139,0.967741935483871
0.019867549668874173,0.967741935483871
0.019880715705765408,0.967741935483871
0.01989389920424403,0.967741935483871
0.019907100199071003,0.967741935483871
0.0199203187250996,0.967741935483871
0.019933554817275746,0.967741935483871
0.0199468085106383,0.967741935483871
0.01996007984031936,0.967741935483871
0.019973368841544607,0.967741935483871
0.019986675549633577,0.967741935483871
0.02,0.967741935483871
0.0200133422281521,0.967741935483871
0.020026702269692925,0.967741935483871
0.02004008016032064,0.967741935483871
0.020053475935828877,0.967741935483871
0.020066889632107024,0.967741935483871
0.020080321285140562,0.967741935483871
0.020093770931011386,0.967741935483871
0.020107238605898123,0.967741935483871
0.02012072434607646,0.967741935483871
0.020134228187919462,0.967741935483871
0.020147750167897917,0.967741935483871
0.020161290322580645,0.967741935483871
0.020174848688634835,0.967741935483871
0.020188425302826378,0.967741935483871
0.020202020202020204,0.967741935483871
0.02021563342318059,0.967741935483871
0.020229265003371546,0.967741935483871
0.020242914979757085,0.967741935483871
0.02025658338960162,0.967741935483871
0.02027027027027027,0.967741935483871
0.02028397565922921,0.967741935483871
0.02029769959404601,0.967741935483871
0.020311442112389978,0.967741935483871
0.02032520325203252,0.967741935483871
0.020338983050847456,0.967741935483871
0.0203527815468114,0.967741935483871
0.020366598778004074,0.967741935483871
0.020380434782608696,0.967741935483871
0.020394289598912305,0.967741935483871
0.02040816326530612,0.967741935483871
0.02042205582028591,0.967741935483871
0.020435967302452316,0.967741935483871
0.02044989775051125,0.967741935483871
0.020463847203274217,0.967741935483871
0.020477815699658702,0.967741935483871
0.020491803278688523,0.967741935483871
0.02050580997949419,0.967741935483871
0.02051983584131327,0.967741935483871
0.02053388090349076,0.967741935483871
0.02054794520547945,0.967741935483871
0.0205620287868403,0.967741935483871
0.0205761316872428,0.967741935483871
0.02059025394646534,0.967741935483871
0.020604395604395604,0.967741935483871
0.020618556701030927,0.967741935483871
0.02063273727647868,0.967741935483871
0.02064693737095664,0.967741935483871
0.02066115702479339,0.967741935483871
0.02067539627842867,0.967741935483871
0.020689655172413793,0.967741935483871
0.020703933747412008,0.967741935483871
0.020718232044198894,0.967741935483871
0.02073255010366275,0.967741935483871
0.02074688796680498,0.967741935483871
0.020761245674740483,0.967741935483871
0.02077562326869806,0.967741935483871
0.02079002079002079,0.967741935483871
0.020804438280166437,0.967741935483871
0.020818875780707843,0.967741935483871
0.020833333333333332,0.967741935483871
0.020847810979847115,0.967741935483871
0.02086230876216968,0.967741935483871
0.020876826722338204,0.967741935483871
0.020891364902506964,0.967741935483871
0.020905923344947737,0.967741935483871
0.02092050209205021,0.967741935483871
0.0209351011863224,0.967741935483871
0.02094972067039106,0.967741935483871
0.020964360587002098,0.967741935483871
0.02097902097902098,0.967741935483871
0.02099370188943317,0.967741935483871
0.02100840336134454,0.967741935483871
0.02102312543798178,0.967741935483871
0.021037868162692847,0.967741935483871
0.021052631578947368,0.967741935483871
0.021067415730337078,0.967741935483871
0.02108222066057625,0.967741935483871
0.02109704641350211,0.967741935483871
0.0211118930330753,0.967741935483871
0.02112676056338028,0.967741935483871
0.021141649048625793,0.967741935483871
0.021156558533145273,0.967741935483871
0.02117148906139732,0.967741935483871
0.0211864406779661,0.967741935483871
0.02120141342756184,0.967741935483871
0.021216407355021217,0.967741935483871
0.021231422505307854,0.967741935483871
0.021246458923512748,0.967741935483871
0.021261516654854713,0.967741935483871
0.02127659574468085,0.967741935483871
0.021291696238467,0.967741935483871
0.02130681818181818,0.967741935483871
0.021321961620469083,0.967741935483871
0.021337126600284494,0.967741935483871
0.021352313167259787,0.967741935483871
0.021367521367521368,0.967741935483871
0.021382751247327157,0.967741935483871
0.021398002853067047,0.967741935483871
0.021413276231263382,0.967741935483871
0.02142857142857143,0.967741935483871
0.021443888491779844,0.967741935483871
0.02145922746781116,0.967741935483871
0.021474588403722263,0.967741935483871
0.02148997134670487,0.967741935483871
0.021505376344086023,0.967741935483871
0.021520803443328552,0.967741935483871
0.021536252692031587,0.967741935483871
0.021551724137931036,0.967741935483871
0.021567217828900073,0.967741935483871
0.02158273381294964,0.967741935483871
0.02159827213822894,0.967741935483871
0.021613832853025938,0.967741935483871
0.021629416005767843,0.967741935483871
0.021645021645021644,0.967741935483871
0.021660649819494584,0.967741935483871
0.02167630057803468,0.967741935483871
0.021691973969631236,0.967741935483871
0.02170767004341534,0.967741935483871
0.02172338884866039,0.967741935483871
0.021739130434782608,0.967741935483871
0.021754894851341553,0.967741935483871
0.02177068214804064,0.967741935483871
0.02178649237472767,0.967741935483871
0.02180232558139535,0.967741935483871
0.02181818181818182,0.967741935483871
0.021834061135371178,0.967741935483871
0.021849963583394028,0.967741935483871
0.021865889212827987,0.967741935483871
0.02188183807439825,0.967741935483871
0.021897810218978103,0.967741935483871
0.02191380569758948,0.967741935483871
0.021929824561403508,0.967741935483871
0.021945866861741038,0.967741935483871
0.021961932650073207,0.967741935483871
0.02197802197802198,0.967741935483871
0.021994134897360705,0.967741935483871
0.022010271460014674,0.967741935483871
0.022026431718061675,0.967741935483871
0.02204261572373255,0.967741935483871
0.022058823529411766,0.967741935483871
0.02207505518763797,0.967741935483871
0.022091310751104567,0.967741935483871
0.02210759027266028,0.967741935483871
0.022123893805309734,0.967741935483871
0.02214022140221402,0.967741935483871
0.022156573116691284,0.967741935483871
0.022172949002217297,0.967741935483871
0.022189349112426034,0.967741935483871
0.02220577350111029,0.967741935483871
0.022222222222222223,0.967741935483871
0.02223869532987398,0.967741935483871
0.02225519287833828,0.967741935483871
0.022271714922048998,0.967741935483871
0.022288261515601784,0.967741935483871
0.022304832713754646,0.967741935483871
0.022321428571428572,0.967741935483871
0.022338049143708117,0.967741935483871
0.022354694485842028,0.967741935483871
0.02237136465324385,0.967741935483871
0.022388059701492536,0.967741935483871
0.022404779686333084,0.967741935483871
0.02242152466367713,0.967741935483871
0.02243829468960359,0.967741935483871
0.02245508982035928,0.967741935483871
0.02247191011235955,0.967741935483871
0.022488755622188907,0.967741935483871
0.02250562640660165,0.967741935483871
0.02252252252252252,0.967741935483871
0.022539444027047332,0.967741935483871
0.022556390977443608,0.967741935483871
0.022573363431151242,0.967741935483871
0.022590361445783132,0.967741935483871
0.02260738507912585,0.967741935483871
0.02262443438914027,0.967741935483871
0.022641509433962263,0.967741935483871
0.022658610271903322,0.967741935483871
0.022675736961451247,0.967741935483871
0.0226928895612708,0.967741935483871
0.022710068130204392,0.967741935483871
0.022727272727272728,0.967741935483871
0.022744503411675512,0.967741935483871
0.02276176024279211,0.967741935483871
0.022779043280182234,0.967741935483871
0.022796352583586626,0.967741935483871
0.022813688212927757,0.967741935483871
0.0228310502283105,0.967741935483871
0.02284843869002285,0.967741935483871
0.022865853658536585,0.967741935483871
0.02288329519450801,0.967741935483871
0.022900763358778626,0.967741935483871
0.02291825821237586,0.967741935483871
0.022935779816513763,0.967741935483871
0.022953328232593728,0.967741935483871
0.022970903522205207,0.967741935483871
0.022222222222222223,0.9354838709677419
0.02223926380368098,0.9354838709677419
0.022256331542594012,0.9354838709677419
0.02227342549923195,0.9354838709677419
0.022290545734050732,0.9354838709677419
0.022307692307692306,0.9354838709677419
0.022324865280985373,0.9354838709677419
0.02234206471494607,0.9354838709677419
0.02235929067077872,0.9354838709677419
0.022376543209876542,0.9354838709677419
0.022393822393822392,0.9354838709677419
0.02241112828438949,0.9354838709677419
0.02242846094354215,0.9354838709677419
0.02244582043343653,0.9354838709677419
0.022463206816421378,0.9354838709677419
0.02248062015503876,0.9354838709677419
0.022498060512024826,0.9354838709677419
0.02251552795031056,0.9354838709677419
0.022533022533022532,0.9354838709677419
0.02255054432348367,0.9354838709677419
0.022568093385214007,0.9354838709677419
0.022585669781931463,0.9354838709677419
0.02260327357755261,0.9354838709677419
0.02262090483619345,0.9354838709677419
0.02263856362217018,0.9354838709677419
0.02265625,0.9354838709677419
0.022673964034401875,0.9354838709677419
0.02269170579029734,0.9354838709677419
0.022709475332811275,0.9354838709677419
0.022727272727272728,0.9354838709677419
0.022745098039215685,0.9354838709677419
0.022762951334379906,0.9354838709677419
0.022780832678711706,0.9354838709677419
0.02279874213836478,0.9354838709677419
0.022816679779701022,0.9354838709677419
0.02283464566929134,0.9354838709677419
0.022852639873916468,0.9354838709677419
0.022870662460567823,0.9354838709677419
0.022888713496448304,0.9354838709677419
0.022906793048973143,0.9354838709677419
0.02292490118577075,0.9354838709677419
0.022943037974683545,0.9354838709677419
0.022961203483768806,0.9354838709677419
0.022979397781299524,0.9354838709677419
0.022997620935765267,0.9354838709677419
0.023015873015873017,0.9354838709677419
0.023034154090548053,0.9354838709677419
0.023052464228934817,0.9354838709677419
0.023070803500397773,0.9354838709677419
0.02308917197452229,0.9354838709677419
0.023107569721115537,0.9354838709677419
0.023125996810207338,0.9354838709677419
0.02314445331205108,0.9354838709677419
0.0231629392971246,0.9354838709677419
0.023181454836131096,0.9354838709677419
0.0232,0.9354838709677419
0.02321857485988791,0.9354838709677419
0.023237179487179488,0.9354838709677419
0.023255813953488372,0.9354838709677419
0.023274478330658106,0.9354838709677419
0.023293172690763052,0.9354838709677419
0.023311897106109324,0.9354838709677419
0.02333065164923572,0.9354838709677419
0.023349436392914653,0.9354838709677419
0.023368251410153102,0.9354838709677419
0.02338709677419355,0.9354838709677419
0.023405972558514933,0.9354838709677419
0.023424878836833602,0.9354838709677419
0.023443815683104285,0.9354838709677419
0.023462783171521034,0.9354838709677419
0.02348178137651822,0.9354838709677419
0.023500810372771474,0.9354838709677419
0.023519870235198703,0.9354838709677419
0.02353896103896104,0.9354838709677419
0.023558082859463852,0.9354838709677419
0.023577235772357725,0.9354838709677419
0.023596419853539462,0.9354838709677419
0.023615635179153095,0.9354838709677419
0.023634881825590873,0.9354838709677419
0.02365415986949429,0.9354838709677419
0.0236734693877551,0.9354838709677419
0.02369281045751634,0.9354838709677419
0.023712183156173343,0.9354838709677419
0.023731587561374796,0.9354838709677419
0.02375102375102375,0.9354838709677419
0.023770491803278688,0.9354838709677419
0.02378999179655455,0.9354838709677419
0.023809523809523808,0.9354838709677419
0.0238290879211175,0.9354838709677419
0.023848684210526317,0.9354838709677419
0.023868312757201648,0.9354838709677419
0.023887973640856673,0.9354838709677419
0.023907666941467436,0.9354838709677419
0.02392739273927393,0.9354838709677419
0.023947151114781174,0.9354838709677419
0.023966942148760332,0.9354838709677419
0.023986765922249794,0.9354838709677419
0.024006622516556293,0.9354838709677419
0.024026512013256007,0.9354838709677419
0.02404643449419569,0.9354838709677419
0.024066390041493777,0.9354838709677419
0.023255813953488372,0.9032258064516129
0.023275145469659187,0.9032258064516129
0.02329450915141431,0.9032258064516129
0.02331390507910075,0.9032258064516129
0.023333333333333334,0.9032258064516129
0.02335279399499583,0.9032258064516129
0.02337228714524207,0.9032258064516129
0.023391812865497075,0.9032258064516129
0.023411371237458192,0.9032258064516129
0.023430962343096235,0.9032258064516129
0.023450586264656615,0.9032258064516129
0.02347024308466052,0.9032258064516129
0.02348993288590604,0.9032258064516129
0.023509655751469353,0.9032258064516129
0.023529411764705882,0.9032258064516129
0.023549201009251473,0.9032258064516129
0.02356902356902357,0.9032258064516129
0.02358887952822241,0.9032258064516129
0.023608768971332208,0.9032258064516129
0.02362869198312236,0.9032258064516129
0.02364864864864865,0.9032258064516129
0.023668639053254437,0.9032258064516129
0.023688663282571912,0.9032258064516129
0.023708721422523286,0.9032258064516129
0.023728813559322035,0.9032258064516129
0.02374893977947413,0.9032258064516129
0.023769100169779286,0.9032258064516129
0.0237892948173322,0.9032258064516129
0.023809523809523808,0.9032258064516129
0.023829787234042554,0.9032258064516129
0.02385008517887564,0.9032258064516129
0.023870417732310314,0.9032258064516129
0.023890784982935155,0.9032258064516129
0.02391118701964133,0.9032258064516129
0.023931623931623933,0.9032258064516129
0.023952095808383235,0.9032258064516129
0.023972602739726026,0.9032258064516129
0.023993144815766924,0.9032258064516129
0.024013722126929673,0.9032258064516129
0.0240343347639485,0.9032258064516129
0.024054982817869417,0.9032258064516129
0.02407566638005159,0.9032258064516129
0.024096385542168676,0.9032258064516129
0.024117140396210164,0.9032258064516129
0.02413793103448276,0.9032258064516129
0.024158757549611734,0.9032258064516129
0.024179620034542316,0.9032258064516129
0.024200518582541054,0.9032258064516129
0.02422145328719723,0.9032258064516129
0.024242424242424242,0.9032258064516129
0.024263431542461005,0.9032258064516129
0.024284475281873375,0.9032258064516129
0.024305555555555556,0.9032258064516129
0.02432667245873154,0.9032258064516129
0.02434782608695652,0.9032258064516129
0.024369016536118365,0.9032258064516129
0.024390243902439025,0.9032258064516129
0.024411508282476024,0.9032258064516129
0.02443280977312391,0.9032258064516129
0.02445414847161572,0.9032258064516129
0.024475524475524476,0.9032258064516129
0.024496937882764653,0.9032258064516129
0.024518388791593695,0.9032258064516129
0.024539877300613498,0.9032258064516129
0.02456140350877193,0.9032258064516129
0.024582967515364356,0.9032258064516129
0.02460456942003515,0.9032258064516129
0.024626209322779244,0.9032258064516129
0.02464788732394366,0.9032258064516129
0.024669603524229075,0.9032258064516129
0.024691358024691357,0.9032258064516129
0.02471315092674316,0.9032258064516129
0.024734982332155476,0.9032258064516129
0.02475685234305924,0.9032258064516129
0.024778761061946902,0.9032258064516129
0.024800708591674048,0.9032258064516129
0.024822695035460994,0.9032258064516129
0.024844720496894408,0.9032258064516129
0.02486678507992895,0.9032258064516129
0.024888888888888887,0.9032258064516129
0.02491103202846975,0.9032258064516129
0.024933214603739984,0.9032258064516129
0.024955436720142603,0.9032258064516129
0.024977698483496878,0.9032258064516129
0.025,0.9032258064516129
0.025022341376228777,0.9032258064516129
0.025044722719141325,0.9032258064516129
0.025067144136078783,0.9032258064516129
0.025089605734767026,0.9032258064516129
0.025112107623318385,0.9032258064516129
0.025134649910233394,0.9032258064516129
0.025157232704402517,0.9032258064516129
0.025179856115107913,0.9032258064516129
0.025202520252025202,0.9032258064516129
0.025225225225225224,0.9032258064516129
0.025247971145175834,0.9032258064516129
0.02527075812274368,0.9032258064516129
0.025293586269196026,0.9032258064516129
0.02531645569620253,0.9032258064516129
0.025339366515837104,0.9032258064516129
0.025362318840579712,0.9032258064516129
0.025385312783318223,0.9032258064516129
0.025408348457350273,0.9032258064516129
0.025431425976385105,0.9032258064516129
0.025454545454545455,0.9032258064516129
0.025477707006369428,0.9032258064516129
0.025500910746812388,0.9032258064516129
0.02552415679124886,0.9032258064516129
0.025547445255474453,0.9032258064516129
0.025570776255707764,0.9032258064516129
0.025594149908592323,0.9032258064516129
0.025617566331198535,0.9032258064516129
0.02564102564102564,0.9032258064516129
0.025664527956003668,0.9032258064516129
0.025688073394495414,0.9032258064516129
0.025711662075298437,0.9032258064516129
0.025735294117647058,0.9032258064516129
0.025758969641214352,0.9032258064516129
0.02578268876611418,0.9032258064516129
0.025806451612903226,0.9032258064516129
0.025830258302583026,0.9032258064516129
0.02585410895660203,0.9032258064516129
0.025878003696857672,0.9032258064516129
0.025901942645698426,0.9032258064516129
0.025925925925925925,0.9032258064516129
0.025949953660797033,0.9032258064516129
0.025974025974025976,0.9032258064516129
0.025998142989786442,0.9032258064516129
0.026022304832713755,0.9032258064516129
0.026046511627906978,0.9032258064516129
0.0260707635009311,0.9032258064516129
0.0260950605778192,0.9032258064516129
0.026119402985074626,0.9032258064516129
0.026143790849673203,0.9032258064516129
0.026168224299065422,0.9032258064516129
0.026192703461178673,0.9032258064516129
0.026217228464419477,0.9032258064516129
0.026241799437675725,0.9032258064516129
0.02626641651031895,0.9032258064516129
0.02629107981220657,0.9032258064516129
0.02631578947368421,0.9032258064516129
0.02634054562558796,0.9032258064516129
0.026365348399246705,0.9032258064516129
0.02639019792648445,0.9032258064516129
0.026415094339622643,0.9032258064516129
0.02644003777148253,0.9032258064516129
0.026465028355387523,0.9032258064516129
0.026490066225165563,0.9032258064516129
0.026515151515151516,0.9032258064516129
0.026540284360189573,0.9032258064516129
0.026565464895635674,0.9032258064516129
0.026590693257359924,0.9032258064516129
0.026615969581749048,0.9032258064516129
0.02664129400570885,0.9032258064516129
0.02666666666666667,0.9032258064516129
0.02669208770257388,0.9032258064516129
0.026717557251908396,0.9032258064516129
0.026743075453677174,0.9032258064516129
0.02676864244741874,0.9032258064516129
0.026794258373205742,0.9032258064516129
0.02681992337164751,0.9032258064516129
0.026845637583892617,0.9032258064516129
0.026871401151631478,0.9032258064516129
0.026897214217098942,0.9032258064516129
0.026923076923076925,0.9032258064516129
0.026948989412897015,0.9032258064516129
0.02697495183044316,0.9032258064516129
0.02700096432015429,0.9032258064516129
0.02702702702702703,0.9032258064516129
0.02705314009661836,0.9032258064516129
0.027079303675048357,0.9032258064516129
0.027105517909002903,0.9032258064516129
0.027131782945736434,0.9032258064516129
0.027158098933074686,0.9032258064516129
0.027184466019417475,0.9032258064516129
0.027210884353741496,0.9032258064516129
0.027237354085603113,0.9032258064516129
0.027263875365141188,0.9032258064516129
0.02729044834307992,0.9032258064516129
0.027317073170731707,0.9032258064516129
0.02734375,0.9032258064516129
0.02737047898338221,0.9032258064516129
0.0273972602739726,0.9032258064516129
0.02742409402546523,0.9032258064516129
0.027450980392156862,0.9032258064516129
0.02747791952894995,0.9032258064516129
0.0275049115913556,0.9032258064516129
0.02753195673549656,0.9032258064516129
0.027559055118110236,0.9032258064516129
0.027586206896551724,0.9032258064516129
0.027613412228796843,0.9032258064516129
0.027640671273445213,0.9032258064516129
0.02766798418972332,0.9032258064516129
0.027695351137487636,0.9032258064516129
0.027722772277227723,0.9032258064516129
0.027750247770069375,0.9032258064516129
0.027777777777777776,0.9032258064516129
0.027805362462760674,0.9032258064516129
0.027833001988071572,0.9032258064516129
0.027860696517412936,0.9032258064516129
0.027888446215139442,0.9032258064516129
0.027916251246261216,0.9032258064516129
0.027944111776447105,0.9032258064516129
0.027972027972027972,0.9032258064516129
0.028,0.9032258064516129
0.028028028028028028,0.9032258064516129
0.028056112224448898,0.9032258064516129
0.028084252758274825,0.9032258064516129
0.028112449799196786,0.9032258064516129
0.02814070351758794,0.9032258064516129
0.028169014084507043,0.9032258064516129
0.028197381671701913,0.9032258064516129
0.028225806451612902,0.9032258064516129
0.028254288597376387,0.9032258064516129
0.028282828282828285,0.9032258064516129
0.028311425682507583,0.9032258064516129
0.02834008097165992,0.9032258064516129
0.028368794326241134,0.9032258064516129
0.028397565922920892,0.9032258064516129
0.028426395939086295,0.9032258064516129
0.028455284552845527,0.9032258064516129
0.028484231943031537,0.9032258064516129
0.028513238289205704,0.9032258064516129
0.02854230377166157,0.9032258064516129
0.02857142857142857,0.9032258064516129
0.028600612870275793,0.9032258064516129
0.028629856850715747,0.9032258064516129
0.028659160696008188,0.9032258064516129
0.028688524590163935,0.9032258064516129
0.028717948717948718,0.9032258064516129
0.028747433264887063,0.9032258064516129
0.02877697841726619,0.9032258064516129
0.02880658436213992,0.9032258064516129
0.028836251287332648,0.9032258064516129
0.0288659793814433,0.9032258064516129
0.02889576883384933,0.9032258064516129
0.028925619834710745,0.9032258064516129
0.028955532574974147,0.9032258064516129
0.028985507246376812,0.9032258064516129
0.029015544041450778,0.9032258064516129
0.029045643153526972,0.9032258064516129
0.029075804776739357,0.9032258064516129
0.029106029106029108,0.9032258064516129
0.029136316337148804,0.9032258064516129
0.029166666666666667,0.9032258064516129
0.029197080291970802,0.9032258064516129
0.029227557411273485,0.9032258064516129
0.029258098223615466,0.9032258064516129
0.029288702928870293,0.9032258064516129
0.02931937172774869,0.9032258064516129
0.029350104821802937,0.9032258064516129
0.02938090241343127,0.9032258064516129
0.029411764705882353,0.9032258064516129
0.029442691903259727,0.9032258064516129
0.029473684210526315,0.9032258064516129
0.029504741833508957,0.9032258064516129
0.029535864978902954,0.9032258064516129
0.029567053854276663,0.9032258064516129
0.02959830866807611,0.9032258064516129
0.02962962962962963,0.9032258064516129
0.029661016949152543,0.9032258064516129
0.029692470837751856,0.9032258064516129
0.029723991507430998,0.9032258064516129
0.02975557917109458,0.9032258064516129
0.029787234042553193,0.9032258064516129
0.029818956336528223,0.9032258064516129
0.029850746268656716,0.9032258064516129
0.029882604055496264,0.9032258064516129
0.029914529914529916,0.9032258064516129
0.029946524064171122,0.9032258064516129
0.029978586723768737,0.9032258064516129
0.030010718113612004,0.9032258064516129
0.030042918454935622,0.9032258064516129
0.03007518796992481,0.9032258064516129
0.030107526881720432,0.9032258064516129
0.030139935414424113,0.9032258064516129
0.03017241379310345,0.9032258064516129
0.030204962243797196,0.9032258064516129
0.03023758099352052,0.9032258064516129
0.03027027027027027,0.9032258064516129
0.030303030303030304,0.9032258064516129
0.030335861321776816,0.9032258064516129
0.03036876355748373,0.9032258064516129
0.03040173724212812,0.9032258064516129
0.030434782608695653,0.9032258064516129
0.030467899891186073,0.9032258064516129
0.030501089324618737,0.9032258064516129
0.030534351145038167,0.9032258064516129
0.03056768558951965,0.9032258064516129
0.030601092896174863,0.9032258064516129
0.030634573304157548,0.9032258064516129
0.03066812705366922,0.9032258064516129
0.03070175438596491,0.9032258064516129
0.030735455543358946,0.9032258064516129
0.03076923076923077,0.9032258064516129
0.030803080308030802,0.9032258064516129
0.030837004405286344,0.9032258064516129
0.030871003307607496,0.9032258064516129
0.03090507726269316,0.9032258064516129
0.030939226519337018,0.9032258064516129
0.030973451327433628,0.9032258064516129
0.031007751937984496,0.9032258064516129
0.031042128603104215,0.9032258064516129
0.03107658157602664,0.9032258064516129
0.03111111111111111,0.9032258064516129
0.03114571746384872,0.9032258064516129
0.031180400890868598,0.9032258064516129
0.03121516164994426,0.9032258064516129
0.03125,0.9032258064516129
0.03128491620111732,0.9032258064516129
0.03131991051454139,0.9032258064516129
0.03135498320268757,0.9032258064516129
0.03139013452914798,0.9032258064516129
0.031425364758698095,0.9032258064516129
0.03146067415730337,0.9032258064516129
0.031496062992125984,0.9032258064516129
0.03153153153153153,0.9032258064516129
0.03156708004509583,0.9032258064516129
0.03160270880361174,0.9032258064516129
0.031638418079096044,0.9032258064516129
0.03167420814479638,0.9032258064516129
0.031710079275198186,0.9032258064516129
0.031746031746031744,0.9032258064516129
0.03178206583427923,0.9032258064516129
0.031818181818181815,0.9032258064516129
0.03185437997724687,0.9032258064516129
0.03189066059225513,0.9032258064516129
0.03192702394526796,0.9032258064516129
0.0319634703196347,0.9032258064516129
0.032,0.9032258064516129
0.032036613272311214,0.9032258064516129
0.032073310423825885,0.9032258064516129
0.03211009174311927,0.9032258064516129
0.03214695752009185,0.9032258064516129
0.03218390804597701,0.9032258064516129
0.03222094361334868,0.9032258064516129
0.03225806451612903,0.9032258064516129
0.03229527104959631,0.9032258064516129
0.03233256351039261,0.9032258064516129
0.03236994219653179,0.9032258064516129
0.032407407407407406,0.9032258064516129
0.03244495944380069,0.9032258064516129
0.03248259860788863,0.9032258064516129
0.032520325203252036,0.9032258064516129
0.03255813953488372,0.9032258064516129
0.03259604190919674,0.9032258064516129
0.03263403263403263,0.9032258064516129
0.03267211201866978,0.9032258064516129
0.03271028037383177,0.9032258064516129
0.03274853801169591,0.9032258064516129
0.03278688524590164,0.9032258064516129
0.032825322391559206,0.9032258064516129
0.03286384976525822,0.9032258064516129
0.03290246768507638,0.9032258064516129
0.03294117647058824,0.9032258064516129
0.03297997644287397,0.9032258064516129
0.0330188679245283,0.9032258064516129
0.03305785123966942,0.9032258064516129
0.03309692671394799,0.9032258064516129
0.033136094674556214,0.9032258064516129
0.03317535545023697,0.9032258064516129
0.033214709371293,0.9032258064516129
0.0332541567695962,0.9032258064516129
0.03329369797859691,0.9032258064516129
0.03333333333333333,0.9032258064516129
0.033373063170441,0.9032258064516129
0.03341288782816229,0.9032258064516129
0.03345280764635603,0.9032258064516129
0.03349282296650718,0.9032258064516129
0.033532934131736525,0.9032258064516129
0.03357314148681055,0.9032258064516129
0.03361344537815126,0.9032258064516129
0.03365384615384615,0.9032258064516129
0.03369434416365824,0.9032258064516129
0.033734939759036145,0.9032258064516129
0.033775633293124246,0.9032258064516129
0.033816425120772944,0.9032258064516129
0.03385731559854897,0.9032258064516129
0.03389830508474576,0.9032258064516129
0.03393939393939394,0.9032258064516129
0.03398058252427184,0.9032258064516129
0.03402187120291616,0.9032258064516129
0.0340632603406326,0.9032258064516129
0.0341047503045067,0.9032258064516129
0.03414634146341464,0.9032258064516129
0.03418803418803419,0.9032258064516129
0.034229828850855744,0.9032258064516129
0.03427172582619339,0.9032258064516129
0.03431372549019608,0.9032258064516129
0.0343558282208589,0.9032258064516129
0.0343980343980344,0.9032258064516129
0.03444034440344403,0.9032258064516129
0.034482758620689655,0.9032258064516129
0.0345252774352651,0.9032258064516129
0.0345679012345679,0.9032258064516129
0.034610630407911,0.9032258064516129
0.034653465346534656,0.9032258064516129
0.03469640644361834,0.9032258064516129
0.034739454094292806,0.9032258064516129
0.034782608695652174,0.9032258064516129
0.03482587064676617,0.9032258064516129
0.034869240348692404,0.9032258064516129
0.03366583541147132,0.8709677419354839
0.033707865168539325,0.8709677419354839
0.03375,0.8709677419354839
0.03379224030037547,0.8709677419354839
0.03383458646616541,0.8709677419354839
0.033877038895859475,0.8709677419354839
0.03391959798994975,0.8709677419354839
0.033962264150943396,0.8709677419354839
0.03400503778337532,0.8709677419354839
0.034047919293820936,0.8709677419354839
0.03409090909090909,0.8709677419354839
0.03413400758533502,0.8709677419354839
0.03417721518987342,0.8709677419354839
0.034220532319391636,0.8709677419354839
0.03426395939086294,0.8709677419354839
0.03430749682337993,0.8709677419354839
0.03435114503816794,0.8709677419354839
0.034394904458598725,0.8709677419354839
0.03443877551020408,0.8709677419354839
0.034482758620689655,0.8709677419354839
0.034526854219948847,0.8709677419354839
0.034571062740076826,0.8709677419354839
0.03461538461538462,0.8709677419354839
0.03465982028241335,0.8709677419354839
0.03470437017994859,0.8709677419354839
0.03474903474903475,0.8709677419354839
0.03479381443298969,0.8709677419354839
0.03483870967741935,0.8709677419354839
0.03488372093023256,0.8709677419354839
0.03492884864165589,0.8709677419354839
0.034974093264248704,0.8709677419354839
0.03501945525291829,0.8709677419354839
0.03506493506493506,0.8709677419354839
0.035110533159947985,0.8709677419354839
0.03515625,0.8709677419354839
0.035202086049543675,0.8709677419354839
0.03524804177545692,0.8709677419354839
0.03529411764705882,0.8709677419354839
0.03534031413612566,0.8709677419354839
0.035386631716906945,0.8709677419354839
0.03543307086614173,0.8709677419354839
0.035479632063074903,0.8709677419354839
0.035526315789473684,0.8709677419354839
0.03557312252964427,0.8709677419354839
0.03562005277044855,0.8709677419354839
0.035667107001321,0.8709677419354839
0.03571428571428571,0.8709677419354839
0.03576158940397351,0.8709677419354839
0.03580901856763926,0.8709677419354839
0.035856573705179286,0.8709677419354839
0.03590425531914894,0.8709677419354839
0.03595206391478029,0.8709677419354839
0.036,0.8709677419354839
0.036048064085447265,0.8709677419354839
0.03609625668449198,0.8709677419354839
0.03614457831325301,0.8709677419354839
0.036193029490616625,0.8709677419354839
0.036241610738255034,0.8709677419354839
0.036290322580645164,0.8709677419354839
0.03633916554508748,0.8709677419354839
0.03638814016172507,0.8709677419354839
0.03643724696356275,0.8709677419354839
0.03648648648648649,0.8709677419354839
0.036535859269282815,0.8709677419354839
0.036585365853658534,0.8709677419354839
0.036635006784260515,0.8709677419354839
0.036684782608695655,0.8709677419354839
0.036734693877551024,0.8709677419354839
0.03678474114441417,0.8709677419354839
0.036834924965893585,0.8709677419354839
0.036885245901639344,0.8709677419354839
0.036935704514363885,0.8709677419354839
0.036986301369863014,0.8709677419354839
0.037037037037037035,0.8709677419354839
0.03708791208791209,0.8709677419354839
0.037138927097661624,0.8709677419354839
0.0371900826446281,0.8709677419354839
0.037241379310344824,0.8709677419354839
0.03729281767955801,0.8709677419354839
0.03734439834024896,0.8709677419354839
0.037396121883656507,0.8709677419354839
0.03744798890429958,0.8709677419354839
0.0375,0.8709677419354839
0.037552155771905425,0.8709677419354839
0.037604456824512536,0.8709677419354839
0.03765690376569038,0.8709677419354839
0.03770949720670391,0.8709677419354839
0.03776223776223776,0.8709677419354839
0.037815126050420166,0.8709677419354839
0.037868162692847124,0.8709677419354839
0.037921348314606744,0.8709677419354839
0.0379746835443038,0.8709677419354839
0.038028169014084505,0.8709677419354839
0.0380818053596615,0.8709677419354839
0.038135593220338986,0.8709677419354839
0.03818953323903819,0.8709677419354839
0.03824362606232295,0.8709677419354839
0.03829787234042553,0.8709677419354839
0.03835227272727273,0.8709677419354839
0.03840682788051209,0.8709677419354839
0.038461538461538464,0.8709677419354839
0.03851640513552068,0.8709677419354839
0.03857142857142857,0.8709677419354839
0.03862660944206009,0.8709677419354839
0.03868194842406877,0.8709677419354839
0.03873744619799139,0.8709677419354839
0.03879310344827586,0.8709677419354839
0.03884892086330935,0.8709677419354839
0.03890489913544669,0.8709677419354839
0.03896103896103896,0.8709677419354839
0.03901734104046243,0.8709677419354839
0.03907380607814761,0.8709677419354839
0.0391304347826087,0.8709677419354839
0.03918722786647315,0.8709677419354839
0.03924418604651163,0.8709677419354839
0.039301310043668124,0.8709677419354839
0.03935860058309038,0.8709677419354839
0.03941605839416058,0.8709677419354839
0.039473684210526314,0.8709677419354839
0.03953147877013177,0.8709677419354839
0.039589442815249266,0.8709677419354839
0.039647577092511016,0.8709677419354839
0.039705882352941174,0.8709677419354839
0.039764359351988215,0.8709677419354839
0.03982300884955752,0.8709677419354839
0.03988183161004431,0.8709677419354839
0.03994082840236687,0.8709677419354839
0.04,0.8709677419354839
0.040059347181008904,0.8709677419354839
0.04011887072808321,0.8709677419354839
0.04017857142857143,0.8709677419354839
0.040238450074515646,0.8709677419354839
0.04029850746268657,0.8709677419354839
0.04035874439461883,0.8709677419354839
0.040419161676646706,0.8709677419354839
0.04047976011994003,0.8709677419354839
0.04054054054054054,0.8709677419354839
0.0406015037593985,0.8709677419354839
0.04066265060240964,0.8709677419354839
0.04072398190045249,0.8709677419354839
0.04078549848942598,0.8709677419354839
0.04084720121028744,0.8709677419354839
0.04090909090909091,0.8709677419354839
0.0409711684370258,0.8709677419354839
0.041033434650455926,0.8709677419354839
0.0410958904109589,0.8709677419354839
0.041158536585365856,0.8709677419354839
0.04122137404580153,0.8709677419354839
0.04128440366972477,0.8709677419354839
0.04134762633996937,0.8709677419354839
0.04141104294478527,0.8709677419354839
0.041474654377880185,0.8709677419354839
0.04153846153846154,0.8709677419354839
0.04160246533127889,0.8709677419354839
0.041666666666666664,0.8709677419354839
0.04173106646058733,0.8709677419354839
0.04179566563467492,0.8709677419354839
0.04186046511627907,0.8709677419354839
0.04192546583850932,0.8709677419354839
0.041990668740279936,0.8709677419354839
0.04205607476635514,0.8709677419354839
0.0421216848673947,0.8709677419354839
0.0421875,0.8709677419354839
0.04225352112676056,0.8709677419354839
0.04231974921630094,0.8709677419354839
0.0423861852433281,0.8709677419354839
0.04245283018867924,0.8709677419354839
0.04251968503937008,0.8709677419354839
0.04258675078864353,0.8709677419354839
0.04265402843601896,0.8709677419354839
0.04272151898734177,0.8709677419354839
0.042789223454833596,0.8709677419354839
0.04285714285714286,0.8709677419354839
0.04292527821939587,0.8709677419354839
0.042993630573248405,0.8709677419354839
0.0430622009569378,0.8709677419354839
0.04313099041533546,0.8709677419354839
0.0432,0.8709677419354839
0.04326923076923077,0.8709677419354839
0.04333868378812199,0.8709677419354839
0.04340836012861737,0.8709677419354839
0.043478260869565216,0.8709677419354839
0.043548387096774194,0.8709677419354839
0.04361873990306947,0.8709677419354839
0.043689320388349516,0.8709677419354839
0.04376012965964344,0.8709677419354839
0.04383116883116883,0.8709677419354839
0.04390243902439024,0.8709677419354839
0.043973941368078175,0.8709677419354839
0.04404567699836868,0.8709677419354839
0.04411764705882353,0.8709677419354839
0.044189852700491,0.8709677419354839
0.04426229508196721,0.8709677419354839
0.04433497536945813,0.8709677419354839
0.044407894736842105,0.8709677419354839
0.044481054365733116,0.8709677419354839
0.04455445544554455,0.8709677419354839
0.04462809917355372,0.8709677419354839
0.04470198675496689,0.8709677419354839
0.04477611940298507,0.8709677419354839
0.044850498338870434,0.8709677419354839
0.04492512479201331,0.8709677419354839
0.045,0.8709677419354839
0.045075125208681135,0.8709677419354839
0.0451505016722408,0.8709677419354839
0.04522613065326633,0.8709677419354839
0.04530201342281879,0.8709677419354839
0.0453781512605042,0.8709677419354839
0.045454545454545456,0.8709677419354839
0.045531197301854974,0.8709677419354839
0.04560810810810811,0.8709677419354839
0.04568527918781726,0.8709677419354839
0.04576271186440678,0.8709677419354839
0.04584040747028863,0.8709677419354839
0.04591836734693878,0.8709677419354839
0.04599659284497445,0.8709677419354839
0.04607508532423208,0.8709677419354839
0.046153846153846156,0.8709677419354839
0.046232876712328765,0.8709677419354839
0.04631217838765009,0.8709677419354839
0.04639175257731959,0.8709677419354839
0.04647160068846816,0.8709677419354839
0.04655172413793104,0.8709677419354839
0.046632124352331605,0.8709677419354839
0.04671280276816609,0.8709677419354839
0.04679376083188908,0.8709677419354839
0.046875,0.8709677419354839
0.04695652173913043,0.8709677419354839
0.047038327526132406,0.8709677419354839
0.04712041884816754,0.8709677419354839
0.0472027972027972,0.8709677419354839
0.047285464098073555,0.8709677419354839
0.04736842105263158,0.8709677419354839
0.04745166959578207,0.8709677419354839
0.04753521126760563,0.8709677419354839
0.047619047619047616,0.8709677419354839
0.04770318021201413,0.8709677419354839
0.047787610619469026,0.8709677419354839
0.047872340425531915,0.8709677419354839
0.047957371225577264,0.8709677419354839
0.04804270462633452,0.8709677419354839
0.0481283422459893,0.8709677419354839
0.048214285714285716,0.8709677419354839
0.04830053667262969,0.8709677419354839
0.04838709677419355,0.8709677419354839
0.04847396768402154,0.8709677419354839
0.048561151079136694,0.8709677419354839
0.04864864864864865,0.8709677419354839
0.048736462093862815,0.8709677419354839
0.048824593128390596,0.8709677419354839
0.04891304347826087,0.8709677419354839
0.04900181488203267,0.8709677419354839
0.04909090909090909,0.8709677419354839
0.04918032786885246,0.8709677419354839
0.04927007299270073,0.8709677419354839
0.04936014625228519,0.8709677419354839
0.04945054945054945,0.8709677419354839
0.04954128440366973,0.8709677419354839
0.04963235294117647,0.8709677419354839
0.049723756906077346,0.8709677419354839
0.04981549815498155,0.8709677419354839
0.04990757855822551,0.8709677419354839
0.05,0.8709677419354839
0.05009276437847866,0.8709677419354839
0.05018587360594796,0.8709677419354839
0.05027932960893855,0.8709677419354839
0.05037313432835821,0.8709677419354839
0.05046728971962617,0.8709677419354839
0.05056179775280899,0.8709677419354839
0.05065666041275797,0.8709677419354839
0.05075187969924812,0.8709677419354839
0.05084745762711865,0.8709677419354839
0.0509433962264151,0.8709677419354839
0.05103969754253308,0.8709677419354839
0.05113636363636364,0.8709677419354839
0.051233396584440226,0.8709677419354839
0.051330798479087454,0.8709677419354839
0.05142857142857143,0.8709677419354839
0.05152671755725191,0.8709677419354839
0.05162523900573614,0.8709677419354839
0.05172413793103448,0.8709677419354839
0.05182341650671785,0.8709677419354839
0.051923076923076926,0.8709677419354839
0.05202312138728324,0.8709677419354839
0.052123552123552123,0.8709677419354839
0.05222437137330754,0.8709677419354839
0.05232558139534884,0.8709677419354839
0.05242718446601942,0.8709677419354839
0.05252918287937743,0.8709677419354839
0.05263157894736842,0.8709677419354839
0.052734375,0.8709677419354839
0.05283757338551859,0.8709677419354839
0.052941176470588235,0.8709677419354839
0.05304518664047151,0.8709677419354839
0.0531496062992126,0.8709677419354839
0.05325443786982249,0.8709677419354839
0.0533596837944664,0.8709677419354839
0.053465346534653464,0.8709677419354839
0.05357142857142857,0.8709677419354839
0.0536779324055666,0.8709677419354839
0.053784860557768925,0.8709677419354839
0.05389221556886228,0.8709677419354839
0.054,0.8709677419354839
0.05410821643286573,0.8709677419354839
0.05421686746987952,0.8709677419354839
0.05432595573440644,0.8709677419354839
0.05443548387096774,0.8709677419354839
0.05454545454545454,0.8709677419354839
0.05465587044534413,0.8709677419354839
0.05476673427991886,0.8709677419354839
0.054878048780487805,0.8709677419354839
0.054989816700611,0.8709677419354839
0.05510204081632653,0.8709677419354839
0.05521472392638037,0.8709677419354839
0.055327868852459015,0.8709677419354839
0.055441478439425054,0.8709677419354839
0.05555555555555555,0.8709677419354839
0.05567010309278351,0.8709677419354839
0.05578512396694215,0.8709677419354839
0.055900621118012424,0.8709677419354839
0.056016597510373446,0.8709677419354839
0.056133056133056136,0.8709677419354839
0.05625,0.8709677419354839
0.05636743215031315,0.8709677419354839
0.056485355648535567,0.8709677419354839
0.05660377358490566,0.8709677419354839
0.05672268907563025,0.8709677419354839
0.056842105263157895,0.8709677419354839
0.056962025316455694,0.8709677419354839
0.05708245243128964,0.8709677419354839
0.057203389830508475,0.8709677419354839
0.05732484076433121,0.8709677419354839
0.0574468085106383,0.8709677419354839
0.057569296375266525,0.8709677419354839
0.057692307692307696,0.8709677419354839
0.057815845824411134,0.8709677419354839
0.05793991416309013,0.8709677419354839
0.05806451612903226,0.8709677419354839
0.05818965517241379,0.8709677419354839
0.058315334773218146,0.8709677419354839
0.05844155844155844,0.8709677419354839
0.05856832971800434,0.8709677419354839
0.058695652173913045,0.8709677419354839
0.058823529411764705,0.8709677419354839
0.05895196506550218,0.8709677419354839
0.05908096280087528,0.8709677419354839
0.05921052631578947,0.8709677419354839
0.05934065934065934,0.8709677419354839
0.05947136563876652,0.8709677419354839
0.059602649006622516,0.8709677419354839
0.059734513274336286,0.8709677419354839
0.0598669623059867,0.8709677419354839
0.06,0.8709677419354839
0.060133630289532294,0.8709677419354839
0.060267857142857144,0.8709677419354839
0.06040268456375839,0.8709677419354839
0.06053811659192825,0.8709677419354839
0.060674157303370786,0.8709677419354839
0.060810810810810814,0.8709677419354839
0.060948081264108354,0.8709677419354839
0.06108597285067873,0.8709677419354839
0.061224489795918366,0.8709677419354839
0.06136363636363636,0.8709677419354839
0.06150341685649203,0.8709677419354839
0.06164383561643835,0.8709677419354839
0.06178489702517163,0.8709677419354839
0.06192660550458716,0.8709677419354839
0.06206896551724138,0.8709677419354839
0.06221198156682028,0.8709677419354839
0.06235565819861432,0.8709677419354839
0.0625,0.8709677419354839
0.06264501160092807,0.8709677419354839
0.06279069767441861,0.8709677419354839
0.06293706293706294,0.8709677419354839
0.0630841121495327,0.8709677419354839
0.06323185011709602,0.8709677419354839
0.06338028169014084,0.8709677419354839
0.06352941176470588,0.8709677419354839
0.06132075471698113,0.8387096774193549
0.061465721040189124,0.8387096774193549
0.061611374407582936,0.8387096774193549
0.06175771971496437,0.8387096774193549
0.06190476190476191,0.8387096774193549
0.06205250596658711,0.8387096774193549
0.06220095693779904,0.8387096774193549
0.06235011990407674,0.8387096774193549
0.0625,0.8387096774193549
0.06265060240963856,0.8387096774193549
0.06280193236714976,0.8387096774193549
0.06295399515738499,0.8387096774193549
0.06310679611650485,0.8387096774193549
0.06326034063260341,0.8387096774193549
0.06341463414634146,0.8387096774193549
0.06356968215158924,0.8387096774193549
0.06372549019607843,0.8387096774193549
0.06388206388206388,0.8387096774193549
0.06403940886699508,0.8387096774193549
0.06419753086419754,0.8387096774193549
0.06435643564356436,0.8387096774193549
0.06451612903225806,0.8387096774193549
0.06467661691542288,0.8387096774193549
0.06483790523690773,0.8387096774193549
0.065,0.8387096774193549
0.06516290726817042,0.8387096774193549
0.06532663316582915,0.8387096774193549
0.0654911838790932,0.8387096774193549
0.06565656565656566,0.8387096774193549
0.06582278481012659,0.8387096774193549
0.06598984771573604,0.8387096774193549
0.06615776081424936,0.8387096774193549
0.0663265306122449,0.8387096774193549
0.06649616368286446,0.8387096774193549
0.06666666666666667,0.8387096774193549
0.06683804627249357,0.8387096774193549
0.06701030927835051,0.8387096774193549
0.06718346253229975,0.8387096774193549
0.06735751295336788,0.8387096774193549
0.06753246753246753,0.8387096774193549
0.06770833333333333,0.8387096774193549
0.06788511749347259,0.8387096774193549
0.06806282722513089,0.8387096774193549
0.06824146981627296,0.8387096774193549
0.06842105263157895,0.8387096774193549
0.06860158311345646,0.8387096774193549
0.06878306878306878,0.8387096774193549
0.06896551724137931,0.8387096774193549
0.06914893617021277,0.8387096774193549
0.06933333333333333,0.8387096774193549
0.06951871657754011,0.8387096774193549
0.06970509383378017,0.8387096774193549
0.06989247311827956,0.8387096774193549
0.07008086253369272,0.8387096774193549
0.07027027027027027,0.8387096774193549
0.07046070460704607,0.8387096774193549
0.07065217391304347,0.8387096774193549
0.07084468664850137,0.8387096774193549
0.07103825136612021,0.8387096774193549
0.07123287671232877,0.8387096774193549
0.07142857142857142,0.8387096774193549
0.07162534435261708,0.8387096774193549
0.0718232044198895,0.8387096774193549
0.07202216066481995,0.8387096774193549
0.07222222222222222,0.8387096774193549
0.07242339832869081,0.8387096774193549
0.07262569832402235,0.8387096774193549
0.07282913165266107,0.8387096774193549
0.07303370786516854,0.8387096774193549
0.07323943661971831,0.8387096774193549
0.07344632768361582,0.8387096774193549
0.07365439093484419,0.8387096774193549
0.07386363636363637,0.8387096774193549
0.07407407407407407,0.8387096774193549
0.07428571428571429,0.8387096774193549
0.07449856733524356,0.8387096774193549
0.07471264367816093,0.8387096774193549
0.07492795389048991,0.8387096774193549
0.07514450867052024,0.8387096774193549
0.07536231884057971,0.8387096774193549
0.0755813953488372,0.8387096774193549
0.07580174927113703,0.8387096774193549
0.07602339181286549,0.8387096774193549
0.07624633431085044,0.8387096774193549
0.07647058823529412,0.8387096774193549
0.07669616519174041,0.8387096774193549
0.07692307692307693,0.8387096774193549
0.0771513353115727,0.8387096774193549
0.07738095238095238,0.8387096774193549
0.07761194029850746,0.8387096774193549
0.07784431137724551,0.8387096774193549
0.07807807807807808,0.8387096774193549
0.0783132530120482,0.8387096774193549
0.07854984894259819,0.8387096774193549
0.07878787878787878,0.8387096774193549
0.0790273556231003,0.8387096774193549
0.07926829268292683,0.8387096774193549
0.07951070336391437,0.8387096774193549
0.07975460122699386,0.8387096774193549
0.08,0.8387096774193549
0.08024691358024691,0.8387096774193549
0.0804953560371517,0.8387096774193549
0.08074534161490683,0.8387096774193549
0.08099688473520249,0.8387096774193549
0.08125,0.8387096774193549
0.08150470219435736,0.8387096774193549
0.08176100628930817,0.8387096774193549
0.08201892744479496,0.8387096774193549
0.08227848101265822,0.8387096774193549
0.08253968253968254,0.8387096774193549
0.08280254777070063,0.8387096774193549
0.08306709265175719,0.8387096774193549
0.08333333333333333,0.8387096774193549
0.08360128617363344,0.8387096774193549
0.08387096774193549,0.8387096774193549
0.08414239482200647,0.8387096774193549
0.08441558441558442,0.8387096774193549
0.08469055374592833,0.8387096774193549
0.08496732026143791,0.8387096774193549
0.08524590163934426,0.8387096774193549
0.08552631578947369,0.8387096774193549
0.0858085808580858,0.8387096774193549
0.08609271523178808,0.8387096774193549
0.08637873754152824,0.8387096774193549
0.08666666666666667,0.8387096774193549
0.08695652173913043,0.8387096774193549
0.087248322147651,0.8387096774193549
0.08754208754208755,0.8387096774193549
0.08783783783783784,0.8387096774193549
0.08813559322033898,0.8387096774193549
0.08843537414965986,0.8387096774193549
0.08873720136518772,0.8387096774193549
0.08904109589041095,0.8387096774193549
0.08934707903780069,0.8387096774193549
0.0896551724137931,0.8387096774193549
0.08996539792387544,0.8387096774193549
0.09027777777777778,0.8387096774193549
0.09059233449477352,0.8387096774193549
0.09090909090909091,0.8387096774193549
0.0912280701754386,0.8387096774193549
0.09154929577464789,0.8387096774193549
0.09187279151943463,0.8387096774193549
0.09219858156028368,0.8387096774193549
0.09252669039145907,0.8387096774193549
0.09285714285714286,0.8387096774193549
0.0931899641577061,0.8387096774193549
0.09352517985611511,0.8387096774193549
0.09386281588447654,0.8387096774193549
0.09420289855072464,0.8387096774193549
0.09454545454545454,0.8387096774193549
0.0948905109489051,0.8387096774193549
0.09523809523809523,0.8387096774193549
0.09558823529411764,0.8387096774193549
0.0959409594095941,0.8387096774193549
0.0962962962962963,0.8387096774193549
0.09665427509293681,0.8387096774193549
0.09701492537313433,0.8387096774193549
0.09737827715355805,0.8387096774193549
0.09774436090225563,0.8387096774193549
0.09811320754716982,0.8387096774193549
0.09848484848484848,0.8387096774193549
0.09885931558935361,0.8387096774193549
0.09923664122137404,0.8387096774193549
0.09961685823754789,0.8387096774193549
0.1,0.8387096774193549
0.10038610038610038,0.8387096774193549
0.10077519379844961,0.8387096774193549
0.10116731517509728,0.8387096774193549
0.1015625,0.8387096774193549
0.10196078431372549,0.8387096774193549
0.10236220472440945,0.8387096774193549
0.10276679841897234,0.8387096774193549
0.10317460317460317,0.8387096774193549
0.10358565737051793,0.8387096774193549
0.104,0.8387096774193549
0.10441767068273092,0.8387096774193549
0.10483870967741936,0.8387096774193549
0.10526315789473684,0.8387096774193549
0.10569105691056911,0.8387096774193549
0.10612244897959183,0.8387096774193549
0.10655737704918032,0.8387096774193549
0.10699588477366255,0.8387096774193549
0.10743801652892562,0.8387096774193549
0.1078838174273859,0.8387096774193549
0.10833333333333334,0.8387096774193549
0.1087866108786611,0.8387096774193549
0.1092436974789916,0.8387096774193549
0.10970464135021098,0.8387096774193549
0.11016949152542373,0.8387096774193549
0.11063829787234042,0.8387096774193549
0.1111111111111111,0.8387096774193549
0.11158798283261803,0.8387096774193549
0.11206896551724138,0.8387096774193549
0.11255411255411256,0.8387096774193549
0.11304347826086956,0.8387096774193549
0.11353711790393013,0.8387096774193549
0.11403508771929824,0.8387096774193549
0.1145374449339207,0.8387096774193549
0.11504424778761062,0.8387096774193549
0.11555555555555555,0.8387096774193549
0.11607142857142858,0.8387096774193549
0.11659192825112108,0.8387096774193549
0.11711711711711711,0.8387096774193549
0.11764705882352941,0.8387096774193549
0.11818181818181818,0.8387096774193549
0.1187214611872146,0.8387096774193549
0.11467889908256881,0.8064516129032258
0.1152073732718894,0.8064516129032258
0.11574074074074074,0.8064516129032258
0.11627906976744186,0.8064516129032258
0.11682242990654206,0.8064516129032258
0.11737089201877934,0.8064516129032258
0.11320754716981132,0.7741935483870968
0.11374407582938388,0.7741935483870968
0.11428571428571428,0.7741935483870968
0.11483253588516747,0.7741935483870968
0.11538461538461539,0.7741935483870968
0.11594202898550725,0.7741935483870968
0.11650485436893204,0.7741935483870968
0.11707317073170732,0.7741935483870968
0.11764705882352941,0.7741935483870968
0.11822660098522167,0.7741935483870968
0.1188118811881188,0.7741935483870968
0.11940298507462686,0.7741935483870968
0.12,0.7741935483870968
0.12060301507537688,0.7741935483870968
0.12121212121212122,0.7741935483870968
0.1218274111675127,0.7741935483870968
0.12244897959183673,0.7741935483870968
0.12307692307692308,0.7741935483870968
0.12371134020618557,0.7741935483870968
0.12435233160621761,0.7741935483870968
0.125,0.7741935483870968
0.1256544502617801,0.7741935483870968
0.12631578947368421,0.7741935483870968
0.12698412698412698,0.7741935483870968
0.1276595744680851,0.7741935483870968
0.12834224598930483,0.7741935483870968
0.12903225806451613,0.7741935483870968
0.12972972972972974,0.7741935483870968
0.13043478260869565,0.7741935483870968
0.13114754098360656,0.7741935483870968
0.13186813186813187,0.7741935483870968
0.13259668508287292,0.7741935483870968
0.13333333333333333,0.7741935483870968
0.1340782122905028,0.7741935483870968
0.1348314606741573,0.7741935483870968
0.13559322033898305,0.7741935483870968
0.13636363636363635,0.7741935483870968
0.13714285714285715,0.7741935483870968
0.13793103448275862,0.7741935483870968
0.13872832369942195,0.7741935483870968
0.13953488372093023,0.7741935483870968
0.14035087719298245,0.7741935483870968
0.1411764705882353,0.7741935483870968
0.14201183431952663,0.7741935483870968
0.14285714285714285,0.7741935483870968
0.1437125748502994,0.7741935483870968
0.14457831325301204,0.7741935483870968
0.14545454545454545,0.7741935483870968
0.14634146341463414,0.7741935483870968
0.147239263803681,0.7741935483870968
0.14814814814814814,0.7741935483870968
0.14906832298136646,0.7741935483870968
0.15,0.7741935483870968
0.1509433962264151,0.7741935483870968
0.1518987341772152,0.7741935483870968
0.15286624203821655,0.7741935483870968
0.15384615384615385,0.7741935483870968
0.15483870967741936,0.7741935483870968
0.15584415584415584,0.7741935483870968
0.1568627450980392,0.7741935483870968
0.15789473684210525,0.7741935483870968
0.15894039735099338,0.7741935483870968
0.16,0.7741935483870968
0.1610738255033557,0.7741935483870968
0.16216216216216217,0.7741935483870968
0.16326530612244897,0.7741935483870968
0.1643835616438356,0.7741935483870968
0.16551724137931034,0.7741935483870968
0.16666666666666666,0.7741935483870968
0.16783216783216784,0.7741935483870968
0.16901408450704225,0.7741935483870968
0.1702127659574468,0.7741935483870968
0.17142857142857143,0.7741935483870968
0.17266187050359713,0.7741935483870968
0.17391304347826086,0.7741935483870968
0.17518248175182483,0.7741935483870968
0.17647058823529413,0.7741935483870968
0.17777777777777778,0.7741935483870968
0.1791044776119403,0.7741935483870968
0.18045112781954886,0.7741935483870968
0.18181818181818182,0.7741935483870968
0.183206106870229,0.7741935483870968
0.18461538461538463,0.7741935483870968
0.18604651162790697,0.7741935483870968
0.1875,0.7741935483870968
0.1889763779527559,0.7741935483870968
0.19047619047619047,0.7741935483870968
0.192,0.7741935483870968
0.1935483870967742,0.7741935483870968
0.1951219512195122,0.7741935483870968
0.19672131147540983,0.7741935483870968
0.19834710743801653,0.7741935483870968
0.2,0.7741935483870968
0.20168067226890757,0.7741935483870968
0.2033898305084746,0.7741935483870968
0.20512820512820512,0.7741935483870968
0.20689655172413793,0.7741935483870968
0.20869565217391303,0.7741935483870968
0.21052631578947367,0.7741935483870968
0.21238938053097345,0.7741935483870968
0.21428571428571427,0.7741935483870968
0.21621621621621623,0.7741935483870968
0.21818181818181817,0.7741935483870968
0.22018348623853212,0.7741935483870968
0.2222222222222222,0.7741935483870968
0.22429906542056074,0.7741935483870968
0.22641509433962265,0.7741935483870968
0.22857142857142856,0.7741935483870968
0.22115384615384615,0.7419354838709677
0.22330097087378642,0.7419354838709677
0.21568627450980393,0.7096774193548387
0.21782178217821782,0.7096774193548387
0.22,0.7096774193548387
0.2222222222222222,0.7096774193548387
0.22448979591836735,0.7096774193548387
0.2268041237113402,0.7096774193548387
0.22916666666666666,0.7096774193548387
0.23157894736842105,0.7096774193548387
0.23404255319148937,0.7096774193548387
0.23655913978494625,0.7096774193548387
0.2391304347826087,0.7096774193548387
0.24175824175824176,0.7096774193548387
0.24444444444444444,0.7096774193548387
0.24719101123595505,0.7096774193548387
0.25,0.7096774193548387
0.25287356321839083,0.7096774193548387
0.2558139534883721,0.7096774193548387
0.25882352941176473,0.7096774193548387
0.2619047619047619,0.7096774193548387
0.26506024096385544,0.7096774193548387
0.2682926829268293,0.7096774193548387
0.2716049382716049,0.7096774193548387
0.275,0.7096774193548387
0.27848101265822783,0.7096774193548387
0.28205128205128205,0.7096774193548387
0.2857142857142857,0.7096774193548387
0.2894736842105263,0.7096774193548387
0.29333333333333333,0.7096774193548387
0.2972972972972973,0.7096774193548387
0.3013698630136986,0.7096774193548387
0.3055555555555556,0.7096774193548387
0.30985915492957744,0.7096774193548387
0.3142857142857143,0.7096774193548387
0.3188405797101449,0.7096774193548387
0.3235294117647059,0.7096774193548387
0.3283582089552239,0.7096774193548387
0.3333333333333333,0.7096774193548387
0.3384615384615385,0.7096774193548387
0.34375,0.7096774193548387
0.3492063492063492,0.7096774193548387
0.3548387096774194,0.7096774193548387
0.36065573770491804,0.7096774193548387
0.36666666666666664,0.7096774193548387
0.3728813559322034,0.7096774193548387
0.3793103448275862,0.7096774193548387
0.3684210526315789,0.6774193548387096
0.375,0.6774193548387096
0.38181818181818183,0.6774193548387096
0.3888888888888889,0.6774193548387096
0.39622641509433965,0.6774193548387096
0.40384615384615385,0.6774193548387096
0.4117647058823529,0.6774193548387096
0.42,0.6774193548387096
0.42857142857142855,0.6774193548387096
0.4375,0.6774193548387096
0.425531914893617,0.6451612903225806
0.43478260869565216,0.6451612903225806
0.4444444444444444,0.6451612903225806
0.45454545454545453,0.6451612903225806
0.46511627906976744,0.6451612903225806
0.47619047619047616,0.6451612903225806
0.4878048780487805,0.6451612903225806
0.5,0.6451612903225806
0.5128205128205128,0.6451612903225806
0.5263157894736842,0.6451612903225806
0.5135135135135135,0.6129032258064516
0.5277777777777778,0.6129032258064516
0.5428571428571428,0.6129032258064516
0.5588235294117647,0.6129032258064516
0.5757575757575758,0.6129032258064516
0.59375,0.6129032258064516
0.6129032258064516,0.6129032258064516
0.6333333333333333,0.6129032258064516
0.6551724137931034,0.6129032258064516
0.6785714285714286,0.6129032258064516
0.7037037037037037,0.6129032258064516
0.7307692307692307,0.6129032258064516
0.76,0.6129032258064516
0.75,0.5806451612903226
0.782608695652174,0.5806451612903226
0.8181818181818182,0.5806451612903226
0.8571428571428571,0.5806451612903226
0.85,0.5483870967741935
0.8421052631578947,0.5161290322580645
0.8888888888888888,0.5161290322580645
0.9411764705882353,0.5161290322580645
0.9375,0.4838709677419355
1.0,0.4838709677419355
1.0,0.45161290322580644
1.0,0.41935483870967744
1.0,0.3870967741935484
1.0,0.3548387096774194
1.0,0.3225806451612903
1.0,0.2903225806451613
1.0,0.25806451612903225
1.0,0.22580645161290322
1.0,0.1935483870967742
1.0,0.16129032258064516
1.0,0.12903225806451613
1.0,0.0967741935483871
1.0,0.06451612903225806
1.0,0.03225806451612903
1.0,0.0
