Precision,Recall
0.014705882352941176,1.0
0.0995260663507109,0.6774193548387096
0.1,0.6774193548387096
0.10047846889952153,0.6774193548387096
0.10096153846153846,0.6774193548387096
0.10144927536231885,0.6774193548387096
0.10194174757281553,0.6774193548387096
0.1024390243902439,0.6774193548387096
0.10294117647058823,0.6774193548387096
0.10344827586206896,0.6774193548387096
0.10396039603960396,0.6774193548387096
0.1044776119402985,0.6774193548387096
0.105,0.6774193548387096
0.10552763819095477,0.6774193548387096
0.10606060606060606,0.6774193548387096
0.1065989847715736,0.6774193548387096
0.10714285714285714,0.6774193548387096
0.1076923076923077,0.6774193548387096
0.10824742268041238,0.6774193548387096
0.10880829015544041,0.6774193548387096
0.109375,0.6774193548387096
0.1099476439790576,0.6774193548387096
0.11052631578947368,0.6774193548387096
0.1111111111111111,0.6774193548387096
0.11170212765957446,0.6774193548387096
0.11229946524064172,0.6774193548387096
0.11290322580645161,0.6774193548387096
0.11351351351351352,0.6774193548387096
0.11413043478260869,0.6774193548387096
0.11475409836065574,0.6774193548387096
0.11538461538461539,0.6774193548387096
0.11602209944751381,0.6774193548387096
0.11666666666666667,0.6774193548387096
0.11731843575418995,0.6774193548387096
0.11797752808988764,0.6774193548387096
0.11864406779661017,0.6774193548387096
0.11931818181818182,0.6774193548387096
0.12,0.6774193548387096
0.1206896551724138,0.6774193548387096
0.12138728323699421,0.6774193548387096
0.12209302325581395,0.6774193548387096
0.12280701754385964,0.6774193548387096
0.12352941176470589,0.6774193548387096
0.1242603550295858,0.6774193548387096
0.125,0.6774193548387096
0.12574850299401197,0.6774193548387096
0.12650602409638553,0.6774193548387096
0.12727272727272726,0.6774193548387096
0.12804878048780488,0.6774193548387096
0.12883435582822086,0.6774193548387096
0.12962962962962962,0.6774193548387096
0.13043478260869565,0.6774193548387096
0.13125,0.6774193548387096
0.1320754716981132,0.6774193548387096
0.13291139240506328,0.6774193548387096
0.1337579617834395,0.6774193548387096
0.1346153846153846,0.6774193548387096
0.13548387096774195,0.6774193548387096
0.13636363636363635,0.6774193548387096
0.13725490196078433,0.6774193548387096
0.13815789473684212,0.6774193548387096
0.1390728476821192,0.6774193548387096
0.14,0.6774193548387096
0.14093959731543623,0.6774193548387096
0.14189189189189189,0.6774193548387096
0.14285714285714285,0.6774193548387096
0.14383561643835616,0.6774193548387096
0.14482758620689656,0.6774193548387096
0.14583333333333334,0.6774193548387096
0.14685314685314685,0.6774193548387096
0.14788732394366197,0.6774193548387096
0.14893617021276595,0.6774193548387096
0.15,0.6774193548387096
0.1510791366906475,0.6774193548387096
0.15217391304347827,0.6774193548387096
0.15328467153284672,0.6774193548387096
0.15441176470588236,0.6774193548387096
0.15555555555555556,0.6774193548387096
0.15671641791044777,0.6774193548387096
0.15789473684210525,0.6774193548387096
0.1590909090909091,0.6774193548387096
0.16030534351145037,0.6774193548387096
0.16153846153846155,0.6774193548387096
0.16279069767441862,0.6774193548387096
0.1640625,0.6774193548387096
0.16535433070866143,0.6774193548387096
0.16666666666666666,0.6774193548387096
0.168,0.6774193548387096
0.1693548387096774,0.6774193548387096
0.17073170731707318,0.6774193548387096
0.1721311475409836,0.6774193548387096
0.17355371900826447,0.6774193548387096
0.175,0.6774193548387096
0.17647058823529413,0.6774193548387096
0.17796610169491525,0.6774193548387096
0.1794871794871795,0.6774193548387096
0.1810344827586207,0.6774193548387096
0.1826086956521739,0.6774193548387096
0.18421052631578946,0.6774193548387096
0.18584070796460178,0.6774193548387096
0.1875,0.6774193548387096
0.1891891891891892,0.6774193548387096
0.19090909090909092,0.6774193548387096
0.1926605504587156,0.6774193548387096
0.19444444444444445,0.6774193548387096
0.19626168224299065,0.6774193548387096
0.19811320754716982,0.6774193548387096
0.2,0.6774193548387096
0.20192307692307693,0.6774193548387096
0.20388349514563106,0.6774193548387096
0.20588235294117646,0.6774193548387096
0.2079207920792079,0.6774193548387096
0.21,0.6774193548387096
0.21212121212121213,0.6774193548387096
0.21428571428571427,0.6774193548387096
0.21649484536082475,0.6774193548387096
0.21875,0.6774193548387096
0.22105263157894736,0.6774193548387096
0.22340425531914893,0.6774193548387096
0.22580645161290322,0.6774193548387096
0.22826086956521738,0.6774193548387096
0.23076923076923078,0.6774193548387096
0.23333333333333334,0.6774193548387096
0.23595505617977527,0.6774193548387096
0.23863636363636365,0.6774193548387096
0.2413793103448276,0.6774193548387096
0.2441860465116279,0.6774193548387096
0.24705882352941178,0.6774193548387096
0.25,0.6774193548387096
0.25301204819277107,0.6774193548387096
0.25609756097560976,0.6774193548387096
0.25925925925925924,0.6774193548387096
0.2625,0.6774193548387096
0.26582278481012656,0.6774193548387096
0.2692307692307692,0.6774193548387096
0.2727272727272727,0.6774193548387096
0.27631578947368424,0.6774193548387096
0.28,0.6774193548387096
0.28378378378378377,0.6774193548387096
0.2876712328767123,0.6774193548387096
0.2916666666666667,0.6774193548387096
0.29577464788732394,0.6774193548387096
0.3,0.6774193548387096
0.2898550724637681,0.6451612903225806
0.29411764705882354,0.6451612903225806
0.29850746268656714,0.6451612903225806
0.30303030303030304,0.6451612903225806
0.3076923076923077,0.6451612903225806
0.3125,0.6451612903225806
0.31746031746031744,0.6451612903225806
0.3225806451612903,0.6451612903225806
0.32786885245901637,0.6451612903225806
0.3333333333333333,0.6451612903225806
0.3389830508474576,0.6451612903225806
0.3448275862068966,0.6451612903225806
0.3508771929824561,0.6451612903225806
0.35714285714285715,0.6451612903225806
0.36363636363636365,0.6451612903225806
0.37037037037037035,0.6451612903225806
0.37735849056603776,0.6451612903225806
0.38461538461538464,0.6451612903225806
0.39215686274509803,0.6451612903225806
0.4,0.6451612903225806
0.40816326530612246,0.6451612903225806
0.4166666666666667,0.6451612903225806
0.425531914893617,0.6451612903225806
0.43478260869565216,0.6451612903225806
0.4444444444444444,0.6451612903225806
0.45454545454545453,0.6451612903225806
0.46511627906976744,0.6451612903225806
0.47619047619047616,0.6451612903225806
0.4878048780487805,0.6451612903225806
0.5,0.6451612903225806
0.5128205128205128,0.6451612903225806
0.5263157894736842,0.6451612903225806
0.5405405405405406,0.6451612903225806
0.5555555555555556,0.6451612903225806
0.5714285714285714,0.6451612903225806
0.5882352941176471,0.6451612903225806
0.6060606060606061,0.6451612903225806
0.625,0.6451612903225806
0.6451612903225806,0.6451612903225806
0.6666666666666666,0.6451612903225806
0.6551724137931034,0.6129032258064516
0.6428571428571429,0.5806451612903226
0.6666666666666666,0.5806451612903226
0.6923076923076923,0.5806451612903226
0.72,0.5806451612903226
0.75,0.5806451612903226
0.782608695652174,0.5806451612903226
0.8181818181818182,0.5806451612903226
0.8571428571428571,0.5806451612903226
0.85,0.5483870967741935
0.8947368421052632,0.5483870967741935
0.9444444444444444,0.5483870967741935
1.0,0.5483870967741935
1.0,0.5161290322580645
1.0,0.4838709677419355
1.0,0.45161290322580644
1.0,0.41935483870967744
1.0,0.0
