Precision,Recall
0.015430562468889995,1.0
0.014940239043824702,0.967741935483871
0.014947683109118086,0.967741935483871
0.014955134596211365,0.967741935483871
0.014962593516209476,0.967741935483871
0.014970059880239521,0.967741935483871
0.014977533699450823,0.967741935483871
0.014985014985014986,0.967741935483871
0.014992503748125937,0.967741935483871
0.015,0.967741935483871
0.015007503751875938,0.967741935483871
0.015015015015015015,0.967741935483871
0.015022533800701052,0.967741935483871
0.01503006012024048,0.967741935483871
0.015037593984962405,0.967741935483871
0.015045135406218655,0.967741935483871
0.015052684395383844,0.967741935483871
0.015060240963855422,0.967741935483871
0.015067805123053743,0.967741935483871
0.01507537688442211,0.967741935483871
0.015082956259426848,0.967741935483871
0.015090543259557344,0.967741935483871
0.01509813789632612,0.967741935483871
0.015105740181268883,0.967741935483871
0.015113350125944584,0.967741935483871
0.015120967741935484,0.967741935483871
0.015128593040847202,0.967741935483871
0.015136226034308779,0.967741935483871
0.01514386673397274,0.967741935483871
0.015151515151515152,0.967741935483871
0.015159171298635674,0.967741935483871
0.015166835187057633,0.967741935483871
0.015174506828528073,0.967741935483871
0.015182186234817813,0.967741935483871
0.015189873417721518,0.967741935483871
0.015197568389057751,0.967741935483871
0.015205271160669031,0.967741935483871
0.015212981744421906,0.967741935483871
0.015220700152207,0.967741935483871
0.015228426395939087,0.967741935483871
0.015236160487557136,0.967741935483871
0.01524390243902439,0.967741935483871
0.015251652262328419,0.967741935483871
0.015259409969481181,0.967741935483871
0.015267175572519083,0.967741935483871
0.015274949083503055,0.967741935483871
0.015282730514518594,0.967741935483871
0.01529051987767584,0.967741935483871
0.015298317185109638,0.967741935483871
0.015306122448979591,0.967741935483871
0.015313935681470138,0.967741935483871
0.015321756894790603,0.967741935483871
0.015329586101175269,0.967741935483871
0.015337423312883436,0.967741935483871
0.015345268542199489,0.967741935483871
0.015353121801432957,0.967741935483871
0.015360983102918587,0.967741935483871
0.015368852459016393,0.967741935483871
0.015376729882111738,0.967741935483871
0.015384615384615385,0.967741935483871
0.01539250897896357,0.967741935483871
0.015400410677618069,0.967741935483871
0.015408320493066256,0.967741935483871
0.015416238437821172,0.967741935483871
0.015424164524421594,0.967741935483871
0.015432098765432098,0.967741935483871
0.01544004117344313,0.967741935483871
0.015447991761071062,0.967741935483871
0.015455950540958269,0.967741935483871
0.015463917525773196,0.967741935483871
0.015471892728210418,0.967741935483871
0.015479876160990712,0.967741935483871
0.015487867836861126,0.967741935483871
0.015495867768595042,0.967741935483871
0.015503875968992248,0.967741935483871
0.015511892450879007,0.967741935483871
0.015519917227108122,0.967741935483871
0.015527950310559006,0.967741935483871
0.015535991714137753,0.967741935483871
0.015544041450777202,0.967741935483871
0.015552099533437015,0.967741935483871
0.015560165975103735,0.967741935483871
0.015568240788790867,0.967741935483871
0.01557632398753894,0.967741935483871
0.015584415584415584,0.967741935483871
0.015592515592515593,0.967741935483871
0.015600624024960999,0.967741935483871
0.015608740894901144,0.967741935483871
0.015616866215512754,0.967741935483871
0.015625,0.967741935483871
0.015633142261594582,0.967741935483871
0.01564129301355579,0.967741935483871
0.01564945226917058,0.967741935483871
0.015657620041753653,0.967741935483871
0.015665796344647518,0.967741935483871
0.01567398119122257,0.967741935483871
0.015682174594877155,0.967741935483871
0.015690376569037656,0.967741935483871
0.015698587127158554,0.967741935483871
0.015706806282722512,0.967741935483871
0.01571503404924044,0.967741935483871
0.015723270440251572,0.967741935483871
0.015731515469323543,0.967741935483871
0.015739769150052464,0.967741935483871
0.015748031496062992,0.967741935483871
0.015756302521008403,0.967741935483871
0.015764582238570676,0.967741935483871
0.015772870662460567,0.967741935483871
0.015781167806417674,0.967741935483871
0.015789473684210527,0.967741935483871
0.01579778830963665,0.967741935483871
0.015806111696522657,0.967741935483871
0.0158144438587243,0.967741935483871
0.015822784810126583,0.967741935483871
0.0158311345646438,0.967741935483871
0.01583949313621964,0.967741935483871
0.01584786053882726,0.967741935483871
0.015856236786469344,0.967741935483871
0.015864621893178214,0.967741935483871
0.015873015873015872,0.967741935483871
0.015881418740074114,0.967741935483871
0.015889830508474576,0.967741935483871
0.01589825119236884,0.967741935483871
0.015906680805938492,0.967741935483871
0.015915119363395226,0.967741935483871
0.01592356687898089,0.967741935483871
0.015932023366967606,0.967741935483871
0.015940488841657812,0.967741935483871
0.01594896331738437,0.967741935483871
0.015957446808510637,0.967741935483871
0.015965939329430547,0.967741935483871
0.01597444089456869,0.967741935483871
0.015982951518380393,0.967741935483871
0.015991471215351813,0.967741935483871
0.016,0.967741935483871
0.016008537886873,0.967741935483871
0.01601708489054992,0.967741935483871
0.016025641025641024,0.967741935483871
0.016034206306787813,0.967741935483871
0.016042780748663103,0.967741935483871
0.016051364365971106,0.967741935483871
0.016059957173447537,0.967741935483871
0.016068559185859668,0.967741935483871
0.01607717041800643,0.967741935483871
0.0160857908847185,0.967741935483871
0.016094420600858368,0.967741935483871
0.01610305958132045,0.967741935483871
0.01611170784103115,0.967741935483871
0.016120365394948953,0.967741935483871
0.016129032258064516,0.967741935483871
0.01613770844540075,0.967741935483871
0.016146393972012917,0.967741935483871
0.01615508885298869,0.967741935483871
0.016163793103448277,0.967741935483871
0.016172506738544475,0.967741935483871
0.016181229773462782,0.967741935483871
0.016189962223421478,0.967741935483871
0.016198704103671708,0.967741935483871
0.01620745542949757,0.967741935483871
0.016216216216216217,0.967741935483871
0.016224986479177934,0.967741935483871
0.016233766233766232,0.967741935483871
0.016242555495397944,0.967741935483871
0.016251354279523293,0.967741935483871
0.016260162601626018,0.967741935483871
0.016268980477223426,0.967741935483871
0.016277807921866522,0.967741935483871
0.016286644951140065,0.967741935483871
0.016295491580662683,0.967741935483871
0.016304347826086956,0.967741935483871
0.01631321370309951,0.967741935483871
0.01632208922742111,0.967741935483871
0.01633097441480675,0.967741935483871
0.016339869281045753,0.967741935483871
0.01634877384196185,0.967741935483871
0.016357688113413305,0.967741935483871
0.016366612111292964,0.967741935483871
0.016375545851528384,0.967741935483871
0.016384489350081924,0.967741935483871
0.01639344262295082,0.967741935483871
0.016402405686167305,0.967741935483871
0.016411378555798686,0.967741935483871
0.016420361247947456,0.967741935483871
0.01642935377875137,0.967741935483871
0.01643835616438356,0.967741935483871
0.01644736842105263,0.967741935483871
0.016456390565002744,0.967741935483871
0.01646542261251372,0.967741935483871
0.016474464579901153,0.967741935483871
0.016483516483516484,0.967741935483871
0.016492578339747113,0.967741935483871
0.0165016501650165,0.967741935483871
0.01651073197578426,0.967741935483871
0.016519823788546256,0.967741935483871
0.01652892561983471,0.967741935483871
0.016538037486218304,0.967741935483871
0.01654715940430226,0.967741935483871
0.016556291390728478,0.967741935483871
0.016565433462175594,0.967741935483871
0.016574585635359115,0.967741935483871
0.01658374792703151,0.967741935483871
0.016592920353982302,0.967741935483871
0.016602102933038185,0.967741935483871
0.016611295681063124,0.967741935483871
0.01662049861495845,0.967741935483871
0.01662971175166297,0.967741935483871
0.016638935108153077,0.967741935483871
0.016648168701442843,0.967741935483871
0.01665741254858412,0.967741935483871
0.016666666666666666,0.967741935483871
0.016675931072818232,0.967741935483871
0.01668520578420467,0.967741935483871
0.01669449081803005,0.967741935483871
0.01670378619153675,0.967741935483871
0.016713091922005572,0.967741935483871
0.016722408026755852,0.967741935483871
0.016731734523145567,0.967741935483871
0.016741071428571428,0.967741935483871
0.01675041876046901,0.967741935483871
0.01675977653631285,0.967741935483871
0.016769144773616546,0.967741935483871
0.016778523489932886,0.967741935483871
0.016787912702853944,0.967741935483871
0.0167973124300112,0.967741935483871
0.01680672268907563,0.967741935483871
0.016816143497757848,0.967741935483871
0.01682557487380819,0.967741935483871
0.016835016835016835,0.967741935483871
0.016844469399213923,0.967741935483871
0.016853932584269662,0.967741935483871
0.016863406408094434,0.967741935483871
0.01687289088863892,0.967741935483871
0.016882386043894203,0.967741935483871
0.016891891891891893,0.967741935483871
0.016901408450704224,0.967741935483871
0.016910935738444193,0.967741935483871
0.01692047377326565,0.967741935483871
0.016930022573363433,0.967741935483871
0.01693958215697346,0.967741935483871
0.01694915254237288,0.967741935483871
0.016958733747880157,0.967741935483871
0.016968325791855202,0.967741935483871
0.01697792869269949,0.967741935483871
0.01698754246885617,0.967741935483871
0.0169971671388102,0.967741935483871
0.017006802721088437,0.967741935483871
0.017016449234259785,0.967741935483871
0.0170261066969353,0.967741935483871
0.017035775127768313,0.967741935483871
0.017045454545454544,0.967741935483871
0.017055144968732235,0.967741935483871
0.017064846416382253,0.967741935483871
0.01707455890722823,0.967741935483871
0.017084282460136675,0.967741935483871
0.017094017094017096,0.967741935483871
0.01710376282782212,0.967741935483871
0.017113519680547633,0.967741935483871
0.017123287671232876,0.967741935483871
0.017133066818960593,0.967741935483871
0.017142857142857144,0.967741935483871
0.017152658662092625,0.967741935483871
0.017162471395881007,0.967741935483871
0.017172295363480253,0.967741935483871
0.01718213058419244,0.967741935483871
0.017191977077363897,0.967741935483871
0.017201834862385322,0.967741935483871
0.01721170395869191,0.967741935483871
0.01722158438576349,0.967741935483871
0.01723147616312464,0.967741935483871
0.017241379310344827,0.967741935483871
0.017251293847038527,0.967741935483871
0.01726121979286536,0.967741935483871
0.017271157167530225,0.967741935483871
0.01728110599078341,0.967741935483871
0.01729106628242075,0.967741935483871
0.01730103806228374,0.967741935483871
0.017311021350259664,0.967741935483871
0.017321016166281754,0.967741935483871
0.01733102253032929,0.967741935483871
0.017341040462427744,0.967741935483871
0.01735106998264893,0.967741935483871
0.017361111111111112,0.967741935483871
0.017371163867979156,0.967741935483871
0.01738122827346466,0.967741935483871
0.017391304347826087,0.967741935483871
0.01740139211136891,0.967741935483871
0.017411491584445733,0.967741935483871
0.017421602787456445,0.967741935483871
0.017431725740848343,0.967741935483871
0.01744186046511628,0.967741935483871
0.017452006980802792,0.967741935483871
0.017462165308498253,0.967741935483871
0.017472335468841003,0.967741935483871
0.017482517482517484,0.967741935483871
0.01749271137026239,0.967741935483871
0.01750291715285881,0.967741935483871
0.017513134851138354,0.967741935483871
0.017523364485981307,0.967741935483871
0.017533606078316773,0.967741935483871
0.017543859649122806,0.967741935483871
0.017554125219426564,0.967741935483871
0.01756440281030445,0.967741935483871
0.01757469244288225,0.967741935483871
0.017584994138335287,0.967741935483871
0.017595307917888565,0.967741935483871
0.017605633802816902,0.967741935483871
0.017615971814445096,0.967741935483871
0.01762632197414806,0.967741935483871
0.01763668430335097,0.967741935483871
0.01764705882352941,0.967741935483871
0.017657445556209534,0.967741935483871
0.0176678445229682,0.967741935483871
0.01767825574543312,0.967741935483871
0.01768867924528302,0.967741935483871
0.017699115044247787,0.967741935483871
0.01770956316410862,0.967741935483871
0.01772002362669817,0.967741935483871
0.01773049645390071,0.967741935483871
0.017740981667652277,0.967741935483871
0.01775147928994083,0.967741935483871
0.017761989342806393,0.967741935483871
0.017772511848341232,0.967741935483871
0.01778304682868998,0.967741935483871
0.017793594306049824,0.967741935483871
0.017804154302670624,0.967741935483871
0.017814726840855107,0.967741935483871
0.017825311942959002,0.967741935483871
0.0178359096313912,0.967741935483871
0.01784651992861392,0.967741935483871
0.017857142857142856,0.967741935483871
0.01786777843954735,0.967741935483871
0.017878426698450536,0.967741935483871
0.017889087656529516,0.967741935483871
0.017899761336515514,0.967741935483871
0.01791044776119403,0.967741935483871
0.017921146953405017,0.967741935483871
0.017931858936043037,0.967741935483871
0.017942583732057416,0.967741935483871
0.017953321364452424,0.967741935483871
0.017964071856287425,0.967741935483871
0.017974835230677052,0.967741935483871
0.017985611510791366,0.967741935483871
0.017996400719856028,0.967741935483871
0.01800720288115246,0.967741935483871
0.018018018018018018,0.967741935483871
0.018028846153846152,0.967741935483871
0.01803968731208659,0.967741935483871
0.018050541516245487,0.967741935483871
0.018061408789885613,0.967741935483871
0.018072289156626505,0.967741935483871
0.018083182640144666,0.967741935483871
0.018094089264173704,0.967741935483871
0.018105009052504527,0.967741935483871
0.018115942028985508,0.967741935483871
0.01812688821752266,0.967741935483871
0.018137847642079808,0.967741935483871
0.018148820326678767,0.967741935483871
0.018159806295399514,0.967741935483871
0.018170805572380374,0.967741935483871
0.01818181818181818,0.967741935483871
0.018192844147968467,0.967741935483871
0.01820388349514563,0.967741935483871
0.018214936247723135,0.967741935483871
0.018226002430133656,0.967741935483871
0.0182370820668693,0.967741935483871
0.01824817518248175,0.967741935483871
0.018259281801582473,0.967741935483871
0.018270401948842874,0.967741935483871
0.018281535648994516,0.967741935483871
0.018292682926829267,0.967741935483871
0.018303843807199512,0.967741935483871
0.018315018315018316,0.967741935483871
0.01832620647525962,0.967741935483871
0.018337408312958436,0.967741935483871
0.01834862385321101,0.967741935483871
0.01835985312117503,0.967741935483871
0.01837109614206981,0.967741935483871
0.01838235294117647,0.967741935483871
0.018393623543838136,0.967741935483871
0.018404907975460124,0.967741935483871
0.01841620626151013,0.967741935483871
0.018427518427518427,0.967741935483871
0.01843884449907806,0.967741935483871
0.01845018450184502,0.967741935483871
0.018461538461538463,0.967741935483871
0.01847290640394089,0.967741935483871
0.018484288354898338,0.967741935483871
0.018495684340320593,0.967741935483871
0.01850709438618137,0.967741935483871
0.018518518518518517,0.967741935483871
0.01852995676343422,0.967741935483871
0.018541409147095178,0.967741935483871
0.01855287569573284,0.967741935483871
0.018564356435643563,0.967741935483871
0.018575851393188854,0.967741935483871
0.01858736059479554,0.967741935483871
0.018598884066955982,0.967741935483871
0.018610421836228287,0.967741935483871
0.0186219739292365,0.967741935483871
0.018633540372670808,0.967741935483871
0.018645121193287758,0.967741935483871
0.018656716417910446,0.967741935483871
0.018668326073428748,0.967741935483871
0.0186799501867995,0.967741935483871
0.018691588785046728,0.967741935483871
0.018703241895261846,0.967741935483871
0.018714909544603867,0.967741935483871
0.018726591760299626,0.967741935483871
0.018738288569643973,0.967741935483871
0.01875,0.967741935483871
0.01876172607879925,0.967741935483871
0.01877346683354193,0.967741935483871
0.01878522229179712,0.967741935483871
0.018796992481203006,0.967741935483871
0.018808777429467086,0.967741935483871
0.018820577164366373,0.967741935483871
0.018832391713747645,0.967741935483871
0.018844221105527637,0.967741935483871
0.018856065367693273,0.967741935483871
0.018867924528301886,0.967741935483871
0.018879798615481436,0.967741935483871
0.018891687657430732,0.967741935483871
0.01890359168241966,0.967741935483871
0.018915510718789406,0.967741935483871
0.01892744479495268,0.967741935483871
0.01893939393939394,0.967741935483871
0.018951358180669616,0.967741935483871
0.018963337547408345,0.967741935483871
0.018975332068311195,0.967741935483871
0.0189873417721519,0.967741935483871
0.018999366687777075,0.967741935483871
0.019011406844106463,0.967741935483871
0.019023462270133164,0.967741935483871
0.01903553299492386,0.967741935483871
0.01904761904761905,0.967741935483871
0.01905972045743329,0.967741935483871
0.019071837253655435,0.967741935483871
0.019083969465648856,0.967741935483871
0.019096117122851686,0.967741935483871
0.01910828025477707,0.967741935483871
0.019120458891013385,0.967741935483871
0.01913265306122449,0.967741935483871
0.01914486279514997,0.967741935483871
0.019157088122605363,0.967741935483871
0.019169329073482427,0.967741935483871
0.01918158567774936,0.967741935483871
0.019193857965451054,0.967741935483871
0.019206145966709345,0.967741935483871
0.019218449711723255,0.967741935483871
0.019230769230769232,0.967741935483871
0.01924310455420141,0.967741935483871
0.019255455712451863,0.967741935483871
0.019267822736030827,0.967741935483871
0.019280205655526992,0.967741935483871
0.01929260450160772,0.967741935483871
0.019305019305019305,0.967741935483871
0.019317450096587252,0.967741935483871
0.019329896907216496,0.967741935483871
0.019342359767891684,0.967741935483871
0.01935483870967742,0.967741935483871
0.019367333763718526,0.967741935483871
0.01937984496124031,0.967741935483871
0.019392372333548805,0.967741935483871
0.019404915912031046,0.967741935483871
0.019417475728155338,0.967741935483871
0.019430051813471502,0.967741935483871
0.019442644199611146,0.967741935483871
0.019455252918287938,0.967741935483871
0.01946787800129786,0.967741935483871
0.01948051948051948,0.967741935483871
0.01949317738791423,0.967741935483871
0.01950585175552666,0.967741935483871
0.01951854261548471,0.967741935483871
0.01953125,0.967741935483871
0.019543973941368076,0.967741935483871
0.01955671447196871,0.967741935483871
0.019569471624266144,0.967741935483871
0.0195822454308094,0.967741935483871
0.019595035924232528,0.967741935483871
0.0196078431372549,0.967741935483871
0.01962066710268149,0.967741935483871
0.01963350785340314,0.967741935483871
0.019646365422396856,0.967741935483871
0.019659239842726082,0.967741935483871
0.019672131147540985,0.967741935483871
0.01968503937007874,0.967741935483871
0.01969796454366382,0.967741935483871
0.01971090670170828,0.967741935483871
0.01972386587771203,0.967741935483871
0.019736842105263157,0.967741935483871
0.019749835418038184,0.967741935483871
0.019762845849802372,0.967741935483871
0.01977587343441002,0.967741935483871
0.01978891820580475,0.967741935483871
0.019801980198019802,0.967741935483871
0.019815059445178335,0.967741935483871
0.01982815598149372,0.967741935483871
0.01984126984126984,0.967741935483871
0.01985440105890139,0.967741935483871
0.019867549668874173,0.967741935483871
0.019880715705765408,0.967741935483871
0.01989389920424403,0.967741935483871
0.019907100199071003,0.967741935483871
0.0199203187250996,0.967741935483871
0.019933554817275746,0.967741935483871
0.0199468085106383,0.967741935483871
0.01996007984031936,0.967741935483871
0.019973368841544607,0.967741935483871
0.019986675549633577,0.967741935483871
0.02,0.967741935483871
0.0200133422281521,0.967741935483871
0.020026702269692925,0.967741935483871
0.02004008016032064,0.967741935483871
0.020053475935828877,0.967741935483871
0.020066889632107024,0.967741935483871
0.020080321285140562,0.967741935483871
0.020093770931011386,0.967741935483871
0.020107238605898123,0.967741935483871
0.02012072434607646,0.967741935483871
0.020134228187919462,0.967741935483871
0.020147750167897917,0.967741935483871
0.020161290322580645,0.967741935483871
0.020174848688634835,0.967741935483871
0.020188425302826378,0.967741935483871
0.020202020202020204,0.967741935483871
0.02021563342318059,0.967741935483871
0.020229265003371546,0.967741935483871
0.020242914979757085,0.967741935483871
0.02025658338960162,0.967741935483871
0.02027027027027027,0.967741935483871
0.02028397565922921,0.967741935483871
0.02029769959404601,0.967741935483871
0.020311442112389978,0.967741935483871
0.02032520325203252,0.967741935483871
0.020338983050847456,0.967741935483871
0.0203527815468114,0.967741935483871
0.020366598778004074,0.967741935483871
0.020380434782608696,0.967741935483871
0.020394289598912305,0.967741935483871
0.02040816326530612,0.967741935483871
0.02042205582028591,0.967741935483871
0.020435967302452316,0.967741935483871
0.02044989775051125,0.967741935483871
0.020463847203274217,0.967741935483871
0.020477815699658702,0.967741935483871
0.020491803278688523,0.967741935483871
0.02050580997949419,0.967741935483871
0.02051983584131327,0.967741935483871
0.02053388090349076,0.967741935483871
0.02054794520547945,0.967741935483871
0.0205620287868403,0.967741935483871
0.0205761316872428,0.967741935483871
0.02059025394646534,0.967741935483871
0.020604395604395604,0.967741935483871
0.020618556701030927,0.967741935483871
0.02063273727647868,0.967741935483871
0.02064693737095664,0.967741935483871
0.02066115702479339,0.967741935483871
0.02067539627842867,0.967741935483871
0.020689655172413793,0.967741935483871
0.020703933747412008,0.967741935483871
0.020718232044198894,0.967741935483871
0.02073255010366275,0.967741935483871
0.02074688796680498,0.967741935483871
0.020761245674740483,0.967741935483871
0.02077562326869806,0.967741935483871
0.02079002079002079,0.967741935483871
0.020804438280166437,0.967741935483871
0.020818875780707843,0.967741935483871
0.020833333333333332,0.967741935483871
0.020847810979847115,0.967741935483871
0.02086230876216968,0.967741935483871
0.020876826722338204,0.967741935483871
0.020891364902506964,0.967741935483871
0.020905923344947737,0.967741935483871
0.02092050209205021,0.967741935483871
0.0209351011863224,0.967741935483871
0.02094972067039106,0.967741935483871
0.020964360587002098,0.967741935483871
0.02097902097902098,0.967741935483871
0.02099370188943317,0.967741935483871
0.02100840336134454,0.967741935483871
0.02102312543798178,0.967741935483871
0.021037868162692847,0.967741935483871
0.021052631578947368,0.967741935483871
0.021067415730337078,0.967741935483871
0.02108222066057625,0.967741935483871
0.02109704641350211,0.967741935483871
0.0211118930330753,0.967741935483871
0.02112676056338028,0.967741935483871
0.021141649048625793,0.967741935483871
0.021156558533145273,0.967741935483871
0.02117148906139732,0.967741935483871
0.0211864406779661,0.967741935483871
0.02120141342756184,0.967741935483871
0.021216407355021217,0.967741935483871
0.021231422505307854,0.967741935483871
0.021246458923512748,0.967741935483871
0.021261516654854713,0.967741935483871
0.02127659574468085,0.967741935483871
0.021291696238467,0.967741935483871
0.02130681818181818,0.967741935483871
0.021321961620469083,0.967741935483871
0.021337126600284494,0.967741935483871
0.021352313167259787,0.967741935483871
0.021367521367521368,0.967741935483871
0.021382751247327157,0.967741935483871
0.021398002853067047,0.967741935483871
0.021413276231263382,0.967741935483871
0.02142857142857143,0.967741935483871
0.021443888491779844,0.967741935483871
0.02145922746781116,0.967741935483871
0.021474588403722263,0.967741935483871
0.02148997134670487,0.967741935483871
0.021505376344086023,0.967741935483871
0.021520803443328552,0.967741935483871
0.021536252692031587,0.967741935483871
0.021551724137931036,0.967741935483871
0.021567217828900073,0.967741935483871
0.02158273381294964,0.967741935483871
0.02159827213822894,0.967741935483871
0.021613832853025938,0.967741935483871
0.021629416005767843,0.967741935483871
0.021645021645021644,0.967741935483871
0.021660649819494584,0.967741935483871
0.02167630057803468,0.967741935483871
0.021691973969631236,0.967741935483871
0.02170767004341534,0.967741935483871
0.02172338884866039,0.967741935483871
0.021739130434782608,0.967741935483871
0.021754894851341553,0.967741935483871
0.02177068214804064,0.967741935483871
0.02178649237472767,0.967741935483871
0.02180232558139535,0.967741935483871
0.02181818181818182,0.967741935483871
0.021834061135371178,0.967741935483871
0.021849963583394028,0.967741935483871
0.021865889212827987,0.967741935483871
0.02188183807439825,0.967741935483871
0.021897810218978103,0.967741935483871
0.02191380569758948,0.967741935483871
0.021929824561403508,0.967741935483871
0.021945866861741038,0.967741935483871
0.021961932650073207,0.967741935483871
0.02197802197802198,0.967741935483871
0.021994134897360705,0.967741935483871
0.022010271460014674,0.967741935483871
0.022026431718061675,0.967741935483871
0.02204261572373255,0.967741935483871
0.022058823529411766,0.967741935483871
0.02207505518763797,0.967741935483871
0.022091310751104567,0.967741935483871
0.02210759027266028,0.967741935483871
0.022123893805309734,0.967741935483871
0.02214022140221402,0.967741935483871
0.022156573116691284,0.967741935483871
0.022172949002217297,0.967741935483871
0.022189349112426034,0.967741935483871
0.02220577350111029,0.967741935483871
0.022222222222222223,0.967741935483871
0.02223869532987398,0.967741935483871
0.02225519287833828,0.967741935483871
0.022271714922048998,0.967741935483871
0.022288261515601784,0.967741935483871
0.022304832713754646,0.967741935483871
0.022321428571428572,0.967741935483871
0.022338049143708117,0.967741935483871
0.022354694485842028,0.967741935483871
0.02237136465324385,0.967741935483871
0.022388059701492536,0.967741935483871
0.022404779686333084,0.967741935483871
0.02242152466367713,0.967741935483871
0.02243829468960359,0.967741935483871
0.02245508982035928,0.967741935483871
0.02247191011235955,0.967741935483871
0.022488755622188907,0.967741935483871
0.02250562640660165,0.967741935483871
0.02252252252252252,0.967741935483871
0.022539444027047332,0.967741935483871
0.022556390977443608,0.967741935483871
0.022573363431151242,0.967741935483871
0.022590361445783132,0.967741935483871
0.02260738507912585,0.967741935483871
0.02262443438914027,0.967741935483871
0.022641509433962263,0.967741935483871
0.022658610271903322,0.967741935483871
0.022675736961451247,0.967741935483871
0.0226928895612708,0.967741935483871
0.022710068130204392,0.967741935483871
0.022727272727272728,0.967741935483871
0.022744503411675512,0.967741935483871
0.02276176024279211,0.967741935483871
0.022779043280182234,0.967741935483871
0.022796352583586626,0.967741935483871
0.022813688212927757,0.967741935483871
0.0228310502283105,0.967741935483871
0.02284843869002285,0.967741935483871
0.022865853658536585,0.967741935483871
0.02288329519450801,0.967741935483871
0.022900763358778626,0.967741935483871
0.02291825821237586,0.967741935483871
0.022935779816513763,0.967741935483871
0.022953328232593728,0.967741935483871
0.022970903522205207,0.967741935483871
0.022988505747126436,0.967741935483871
0.023006134969325152,0.967741935483871
0.023023791250959325,0.967741935483871
0.02304147465437788,0.967741935483871
0.023059185242121444,0.967741935483871
0.023076923076923078,0.967741935483871
0.023094688221709007,0.967741935483871
0.023112480739599383,0.967741935483871
0.02313030069390902,0.967741935483871
0.023148148148148147,0.967741935483871
0.023166023166023165,0.967741935483871
0.023183925811437404,0.967741935483871
0.02320185614849188,0.967741935483871
0.02321981424148607,0.967741935483871
0.023237800154918668,0.967741935483871
0.023255813953488372,0.967741935483871
0.023273855702094646,0.967741935483871
0.023291925465838508,0.967741935483871
0.023310023310023312,0.967741935483871
0.02332814930015552,0.967741935483871
0.023346303501945526,0.967741935483871
0.02336448598130841,0.967741935483871
0.02338269680436477,0.967741935483871
0.0234009360374415,0.967741935483871
0.0234192037470726,0.967741935483871
0.0234375,0.967741935483871
0.023455824863174355,0.967741935483871
0.023474178403755867,0.967741935483871
0.023492560689115115,0.967741935483871
0.023510971786833857,0.967741935483871
0.023529411764705882,0.967741935483871
0.023547880690737835,0.967741935483871
0.02356637863315004,0.967741935483871
0.02358490566037736,0.967741935483871
0.023603461841070025,0.967741935483871
0.023622047244094488,0.967741935483871
0.02364066193853428,0.967741935483871
0.02365930599369085,0.967741935483871
0.02367797947908445,0.967741935483871
0.023696682464454975,0.967741935483871
0.023715415019762844,0.967741935483871
0.023734177215189875,0.967741935483871
0.023752969121140142,0.967741935483871
0.02377179080824089,0.967741935483871
0.023790642347343377,0.967741935483871
0.023809523809523808,0.967741935483871
0.023828435266084195,0.967741935483871
0.02384737678855326,0.967741935483871
0.02386634844868735,0.967741935483871
0.02388535031847134,0.967741935483871
0.02390438247011952,0.967741935483871
0.023923444976076555,0.967741935483871
0.023942537909018357,0.967741935483871
0.023961661341853034,0.967741935483871
0.023980815347721823,0.967741935483871
0.024,0.967741935483871
0.02401921537229784,0.967741935483871
0.02403846153846154,0.967741935483871
0.024057738572574178,0.967741935483871
0.024077046548956663,0.967741935483871
0.024096385542168676,0.967741935483871
0.024115755627009645,0.967741935483871
0.02413515687851971,0.967741935483871
0.024154589371980676,0.967741935483871
0.024174053182917002,0.967741935483871
0.024193548387096774,0.967741935483871
0.024213075060532687,0.967741935483871
0.024232633279483037,0.967741935483871
0.024252223120452707,0.967741935483871
0.024271844660194174,0.967741935483871
0.024291497975708502,0.967741935483871
0.024311183144246355,0.967741935483871
0.024330900243309004,0.967741935483871
0.024350649350649352,0.967741935483871
0.024370430544272948,0.967741935483871
0.024390243902439025,0.967741935483871
0.024410089503661515,0.967741935483871
0.024429967426710098,0.967741935483871
0.02444987775061125,0.967741935483871
0.024469820554649267,0.967741935483871
0.024489795918367346,0.967741935483871
0.024509803921568627,0.967741935483871
0.024529844644317254,0.967741935483871
0.024549918166939442,0.967741935483871
0.02457002457002457,0.967741935483871
0.02459016393442623,0.967741935483871
0.02461033634126333,0.967741935483871
0.024630541871921183,0.967741935483871
0.024650780608052588,0.967741935483871
0.024671052631578948,0.967741935483871
0.024691358024691357,0.967741935483871
0.02471169686985173,0.967741935483871
0.0247320692497939,0.967741935483871
0.024752475247524754,0.967741935483871
0.02477291494632535,0.967741935483871
0.024793388429752067,0.967741935483871
0.02481389578163772,0.967741935483871
0.024834437086092714,0.967741935483871
0.024855012427506214,0.967741935483871
0.024875621890547265,0.967741935483871
0.024896265560165973,0.967741935483871
0.024916943521594685,0.967741935483871
0.02493765586034913,0.967741935483871
0.024958402662229616,0.967741935483871
0.02497918401332223,0.967741935483871
0.025,0.967741935483871
0.025020850708924104,0.967741935483871
0.025041736227045076,0.967741935483871
0.02506265664160401,0.967741935483871
0.02508361204013378,0.967741935483871
0.02510460251046025,0.967741935483871
0.02512562814070352,0.967741935483871
0.025146689019279127,0.967741935483871
0.025167785234899327,0.967741935483871
0.02518891687657431,0.967741935483871
0.025210084033613446,0.967741935483871
0.025231286795626577,0.967741935483871
0.025252525252525252,0.967741935483871
0.02527379949452401,0.967741935483871
0.025295109612141653,0.967741935483871
0.02531645569620253,0.967741935483871
0.02533783783783784,0.967741935483871
0.0253592561284869,0.967741935483871
0.025380710659898477,0.967741935483871
0.024555461473327687,0.9354838709677419
0.02457627118644068,0.9354838709677419
0.024597116200169637,0.9354838709677419
0.02461799660441426,0.9354838709677419
0.02463891248937978,0.9354838709677419
0.02465986394557823,0.9354838709677419
0.02468085106382979,0.9354838709677419
0.024701873935264053,0.9354838709677419
0.0247229326513214,0.9354838709677419
0.024744027303754267,0.9354838709677419
0.024765157984628524,0.9354838709677419
0.024786324786324785,0.9354838709677419
0.02480752780153978,0.9354838709677419
0.02482876712328767,0.9354838709677419
0.024850042844901457,0.9354838709677419
0.024871355060034305,0.9354838709677419
0.024892703862660945,0.9354838709677419
0.02491408934707904,0.9354838709677419
0.024935511607910577,0.9354838709677419
0.02495697074010327,0.9354838709677419
0.024978466838931956,0.9354838709677419
0.025,0.9354838709677419
0.025021570319240724,0.9354838709677419
0.025043177892918825,0.9354838709677419
0.025064822817631807,0.9354838709677419
0.025086505190311418,0.9354838709677419
0.025108225108225107,0.9354838709677419
0.02512998266897747,0.9354838709677419
0.02515177797051171,0.9354838709677419
0.025173611111111112,0.9354838709677419
0.02519548218940052,0.9354838709677419
0.025217391304347827,0.9354838709677419
0.025239338555265448,0.9354838709677419
0.025261324041811847,0.9354838709677419
0.025283347863993024,0.9354838709677419
0.02530541012216405,0.9354838709677419
0.025327510917030567,0.9354838709677419
0.025349650349650348,0.9354838709677419
0.02537182852143482,0.9354838709677419
0.025394045534150613,0.9354838709677419
0.025416301489921123,0.9354838709677419
0.02543859649122807,0.9354838709677419
0.025460930640913083,0.9354838709677419
0.025483304042179262,0.9354838709677419
0.025505716798592787,0.9354838709677419
0.025528169014084508,0.9354838709677419
0.02555066079295154,0.9354838709677419
0.025573192239858905,0.9354838709677419
0.02559576345984113,0.9354838709677419
0.02561837455830389,0.9354838709677419
0.02564102564102564,0.9354838709677419
0.02566371681415929,0.9354838709677419
0.025686448184233834,0.9354838709677419
0.025709219858156027,0.9354838709677419
0.025732031943212066,0.9354838709677419
0.02575488454706927,0.9354838709677419
0.025777777777777778,0.9354838709677419
0.025800711743772242,0.9354838709677419
0.025823686553873553,0.9354838709677419
0.025846702317290554,0.9354838709677419
0.025869759143621766,0.9354838709677419
0.025892857142857145,0.9354838709677419
0.025915996425379804,0.9354838709677419
0.0259391771019678,0.9354838709677419
0.025962399283795883,0.9354838709677419
0.025985663082437275,0.9354838709677419
0.02600896860986547,0.9354838709677419
0.026032315978456014,0.9354838709677419
0.02605570530098832,0.9354838709677419
0.026079136690647483,0.9354838709677419
0.026102610261026102,0.9354838709677419
0.026126126126126126,0.9354838709677419
0.026149684400360685,0.9354838709677419
0.026173285198555957,0.9354838709677419
0.026196928635953028,0.9354838709677419
0.026220614828209764,0.9354838709677419
0.026244343891402715,0.9354838709677419
0.026268115942028984,0.9354838709677419
0.02629193109700816,0.9354838709677419
0.02631578947368421,0.9354838709677419
0.02633969118982743,0.9354838709677419
0.026363636363636363,0.9354838709677419
0.026387625113739762,0.9354838709677419
0.026411657559198543,0.9354838709677419
0.02643573381950775,0.9354838709677419
0.02645985401459854,0.9354838709677419
0.026484018264840183,0.9354838709677419
0.026508226691042046,0.9354838709677419
0.026532479414455627,0.9354838709677419
0.026556776556776556,0.9354838709677419
0.026581118240146653,0.9354838709677419
0.026605504587155965,0.9354838709677419
0.02662993572084481,0.9354838709677419
0.02665441176470588,0.9354838709677419
0.02667893284268629,0.9354838709677419
0.026703499079189688,0.9354838709677419
0.026728110599078342,0.9354838709677419
0.026752767527675275,0.9354838709677419
0.02677746999076639,0.9354838709677419
0.026802218114602587,0.9354838709677419
0.02682701202590194,0.9354838709677419
0.026851851851851852,0.9354838709677419
0.026876737720111215,0.9354838709677419
0.026901669758812616,0.9354838709677419
0.02692664809656453,0.9354838709677419
0.02695167286245353,0.9354838709677419
0.026976744186046512,0.9354838709677419
0.027001862197392923,0.9354838709677419
0.02702702702702703,0.9354838709677419
0.027052238805970148,0.9354838709677419
0.02707749766573296,0.9354838709677419
0.027102803738317756,0.9354838709677419
0.027128157156220765,0.9354838709677419
0.027153558052434457,0.9354838709677419
0.02717900656044986,0.9354838709677419
0.027204502814258912,0.9354838709677419
0.027230046948356807,0.9354838709677419
0.02725563909774436,0.9354838709677419
0.027281279397930385,0.9354838709677419
0.027306967984934087,0.9354838709677419
0.027332704995287466,0.9354838709677419
0.027358490566037737,0.9354838709677419
0.027384324834749764,0.9354838709677419
0.027410207939508508,0.9354838709677419
0.027436140018921477,0.9354838709677419
0.027462121212121212,0.9354838709677419
0.027488151658767772,0.9354838709677419
0.027514231499051234,0.9354838709677419
0.027540360873694207,0.9354838709677419
0.027566539923954372,0.9354838709677419
0.02759276879162702,0.9354838709677419
0.02761904761904762,0.9354838709677419
0.027645376549094377,0.9354838709677419
0.02767175572519084,0.9354838709677419
0.027698185291308502,0.9354838709677419
0.027724665391969407,0.9354838709677419
0.027751196172248804,0.9354838709677419
0.027777777777777776,0.9354838709677419
0.027804410354745925,0.9354838709677419
0.02783109404990403,0.9354838709677419
0.027857829010566763,0.9354838709677419
0.027884615384615386,0.9354838709677419
0.02791145332050048,0.9354838709677419
0.027938342967244702,0.9354838709677419
0.027965284474445518,0.9354838709677419
0.027992277992277992,0.9354838709677419
0.028019323671497585,0.9354838709677419
0.02804642166344294,0.9354838709677419
0.028073572120038724,0.9354838709677419
0.02810077519379845,0.9354838709677419
0.028128031037827354,0.9354838709677419
0.02815533980582524,0.9354838709677419
0.028182701652089408,0.9354838709677419
0.02821011673151751,0.9354838709677419
0.028237585199610515,0.9354838709677419
0.028265107212475632,0.9354838709677419
0.02829268292682927,0.9354838709677419
0.0283203125,0.9354838709677419
0.028347996089931573,0.9354838709677419
0.02837573385518591,0.9354838709677419
0.02840352595494613,0.9354838709677419
0.028431372549019607,0.9354838709677419
0.02845927379784102,0.9354838709677419
0.02848722986247544,0.9354838709677419
0.028515240904621434,0.9354838709677419
0.028543307086614175,0.9354838709677419
0.02857142857142857,0.9354838709677419
0.028599605522682446,0.9354838709677419
0.028627838104639685,0.9354838709677419
0.02865612648221344,0.9354838709677419
0.028684470820969338,0.9354838709677419
0.028712871287128714,0.9354838709677419
0.028741328047571853,0.9354838709677419
0.028769841269841268,0.9354838709677419
0.028798411122144985,0.9354838709677419
0.02882703777335984,0.9354838709677419
0.028855721393034824,0.9354838709677419
0.02888446215139442,0.9354838709677419
0.028913260219341975,0.9354838709677419
0.028942115768463075,0.9354838709677419
0.028971028971028972,0.9354838709677419
0.029,0.9354838709677419
0.02902902902902903,0.9354838709677419
0.02905811623246493,0.9354838709677419
0.029087261785356068,0.9354838709677419
0.029116465863453816,0.9354838709677419
0.02914572864321608,0.9354838709677419
0.029175050301810865,0.9354838709677419
0.02920443101711984,0.9354838709677419
0.029233870967741934,0.9354838709677419
0.029263370332996974,0.9354838709677419
0.029292929292929294,0.9354838709677419
0.029322548028311426,0.9354838709677419
0.029352226720647773,0.9354838709677419
0.029381965552178316,0.9354838709677419
0.029411764705882353,0.9354838709677419
0.029441624365482234,0.9354838709677419
0.029471544715447155,0.9354838709677419
0.029501525940996948,0.9354838709677419
0.029531568228105907,0.9354838709677419
0.029561671763506627,0.9354838709677419
0.02959183673469388,0.9354838709677419
0.0296220633299285,0.9354838709677419
0.02965235173824131,0.9354838709677419
0.02968270214943705,0.9354838709677419
0.02971311475409836,0.9354838709677419
0.029743589743589743,0.9354838709677419
0.029774127310061602,0.9354838709677419
0.029804727646454265,0.9354838709677419
0.029835390946502057,0.9354838709677419
0.029866117404737384,0.9354838709677419
0.029896907216494847,0.9354838709677419
0.029927760577915376,0.9354838709677419
0.029958677685950414,0.9354838709677419
0.02998965873836608,0.9354838709677419
0.030020703933747412,0.9354838709677419
0.03005181347150259,0.9354838709677419
0.03008298755186722,0.9354838709677419
0.030114226375908618,0.9354838709677419
0.030145530145530147,0.9354838709677419
0.030176899063475548,0.9354838709677419
0.030208333333333334,0.9354838709677419
0.03023983315954119,0.9354838709677419
0.030271398747390398,0.9354838709677419
0.029258098223615466,0.9032258064516129
0.029288702928870293,0.9032258064516129
0.02931937172774869,0.9032258064516129
0.029350104821802937,0.9032258064516129
0.02938090241343127,0.9032258064516129
0.029411764705882353,0.9032258064516129
0.029442691903259727,0.9032258064516129
0.029473684210526315,0.9032258064516129
0.029504741833508957,0.9032258064516129
0.029535864978902954,0.9032258064516129
0.029567053854276663,0.9032258064516129
0.02959830866807611,0.9032258064516129
0.02962962962962963,0.9032258064516129
0.029661016949152543,0.9032258064516129
0.029692470837751856,0.9032258064516129
0.029723991507430998,0.9032258064516129
0.02975557917109458,0.9032258064516129
0.029787234042553193,0.9032258064516129
0.029818956336528223,0.9032258064516129
0.029850746268656716,0.9032258064516129
0.029882604055496264,0.9032258064516129
0.029914529914529916,0.9032258064516129
0.029946524064171122,0.9032258064516129
0.029978586723768737,0.9032258064516129
0.030010718113612004,0.9032258064516129
0.030042918454935622,0.9032258064516129
0.03007518796992481,0.9032258064516129
0.030107526881720432,0.9032258064516129
0.030139935414424113,0.9032258064516129
0.03017241379310345,0.9032258064516129
0.030204962243797196,0.9032258064516129
0.03023758099352052,0.9032258064516129
0.03027027027027027,0.9032258064516129
0.030303030303030304,0.9032258064516129
0.030335861321776816,0.9032258064516129
0.03036876355748373,0.9032258064516129
0.03040173724212812,0.9032258064516129
0.030434782608695653,0.9032258064516129
0.030467899891186073,0.9032258064516129
0.030501089324618737,0.9032258064516129
0.030534351145038167,0.9032258064516129
0.03056768558951965,0.9032258064516129
0.030601092896174863,0.9032258064516129
0.030634573304157548,0.9032258064516129
0.03066812705366922,0.9032258064516129
0.03070175438596491,0.9032258064516129
0.030735455543358946,0.9032258064516129
0.03076923076923077,0.9032258064516129
0.030803080308030802,0.9032258064516129
0.030837004405286344,0.9032258064516129
0.030871003307607496,0.9032258064516129
0.03090507726269316,0.9032258064516129
0.030939226519337018,0.9032258064516129
0.030973451327433628,0.9032258064516129
0.031007751937984496,0.9032258064516129
0.031042128603104215,0.9032258064516129
0.03107658157602664,0.9032258064516129
0.03111111111111111,0.9032258064516129
0.03114571746384872,0.9032258064516129
0.031180400890868598,0.9032258064516129
0.03121516164994426,0.9032258064516129
0.03125,0.9032258064516129
0.03128491620111732,0.9032258064516129
0.03131991051454139,0.9032258064516129
0.03135498320268757,0.9032258064516129
0.03139013452914798,0.9032258064516129
0.031425364758698095,0.9032258064516129
0.03146067415730337,0.9032258064516129
0.031496062992125984,0.9032258064516129
0.03153153153153153,0.9032258064516129
0.03156708004509583,0.9032258064516129
0.03160270880361174,0.9032258064516129
0.031638418079096044,0.9032258064516129
0.03167420814479638,0.9032258064516129
0.031710079275198186,0.9032258064516129
0.031746031746031744,0.9032258064516129
0.03178206583427923,0.9032258064516129
0.031818181818181815,0.9032258064516129
0.03185437997724687,0.9032258064516129
0.03189066059225513,0.9032258064516129
0.03192702394526796,0.9032258064516129
0.0319634703196347,0.9032258064516129
0.032,0.9032258064516129
0.032036613272311214,0.9032258064516129
0.032073310423825885,0.9032258064516129
0.03211009174311927,0.9032258064516129
0.03214695752009185,0.9032258064516129
0.03218390804597701,0.9032258064516129
0.03222094361334868,0.9032258064516129
0.03225806451612903,0.9032258064516129
0.03229527104959631,0.9032258064516129
0.03233256351039261,0.9032258064516129
0.03236994219653179,0.9032258064516129
0.032407407407407406,0.9032258064516129
0.03244495944380069,0.9032258064516129
0.03248259860788863,0.9032258064516129
0.032520325203252036,0.9032258064516129
0.03255813953488372,0.9032258064516129
0.03259604190919674,0.9032258064516129
0.03263403263403263,0.9032258064516129
0.03267211201866978,0.9032258064516129
0.03271028037383177,0.9032258064516129
0.03274853801169591,0.9032258064516129
0.03278688524590164,0.9032258064516129
0.032825322391559206,0.9032258064516129
0.03286384976525822,0.9032258064516129
0.03290246768507638,0.9032258064516129
0.03294117647058824,0.9032258064516129
0.03297997644287397,0.9032258064516129
0.0330188679245283,0.9032258064516129
0.03305785123966942,0.9032258064516129
0.03309692671394799,0.9032258064516129
0.033136094674556214,0.9032258064516129
0.03317535545023697,0.9032258064516129
0.033214709371293,0.9032258064516129
0.0332541567695962,0.9032258064516129
0.03329369797859691,0.9032258064516129
0.03333333333333333,0.9032258064516129
0.033373063170441,0.9032258064516129
0.03341288782816229,0.9032258064516129
0.03345280764635603,0.9032258064516129
0.03349282296650718,0.9032258064516129
0.033532934131736525,0.9032258064516129
0.03357314148681055,0.9032258064516129
0.03361344537815126,0.9032258064516129
0.03365384615384615,0.9032258064516129
0.03369434416365824,0.9032258064516129
0.033734939759036145,0.9032258064516129
0.033775633293124246,0.9032258064516129
0.033816425120772944,0.9032258064516129
0.03385731559854897,0.9032258064516129
0.03389830508474576,0.9032258064516129
0.03393939393939394,0.9032258064516129
0.03398058252427184,0.9032258064516129
0.03402187120291616,0.9032258064516129
0.0340632603406326,0.9032258064516129
0.0341047503045067,0.9032258064516129
0.03414634146341464,0.9032258064516129
0.03418803418803419,0.9032258064516129
0.034229828850855744,0.9032258064516129
0.03427172582619339,0.9032258064516129
0.03431372549019608,0.9032258064516129
0.0343558282208589,0.9032258064516129
0.0343980343980344,0.9032258064516129
0.03444034440344403,0.9032258064516129
0.034482758620689655,0.9032258064516129
0.0345252774352651,0.9032258064516129
0.0345679012345679,0.9032258064516129
0.034610630407911,0.9032258064516129
0.034653465346534656,0.9032258064516129
0.03469640644361834,0.9032258064516129
0.034739454094292806,0.9032258064516129
0.034782608695652174,0.9032258064516129
0.03482587064676617,0.9032258064516129
0.034869240348692404,0.9032258064516129
0.034912718204488775,0.9032258064516129
0.03495630461922597,0.9032258064516129
0.035,0.9032258064516129
0.03504380475594493,0.9032258064516129
0.03508771929824561,0.9032258064516129
0.03513174404015056,0.9032258064516129
0.035175879396984924,0.9032258064516129
0.03522012578616352,0.9032258064516129
0.03526448362720403,0.9032258064516129
0.03530895334174023,0.9032258064516129
0.03535353535353535,0.9032258064516129
0.035398230088495575,0.9032258064516129
0.035443037974683546,0.9032258064516129
0.035487959442332066,0.9032258064516129
0.03553299492385787,0.9032258064516129
0.035578144853875476,0.9032258064516129
0.035623409669211195,0.9032258064516129
0.035668789808917196,0.9032258064516129
0.03571428571428571,0.9032258064516129
0.035759897828863345,0.9032258064516129
0.03580562659846547,0.9032258064516129
0.03585147247119078,0.9032258064516129
0.035897435897435895,0.9032258064516129
0.03594351732991014,0.9032258064516129
0.03598971722365039,0.9032258064516129
0.036036036036036036,0.9032258064516129
0.03608247422680412,0.9032258064516129
0.03612903225806452,0.9032258064516129
0.03617571059431524,0.9032258064516129
0.03622250970245795,0.9032258064516129
0.03626943005181347,0.9032258064516129
0.03631647211413749,0.9032258064516129
0.03636363636363636,0.9032258064516129
0.036410923276983094,0.9032258064516129
0.036458333333333336,0.9032258064516129
0.03650586701434159,0.9032258064516129
0.03655352480417755,0.9032258064516129
0.036601307189542485,0.9032258064516129
0.03664921465968586,0.9032258064516129
0.03669724770642202,0.9032258064516129
0.03674540682414698,0.9032258064516129
0.03679369250985545,0.9032258064516129
0.03684210526315789,0.9032258064516129
0.03689064558629776,0.9032258064516129
0.036939313984168866,0.9032258064516129
0.036988110964332896,0.9032258064516129
0.037037037037037035,0.9032258064516129
0.03708609271523179,0.9032258064516129
0.03713527851458886,0.9032258064516129
0.03718459495351926,0.9032258064516129
0.03723404255319149,0.9032258064516129
0.037283621837549935,0.9032258064516129
0.037333333333333336,0.9032258064516129
0.037383177570093455,0.9032258064516129
0.0374331550802139,0.9032258064516129
0.03748326639892905,0.9032258064516129
0.03753351206434316,0.9032258064516129
0.03758389261744966,0.9032258064516129
0.03763440860215054,0.9032258064516129
0.03768506056527591,0.9032258064516129
0.03773584905660377,0.9032258064516129
0.037786774628879895,0.9032258064516129
0.03783783783783784,0.9032258064516129
0.037889039242219216,0.9032258064516129
0.037940379403794036,0.9032258064516129
0.037991858887381276,0.9032258064516129
0.03804347826086957,0.9032258064516129
0.0380952380952381,0.9032258064516129
0.03814713896457766,0.9032258064516129
0.03819918144611187,0.9032258064516129
0.03825136612021858,0.9032258064516129
0.038303693570451436,0.9032258064516129
0.038356164383561646,0.9032258064516129
0.038408779149519894,0.9032258064516129
0.038461538461538464,0.9032258064516129
0.03851444291609354,0.9032258064516129
0.03856749311294766,0.9032258064516129
0.038620689655172416,0.9032258064516129
0.03867403314917127,0.9032258064516129
0.03872752420470263,0.9032258064516129
0.038781163434903045,0.9032258064516129
0.038834951456310676,0.9032258064516129
0.03888888888888889,0.9032258064516129
0.03894297635605007,0.9032258064516129
0.03899721448467967,0.9032258064516129
0.03905160390516039,0.9032258064516129
0.03910614525139665,0.9032258064516129
0.039160839160839164,0.9032258064516129
0.0392156862745098,0.9032258064516129
0.03927068723702665,0.9032258064516129
0.03932584269662921,0.9032258064516129
0.03938115330520394,0.9032258064516129
0.03943661971830986,0.9032258064516129
0.039492242595204514,0.9032258064516129
0.038135593220338986,0.8709677419354839
0.03818953323903819,0.8709677419354839
0.03824362606232295,0.8709677419354839
0.03829787234042553,0.8709677419354839
0.03835227272727273,0.8709677419354839
0.03840682788051209,0.8709677419354839
0.038461538461538464,0.8709677419354839
0.03851640513552068,0.8709677419354839
0.03857142857142857,0.8709677419354839
0.03862660944206009,0.8709677419354839
0.03868194842406877,0.8709677419354839
0.03873744619799139,0.8709677419354839
0.03879310344827586,0.8709677419354839
0.03884892086330935,0.8709677419354839
0.03890489913544669,0.8709677419354839
0.03896103896103896,0.8709677419354839
0.03901734104046243,0.8709677419354839
0.03907380607814761,0.8709677419354839
0.0391304347826087,0.8709677419354839
0.03918722786647315,0.8709677419354839
0.03924418604651163,0.8709677419354839
0.039301310043668124,0.8709677419354839
0.03935860058309038,0.8709677419354839
0.03941605839416058,0.8709677419354839
0.039473684210526314,0.8709677419354839
0.03953147877013177,0.8709677419354839
0.039589442815249266,0.8709677419354839
0.039647577092511016,0.8709677419354839
0.039705882352941174,0.8709677419354839
0.039764359351988215,0.8709677419354839
0.03982300884955752,0.8709677419354839
0.03988183161004431,0.8709677419354839
0.03994082840236687,0.8709677419354839
0.04,0.8709677419354839
0.040059347181008904,0.8709677419354839
0.04011887072808321,0.8709677419354839
0.04017857142857143,0.8709677419354839
0.040238450074515646,0.8709677419354839
0.04029850746268657,0.8709677419354839
0.04035874439461883,0.8709677419354839
0.040419161676646706,0.8709677419354839
0.04047976011994003,0.8709677419354839
0.04054054054054054,0.8709677419354839
0.0406015037593985,0.8709677419354839
0.04066265060240964,0.8709677419354839
0.04072398190045249,0.8709677419354839
0.04078549848942598,0.8709677419354839
0.04084720121028744,0.8709677419354839
0.04090909090909091,0.8709677419354839
0.0409711684370258,0.8709677419354839
0.041033434650455926,0.8709677419354839
0.0410958904109589,0.8709677419354839
0.041158536585365856,0.8709677419354839
0.04122137404580153,0.8709677419354839
0.04128440366972477,0.8709677419354839
0.04134762633996937,0.8709677419354839
0.04141104294478527,0.8709677419354839
0.041474654377880185,0.8709677419354839
0.04153846153846154,0.8709677419354839
0.04160246533127889,0.8709677419354839
0.041666666666666664,0.8709677419354839
0.04173106646058733,0.8709677419354839
0.04179566563467492,0.8709677419354839
0.04186046511627907,0.8709677419354839
0.04192546583850932,0.8709677419354839
0.041990668740279936,0.8709677419354839
0.04205607476635514,0.8709677419354839
0.0421216848673947,0.8709677419354839
0.0421875,0.8709677419354839
0.04225352112676056,0.8709677419354839
0.04231974921630094,0.8709677419354839
0.0423861852433281,0.8709677419354839
0.04245283018867924,0.8709677419354839
0.04251968503937008,0.8709677419354839
0.04258675078864353,0.8709677419354839
0.04265402843601896,0.8709677419354839
0.04272151898734177,0.8709677419354839
0.042789223454833596,0.8709677419354839
0.04285714285714286,0.8709677419354839
0.04292527821939587,0.8709677419354839
0.042993630573248405,0.8709677419354839
0.0430622009569378,0.8709677419354839
0.04313099041533546,0.8709677419354839
0.0432,0.8709677419354839
0.04326923076923077,0.8709677419354839
0.04333868378812199,0.8709677419354839
0.04340836012861737,0.8709677419354839
0.043478260869565216,0.8709677419354839
0.043548387096774194,0.8709677419354839
0.04361873990306947,0.8709677419354839
0.043689320388349516,0.8709677419354839
0.04376012965964344,0.8709677419354839
0.04383116883116883,0.8709677419354839
0.04390243902439024,0.8709677419354839
0.043973941368078175,0.8709677419354839
0.04404567699836868,0.8709677419354839
0.04411764705882353,0.8709677419354839
0.044189852700491,0.8709677419354839
0.04426229508196721,0.8709677419354839
0.04433497536945813,0.8709677419354839
0.044407894736842105,0.8709677419354839
0.044481054365733116,0.8709677419354839
0.04455445544554455,0.8709677419354839
0.04462809917355372,0.8709677419354839
0.04470198675496689,0.8709677419354839
0.04477611940298507,0.8709677419354839
0.044850498338870434,0.8709677419354839
0.04492512479201331,0.8709677419354839
0.045,0.8709677419354839
0.045075125208681135,0.8709677419354839
0.0451505016722408,0.8709677419354839
0.04522613065326633,0.8709677419354839
0.04530201342281879,0.8709677419354839
0.0453781512605042,0.8709677419354839
0.045454545454545456,0.8709677419354839
0.045531197301854974,0.8709677419354839
0.04560810810810811,0.8709677419354839
0.04568527918781726,0.8709677419354839
0.04576271186440678,0.8709677419354839
0.04584040747028863,0.8709677419354839
0.04591836734693878,0.8709677419354839
0.04599659284497445,0.8709677419354839
0.04607508532423208,0.8709677419354839
0.046153846153846156,0.8709677419354839
0.046232876712328765,0.8709677419354839
0.04631217838765009,0.8709677419354839
0.04639175257731959,0.8709677419354839
0.04647160068846816,0.8709677419354839
0.04655172413793104,0.8709677419354839
0.046632124352331605,0.8709677419354839
0.04671280276816609,0.8709677419354839
0.04679376083188908,0.8709677419354839
0.046875,0.8709677419354839
0.04695652173913043,0.8709677419354839
0.047038327526132406,0.8709677419354839
0.04712041884816754,0.8709677419354839
0.0472027972027972,0.8709677419354839
0.047285464098073555,0.8709677419354839
0.04736842105263158,0.8709677419354839
0.04745166959578207,0.8709677419354839
0.04753521126760563,0.8709677419354839
0.047619047619047616,0.8709677419354839
0.04770318021201413,0.8709677419354839
0.047787610619469026,0.8709677419354839
0.047872340425531915,0.8709677419354839
0.047957371225577264,0.8709677419354839
0.04804270462633452,0.8709677419354839
0.0481283422459893,0.8709677419354839
0.048214285714285716,0.8709677419354839
0.04830053667262969,0.8709677419354839
0.04838709677419355,0.8709677419354839
0.04847396768402154,0.8709677419354839
0.048561151079136694,0.8709677419354839
0.04864864864864865,0.8709677419354839
0.048736462093862815,0.8709677419354839
0.048824593128390596,0.8709677419354839
0.04891304347826087,0.8709677419354839
0.04900181488203267,0.8709677419354839
0.04909090909090909,0.8709677419354839
0.04918032786885246,0.8709677419354839
0.04927007299270073,0.8709677419354839
0.04936014625228519,0.8709677419354839
0.04945054945054945,0.8709677419354839
0.04954128440366973,0.8709677419354839
0.04963235294117647,0.8709677419354839
0.049723756906077346,0.8709677419354839
0.04981549815498155,0.8709677419354839
0.04990757855822551,0.8709677419354839
0.05,0.8709677419354839
0.05009276437847866,0.8709677419354839
0.05018587360594796,0.8709677419354839
0.05027932960893855,0.8709677419354839
0.05037313432835821,0.8709677419354839
0.05046728971962617,0.8709677419354839
0.05056179775280899,0.8709677419354839
0.04878048780487805,0.8387096774193549
0.04887218045112782,0.8387096774193549
0.04896421845574388,0.8387096774193549
0.04905660377358491,0.8387096774193549
0.04914933837429111,0.8387096774193549
0.04924242424242424,0.8387096774193549
0.04933586337760911,0.8387096774193549
0.049429657794676805,0.8387096774193549
0.049523809523809526,0.8387096774193549
0.04961832061068702,0.8387096774193549
0.0497131931166348,0.8387096774193549
0.04980842911877394,0.8387096774193549
0.04990403071017274,0.8387096774193549
0.05,0.8387096774193549
0.05009633911368015,0.8387096774193549
0.05019305019305019,0.8387096774193549
0.05029013539651837,0.8387096774193549
0.050387596899224806,0.8387096774193549
0.05048543689320388,0.8387096774193549
0.05058365758754864,0.8387096774193549
0.050682261208576995,0.8387096774193549
0.05078125,0.8387096774193549
0.050880626223091974,0.8387096774193549
0.050980392156862744,0.8387096774193549
0.05108055009823183,0.8387096774193549
0.051181102362204724,0.8387096774193549
0.05128205128205128,0.8387096774193549
0.05138339920948617,0.8387096774193549
0.05148514851485148,0.8387096774193549
0.051587301587301584,0.8387096774193549
0.05168986083499006,0.8387096774193549
0.05179282868525897,0.8387096774193549
0.05189620758483034,0.8387096774193549
0.052,0.8387096774193549
0.052104208416833664,0.8387096774193549
0.05220883534136546,0.8387096774193549
0.052313883299798795,0.8387096774193549
0.05241935483870968,0.8387096774193549
0.052525252525252523,0.8387096774193549
0.05263157894736842,0.8387096774193549
0.05273833671399594,0.8387096774193549
0.052845528455284556,0.8387096774193549
0.05295315682281059,0.8387096774193549
0.053061224489795916,0.8387096774193549
0.053169734151329244,0.8387096774193549
0.05327868852459016,0.8387096774193549
0.053388090349075976,0.8387096774193549
0.053497942386831275,0.8387096774193549
0.05360824742268041,0.8387096774193549
0.05371900826446281,0.8387096774193549
0.053830227743271224,0.8387096774193549
0.05394190871369295,0.8387096774193549
0.05405405405405406,0.8387096774193549
0.05416666666666667,0.8387096774193549
0.054279749478079335,0.8387096774193549
0.05439330543933055,0.8387096774193549
0.05450733752620545,0.8387096774193549
0.0546218487394958,0.8387096774193549
0.05473684210526316,0.8387096774193549
0.05485232067510549,0.8387096774193549
0.05496828752642706,0.8387096774193549
0.05508474576271186,0.8387096774193549
0.055201698513800426,0.8387096774193549
0.05531914893617021,0.8387096774193549
0.05543710021321962,0.8387096774193549
0.05555555555555555,0.8387096774193549
0.055674518201284794,0.8387096774193549
0.055793991416309016,0.8387096774193549
0.05591397849462366,0.8387096774193549
0.05603448275862069,0.8387096774193549
0.056155507559395246,0.8387096774193549
0.05627705627705628,0.8387096774193549
0.05639913232104121,0.8387096774193549
0.05652173913043478,0.8387096774193549
0.05664488017429194,0.8387096774193549
0.056768558951965066,0.8387096774193549
0.05689277899343545,0.8387096774193549
0.05701754385964912,0.8387096774193549
0.05714285714285714,0.8387096774193549
0.05726872246696035,0.8387096774193549
0.05739514348785872,0.8387096774193549
0.05752212389380531,0.8387096774193549
0.057649667405764965,0.8387096774193549
0.057777777777777775,0.8387096774193549
0.05790645879732739,0.8387096774193549
0.05803571428571429,0.8387096774193549
0.058165548098434,0.8387096774193549
0.05829596412556054,0.8387096774193549
0.058426966292134834,0.8387096774193549
0.05855855855855856,0.8387096774193549
0.05869074492099323,0.8387096774193549
0.058823529411764705,0.8387096774193549
0.05895691609977324,0.8387096774193549
0.05909090909090909,0.8387096774193549
0.05922551252847381,0.8387096774193549
0.0593607305936073,0.8387096774193549
0.059496567505720827,0.8387096774193549
0.05963302752293578,0.8387096774193549
0.059770114942528735,0.8387096774193549
0.059907834101382486,0.8387096774193549
0.06004618937644342,0.8387096774193549
0.06018518518518518,0.8387096774193549
0.060324825986078884,0.8387096774193549
0.06046511627906977,0.8387096774193549
0.06060606060606061,0.8387096774193549
0.06074766355140187,0.8387096774193549
0.06088992974238876,0.8387096774193549
0.06103286384976526,0.8387096774193549
0.0611764705882353,0.8387096774193549
0.06132075471698113,0.8387096774193549
0.061465721040189124,0.8387096774193549
0.061611374407582936,0.8387096774193549
0.06175771971496437,0.8387096774193549
0.06190476190476191,0.8387096774193549
0.06205250596658711,0.8387096774193549
0.06220095693779904,0.8387096774193549
0.06235011990407674,0.8387096774193549
0.0625,0.8387096774193549
0.06265060240963856,0.8387096774193549
0.06280193236714976,0.8387096774193549
0.06295399515738499,0.8387096774193549
0.06310679611650485,0.8387096774193549
0.06326034063260341,0.8387096774193549
0.06341463414634146,0.8387096774193549
0.06356968215158924,0.8387096774193549
0.06372549019607843,0.8387096774193549
0.06388206388206388,0.8387096774193549
0.06403940886699508,0.8387096774193549
0.06419753086419754,0.8387096774193549
0.06435643564356436,0.8387096774193549
0.06451612903225806,0.8387096774193549
0.06467661691542288,0.8387096774193549
0.06483790523690773,0.8387096774193549
0.065,0.8387096774193549
0.06516290726817042,0.8387096774193549
0.06532663316582915,0.8387096774193549
0.0654911838790932,0.8387096774193549
0.06565656565656566,0.8387096774193549
0.06582278481012659,0.8387096774193549
0.06598984771573604,0.8387096774193549
0.06615776081424936,0.8387096774193549
0.0663265306122449,0.8387096774193549
0.06649616368286446,0.8387096774193549
0.06666666666666667,0.8387096774193549
0.06683804627249357,0.8387096774193549
0.06701030927835051,0.8387096774193549
0.06718346253229975,0.8387096774193549
0.06735751295336788,0.8387096774193549
0.06753246753246753,0.8387096774193549
0.06770833333333333,0.8387096774193549
0.06788511749347259,0.8387096774193549
0.06806282722513089,0.8387096774193549
0.06824146981627296,0.8387096774193549
0.06842105263157895,0.8387096774193549
0.06860158311345646,0.8387096774193549
0.06878306878306878,0.8387096774193549
0.06896551724137931,0.8387096774193549
0.06914893617021277,0.8387096774193549
0.06933333333333333,0.8387096774193549
0.06951871657754011,0.8387096774193549
0.06970509383378017,0.8387096774193549
0.06989247311827956,0.8387096774193549
0.07008086253369272,0.8387096774193549
0.07027027027027027,0.8387096774193549
0.07046070460704607,0.8387096774193549
0.07065217391304347,0.8387096774193549
0.07084468664850137,0.8387096774193549
0.07103825136612021,0.8387096774193549
0.07123287671232877,0.8387096774193549
0.07142857142857142,0.8387096774193549
0.07162534435261708,0.8387096774193549
0.0718232044198895,0.8387096774193549
0.07202216066481995,0.8387096774193549
0.07222222222222222,0.8387096774193549
0.07242339832869081,0.8387096774193549
0.07262569832402235,0.8387096774193549
0.07282913165266107,0.8387096774193549
0.07303370786516854,0.8387096774193549
0.07323943661971831,0.8387096774193549
0.07344632768361582,0.8387096774193549
0.07365439093484419,0.8387096774193549
0.07386363636363637,0.8387096774193549
0.07407407407407407,0.8387096774193549
0.07428571428571429,0.8387096774193549
0.07449856733524356,0.8387096774193549
0.07471264367816093,0.8387096774193549
0.07492795389048991,0.8387096774193549
0.07514450867052024,0.8387096774193549
0.07536231884057971,0.8387096774193549
0.0755813953488372,0.8387096774193549
0.07580174927113703,0.8387096774193549
0.07602339181286549,0.8387096774193549
0.07624633431085044,0.8387096774193549
0.07647058823529412,0.8387096774193549
0.07669616519174041,0.8387096774193549
0.07692307692307693,0.8387096774193549
0.0771513353115727,0.8387096774193549
0.07738095238095238,0.8387096774193549
0.07761194029850746,0.8387096774193549
0.07784431137724551,0.8387096774193549
0.07807807807807808,0.8387096774193549
0.0783132530120482,0.8387096774193549
0.07854984894259819,0.8387096774193549
0.07878787878787878,0.8387096774193549
0.0790273556231003,0.8387096774193549
0.07926829268292683,0.8387096774193549
0.07951070336391437,0.8387096774193549
0.07975460122699386,0.8387096774193549
0.08,0.8387096774193549
0.08024691358024691,0.8387096774193549
0.0804953560371517,0.8387096774193549
0.08074534161490683,0.8387096774193549
0.08099688473520249,0.8387096774193549
0.08125,0.8387096774193549
0.08150470219435736,0.8387096774193549
0.08176100628930817,0.8387096774193549
0.08201892744479496,0.8387096774193549
0.08227848101265822,0.8387096774193549
0.08253968253968254,0.8387096774193549
0.08280254777070063,0.8387096774193549
0.08306709265175719,0.8387096774193549
0.08012820512820513,0.8064516129032258
0.08038585209003216,0.8064516129032258
0.08064516129032258,0.8064516129032258
0.08090614886731391,0.8064516129032258
0.08116883116883117,0.8064516129032258
0.08143322475570032,0.8064516129032258
0.08169934640522876,0.8064516129032258
0.08196721311475409,0.8064516129032258
0.08223684210526316,0.8064516129032258
0.08250825082508251,0.8064516129032258
0.08278145695364239,0.8064516129032258
0.08305647840531562,0.8064516129032258
0.08333333333333333,0.8064516129032258
0.08361204013377926,0.8064516129032258
0.08389261744966443,0.8064516129032258
0.08417508417508418,0.8064516129032258
0.08445945945945946,0.8064516129032258
0.0847457627118644,0.8064516129032258
0.08503401360544217,0.8064516129032258
0.08532423208191127,0.8064516129032258
0.08561643835616438,0.8064516129032258
0.0859106529209622,0.8064516129032258
0.08620689655172414,0.8064516129032258
0.08650519031141868,0.8064516129032258
0.08680555555555555,0.8064516129032258
0.08710801393728224,0.8064516129032258
0.08741258741258741,0.8064516129032258
0.08771929824561403,0.8064516129032258
0.0880281690140845,0.8064516129032258
0.08833922261484099,0.8064516129032258
0.08865248226950355,0.8064516129032258
0.08896797153024912,0.8064516129032258
0.08928571428571429,0.8064516129032258
0.08960573476702509,0.8064516129032258
0.08992805755395683,0.8064516129032258
0.09025270758122744,0.8064516129032258
0.09057971014492754,0.8064516129032258
0.09090909090909091,0.8064516129032258
0.09124087591240876,0.8064516129032258
0.09157509157509157,0.8064516129032258
0.09191176470588236,0.8064516129032258
0.09225092250922509,0.8064516129032258
0.09259259259259259,0.8064516129032258
0.09293680297397769,0.8064516129032258
0.09328358208955224,0.8064516129032258
0.09363295880149813,0.8064516129032258
0.09398496240601503,0.8064516129032258
0.09433962264150944,0.8064516129032258
0.0946969696969697,0.8064516129032258
0.09505703422053231,0.8064516129032258
0.09541984732824428,0.8064516129032258
0.09578544061302682,0.8064516129032258
0.09615384615384616,0.8064516129032258
0.09652509652509653,0.8064516129032258
0.09689922480620156,0.8064516129032258
0.09727626459143969,0.8064516129032258
0.09765625,0.8064516129032258
0.09803921568627451,0.8064516129032258
0.0984251968503937,0.8064516129032258
0.09881422924901186,0.8064516129032258
0.0992063492063492,0.8064516129032258
0.099601593625498,0.8064516129032258
0.1,0.8064516129032258
0.10040160642570281,0.8064516129032258
0.10080645161290322,0.8064516129032258
0.10121457489878542,0.8064516129032258
0.1016260162601626,0.8064516129032258
0.10204081632653061,0.8064516129032258
0.10245901639344263,0.8064516129032258
0.102880658436214,0.8064516129032258
0.10330578512396695,0.8064516129032258
0.1037344398340249,0.8064516129032258
0.10416666666666667,0.8064516129032258
0.10460251046025104,0.8064516129032258
0.10504201680672269,0.8064516129032258
0.10548523206751055,0.8064516129032258
0.1059322033898305,0.8064516129032258
0.10638297872340426,0.8064516129032258
0.10683760683760683,0.8064516129032258
0.1072961373390558,0.8064516129032258
0.10775862068965517,0.8064516129032258
0.10822510822510822,0.8064516129032258
0.10869565217391304,0.8064516129032258
0.1091703056768559,0.8064516129032258
0.10964912280701754,0.8064516129032258
0.11013215859030837,0.8064516129032258
0.11061946902654868,0.8064516129032258
0.1111111111111111,0.8064516129032258
0.11160714285714286,0.8064516129032258
0.11210762331838565,0.8064516129032258
0.11261261261261261,0.8064516129032258
0.11312217194570136,0.8064516129032258
0.11363636363636363,0.8064516129032258
0.1141552511415525,0.8064516129032258
0.11467889908256881,0.8064516129032258
0.1152073732718894,0.8064516129032258
0.11574074074074074,0.8064516129032258
0.11627906976744186,0.8064516129032258
0.11682242990654206,0.8064516129032258
0.11737089201877934,0.8064516129032258
0.1179245283018868,0.8064516129032258
0.11848341232227488,0.8064516129032258
0.11904761904761904,0.8064516129032258
0.11961722488038277,0.8064516129032258
0.1201923076923077,0.8064516129032258
0.12077294685990338,0.8064516129032258
0.12135922330097088,0.8064516129032258
0.12195121951219512,0.8064516129032258
0.12254901960784313,0.8064516129032258
0.12315270935960591,0.8064516129032258
0.12376237623762376,0.8064516129032258
0.12437810945273632,0.8064516129032258
0.125,0.8064516129032258
0.12562814070351758,0.8064516129032258
0.12626262626262627,0.8064516129032258
0.12690355329949238,0.8064516129032258
0.12755102040816327,0.8064516129032258
0.1282051282051282,0.8064516129032258
0.12886597938144329,0.8064516129032258
0.12953367875647667,0.8064516129032258
0.13020833333333334,0.8064516129032258
0.13089005235602094,0.8064516129032258
0.13157894736842105,0.8064516129032258
0.13227513227513227,0.8064516129032258
0.13297872340425532,0.8064516129032258
0.13368983957219252,0.8064516129032258
0.13440860215053763,0.8064516129032258
0.13513513513513514,0.8064516129032258
0.1358695652173913,0.8064516129032258
0.1366120218579235,0.8064516129032258
0.13736263736263737,0.8064516129032258
0.13812154696132597,0.8064516129032258
0.1388888888888889,0.8064516129032258
0.13966480446927373,0.8064516129032258
0.1404494382022472,0.8064516129032258
0.14124293785310735,0.8064516129032258
0.14204545454545456,0.8064516129032258
0.14285714285714285,0.8064516129032258
0.14367816091954022,0.8064516129032258
0.14450867052023122,0.8064516129032258
0.14534883720930233,0.8064516129032258
0.14619883040935672,0.8064516129032258
0.14705882352941177,0.8064516129032258
0.14792899408284024,0.8064516129032258
0.1488095238095238,0.8064516129032258
0.1497005988023952,0.8064516129032258
0.15060240963855423,0.8064516129032258
0.15151515151515152,0.8064516129032258
0.1524390243902439,0.8064516129032258
0.15337423312883436,0.8064516129032258
0.15432098765432098,0.8064516129032258
0.15527950310559005,0.8064516129032258
0.15625,0.8064516129032258
0.15723270440251572,0.8064516129032258
0.15822784810126583,0.8064516129032258
0.1592356687898089,0.8064516129032258
0.16025641025641027,0.8064516129032258
0.16129032258064516,0.8064516129032258
0.16233766233766234,0.8064516129032258
0.16339869281045752,0.8064516129032258
0.16447368421052633,0.8064516129032258
0.16556291390728478,0.8064516129032258
0.16666666666666666,0.8064516129032258
0.16778523489932887,0.8064516129032258
0.16891891891891891,0.8064516129032258
0.17006802721088435,0.8064516129032258
0.17123287671232876,0.8064516129032258
0.1724137931034483,0.8064516129032258
0.1736111111111111,0.8064516129032258
0.17482517482517482,0.8064516129032258
0.176056338028169,0.8064516129032258
0.1773049645390071,0.8064516129032258
0.17857142857142858,0.8064516129032258
0.17985611510791366,0.8064516129032258
0.18115942028985507,0.8064516129032258
0.18248175182481752,0.8064516129032258
0.18382352941176472,0.8064516129032258
0.18518518518518517,0.8064516129032258
0.1865671641791045,0.8064516129032258
0.18045112781954886,0.7741935483870968
0.18181818181818182,0.7741935483870968
0.183206106870229,0.7741935483870968
0.18461538461538463,0.7741935483870968
0.18604651162790697,0.7741935483870968
0.1875,0.7741935483870968
0.1889763779527559,0.7741935483870968
0.19047619047619047,0.7741935483870968
0.192,0.7741935483870968
0.1935483870967742,0.7741935483870968
0.1951219512195122,0.7741935483870968
0.19672131147540983,0.7741935483870968
0.19008264462809918,0.7419354838709677
0.19166666666666668,0.7419354838709677
0.19327731092436976,0.7419354838709677
0.19491525423728814,0.7419354838709677
0.19658119658119658,0.7419354838709677
0.19827586206896552,0.7419354838709677
0.2,0.7419354838709677
0.20175438596491227,0.7419354838709677
0.20353982300884957,0.7419354838709677
0.20535714285714285,0.7419354838709677
0.2072072072072072,0.7419354838709677
0.20909090909090908,0.7419354838709677
0.21100917431192662,0.7419354838709677
0.21296296296296297,0.7419354838709677
0.21495327102803738,0.7419354838709677
0.2169811320754717,0.7419354838709677
0.21904761904761905,0.7419354838709677
0.22115384615384615,0.7419354838709677
0.22330097087378642,0.7419354838709677
0.22549019607843138,0.7419354838709677
0.22772277227722773,0.7419354838709677
0.23,0.7419354838709677
0.23232323232323232,0.7419354838709677
0.23469387755102042,0.7419354838709677
0.23711340206185566,0.7419354838709677
0.23958333333333334,0.7419354838709677
0.24210526315789474,0.7419354838709677
0.24468085106382978,0.7419354838709677
0.24731182795698925,0.7419354838709677
0.25,0.7419354838709677
0.25274725274725274,0.7419354838709677
0.25555555555555554,0.7419354838709677
0.25842696629213485,0.7419354838709677
0.26136363636363635,0.7419354838709677
0.26436781609195403,0.7419354838709677
0.26744186046511625,0.7419354838709677
0.27058823529411763,0.7419354838709677
0.27380952380952384,0.7419354838709677
0.27710843373493976,0.7419354838709677
0.2682926829268293,0.7096774193548387
0.2716049382716049,0.7096774193548387
0.275,0.7096774193548387
0.27848101265822783,0.7096774193548387
0.28205128205128205,0.7096774193548387
0.2857142857142857,0.7096774193548387
0.2894736842105263,0.7096774193548387
0.29333333333333333,0.7096774193548387
0.2972972972972973,0.7096774193548387
0.3013698630136986,0.7096774193548387
0.3055555555555556,0.7096774193548387
0.30985915492957744,0.7096774193548387
0.3142857142857143,0.7096774193548387
0.3188405797101449,0.7096774193548387
0.3235294117647059,0.7096774193548387
0.3283582089552239,0.7096774193548387
0.3333333333333333,0.7096774193548387
0.3384615384615385,0.7096774193548387
0.34375,0.7096774193548387
0.3492063492063492,0.7096774193548387
0.3548387096774194,0.7096774193548387
0.36065573770491804,0.7096774193548387
0.36666666666666664,0.7096774193548387
0.3728813559322034,0.7096774193548387
0.3793103448275862,0.7096774193548387
0.38596491228070173,0.7096774193548387
0.39285714285714285,0.7096774193548387
0.4,0.7096774193548387
0.4074074074074074,0.7096774193548387
0.41509433962264153,0.7096774193548387
0.4230769230769231,0.7096774193548387
0.43137254901960786,0.7096774193548387
0.44,0.7096774193548387
0.4489795918367347,0.7096774193548387
0.4583333333333333,0.7096774193548387
0.44680851063829785,0.6774193548387096
0.45652173913043476,0.6774193548387096
0.4666666666666667,0.6774193548387096
0.4772727272727273,0.6774193548387096
0.4883720930232558,0.6774193548387096
0.47619047619047616,0.6451612903225806
0.4878048780487805,0.6451612903225806
0.5,0.6451612903225806
0.5128205128205128,0.6451612903225806
0.5,0.6129032258064516
0.5135135135135135,0.6129032258064516
0.5277777777777778,0.6129032258064516
0.5428571428571428,0.6129032258064516
0.5588235294117647,0.6129032258064516
0.5757575757575758,0.6129032258064516
0.59375,0.6129032258064516
0.6129032258064516,0.6129032258064516
0.6333333333333333,0.6129032258064516
0.6551724137931034,0.6129032258064516
0.6785714285714286,0.6129032258064516
0.7037037037037037,0.6129032258064516
0.7307692307692307,0.6129032258064516
0.76,0.6129032258064516
0.7916666666666666,0.6129032258064516
0.782608695652174,0.5806451612903226
0.8181818181818182,0.5806451612903226
0.8571428571428571,0.5806451612903226
0.9,0.5806451612903226
0.8947368421052632,0.5483870967741935
0.8888888888888888,0.5161290322580645
0.9411764705882353,0.5161290322580645
0.9375,0.4838709677419355
0.9333333333333333,0.45161290322580644
1.0,0.45161290322580644
1.0,0.41935483870967744
1.0,0.3870967741935484
1.0,0.3548387096774194
1.0,0.3225806451612903
1.0,0.2903225806451613
1.0,0.25806451612903225
1.0,0.22580645161290322
1.0,0.1935483870967742
1.0,0.16129032258064516
1.0,0.12903225806451613
1.0,0.0967741935483871
1.0,0.06451612903225806
1.0,0.03225806451612903
1.0,0.0
