Precision,Recall
0.01658640984483681,1.0
0.016059957173447537,0.967741935483871
0.016068559185859668,0.967741935483871
0.01607717041800643,0.967741935483871
0.0160857908847185,0.967741935483871
0.016094420600858368,0.967741935483871
0.01610305958132045,0.967741935483871
0.01611170784103115,0.967741935483871
0.016120365394948953,0.967741935483871
0.016129032258064516,0.967741935483871
0.01613770844540075,0.967741935483871
0.016146393972012917,0.967741935483871
0.01615508885298869,0.967741935483871
0.016163793103448277,0.967741935483871
0.016172506738544475,0.967741935483871
0.016181229773462782,0.967741935483871
0.016189962223421478,0.967741935483871
0.016198704103671708,0.967741935483871
0.01620745542949757,0.967741935483871
0.016216216216216217,0.967741935483871
0.016224986479177934,0.967741935483871
0.016233766233766232,0.967741935483871
0.016242555495397944,0.967741935483871
0.016251354279523293,0.967741935483871
0.016260162601626018,0.967741935483871
0.016268980477223426,0.967741935483871
0.016277807921866522,0.967741935483871
0.016286644951140065,0.967741935483871
0.016295491580662683,0.967741935483871
0.016304347826086956,0.967741935483871
0.01631321370309951,0.967741935483871
0.01632208922742111,0.967741935483871
0.01633097441480675,0.967741935483871
0.016339869281045753,0.967741935483871
0.01634877384196185,0.967741935483871
0.016357688113413305,0.967741935483871
0.016366612111292964,0.967741935483871
0.016375545851528384,0.967741935483871
0.016384489350081924,0.967741935483871
0.01639344262295082,0.967741935483871
0.016402405686167305,0.967741935483871
0.016411378555798686,0.967741935483871
0.016420361247947456,0.967741935483871
0.01642935377875137,0.967741935483871
0.01643835616438356,0.967741935483871
0.01644736842105263,0.967741935483871
0.016456390565002744,0.967741935483871
0.01646542261251372,0.967741935483871
0.016474464579901153,0.967741935483871
0.016483516483516484,0.967741935483871
0.016492578339747113,0.967741935483871
0.0165016501650165,0.967741935483871
0.01651073197578426,0.967741935483871
0.016519823788546256,0.967741935483871
0.01652892561983471,0.967741935483871
0.016538037486218304,0.967741935483871
0.01654715940430226,0.967741935483871
0.016556291390728478,0.967741935483871
0.016565433462175594,0.967741935483871
0.016574585635359115,0.967741935483871
0.01658374792703151,0.967741935483871
0.016592920353982302,0.967741935483871
0.016602102933038185,0.967741935483871
0.016611295681063124,0.967741935483871
0.01662049861495845,0.967741935483871
0.01662971175166297,0.967741935483871
0.016638935108153077,0.967741935483871
0.016648168701442843,0.967741935483871
0.01665741254858412,0.967741935483871
0.016666666666666666,0.967741935483871
0.016675931072818232,0.967741935483871
0.01668520578420467,0.967741935483871
0.01669449081803005,0.967741935483871
0.01670378619153675,0.967741935483871
0.016713091922005572,0.967741935483871
0.016722408026755852,0.967741935483871
0.016731734523145567,0.967741935483871
0.016741071428571428,0.967741935483871
0.01675041876046901,0.967741935483871
0.01675977653631285,0.967741935483871
0.016769144773616546,0.967741935483871
0.016778523489932886,0.967741935483871
0.016787912702853944,0.967741935483871
0.0167973124300112,0.967741935483871
0.01680672268907563,0.967741935483871
0.016816143497757848,0.967741935483871
0.01682557487380819,0.967741935483871
0.016835016835016835,0.967741935483871
0.016844469399213923,0.967741935483871
0.016853932584269662,0.967741935483871
0.016863406408094434,0.967741935483871
0.01687289088863892,0.967741935483871
0.016882386043894203,0.967741935483871
0.016891891891891893,0.967741935483871
0.016901408450704224,0.967741935483871
0.016910935738444193,0.967741935483871
0.01692047377326565,0.967741935483871
0.016930022573363433,0.967741935483871
0.01693958215697346,0.967741935483871
0.01694915254237288,0.967741935483871
0.016958733747880157,0.967741935483871
0.016968325791855202,0.967741935483871
0.01697792869269949,0.967741935483871
0.01698754246885617,0.967741935483871
0.0169971671388102,0.967741935483871
0.017006802721088437,0.967741935483871
0.017016449234259785,0.967741935483871
0.0170261066969353,0.967741935483871
0.017035775127768313,0.967741935483871
0.017045454545454544,0.967741935483871
0.017055144968732235,0.967741935483871
0.017064846416382253,0.967741935483871
0.01707455890722823,0.967741935483871
0.017084282460136675,0.967741935483871
0.017094017094017096,0.967741935483871
0.01710376282782212,0.967741935483871
0.017113519680547633,0.967741935483871
0.017123287671232876,0.967741935483871
0.017133066818960593,0.967741935483871
0.017142857142857144,0.967741935483871
0.017152658662092625,0.967741935483871
0.017162471395881007,0.967741935483871
0.017172295363480253,0.967741935483871
0.01718213058419244,0.967741935483871
0.017191977077363897,0.967741935483871
0.017201834862385322,0.967741935483871
0.01721170395869191,0.967741935483871
0.01722158438576349,0.967741935483871
0.01723147616312464,0.967741935483871
0.017241379310344827,0.967741935483871
0.017251293847038527,0.967741935483871
0.01726121979286536,0.967741935483871
0.017271157167530225,0.967741935483871
0.01728110599078341,0.967741935483871
0.01729106628242075,0.967741935483871
0.01730103806228374,0.967741935483871
0.017311021350259664,0.967741935483871
0.017321016166281754,0.967741935483871
0.01733102253032929,0.967741935483871
0.017341040462427744,0.967741935483871
0.01735106998264893,0.967741935483871
0.017361111111111112,0.967741935483871
0.017371163867979156,0.967741935483871
0.01738122827346466,0.967741935483871
0.017391304347826087,0.967741935483871
0.01740139211136891,0.967741935483871
0.017411491584445733,0.967741935483871
0.017421602787456445,0.967741935483871
0.017431725740848343,0.967741935483871
0.01744186046511628,0.967741935483871
0.017452006980802792,0.967741935483871
0.017462165308498253,0.967741935483871
0.017472335468841003,0.967741935483871
0.017482517482517484,0.967741935483871
0.01749271137026239,0.967741935483871
0.01750291715285881,0.967741935483871
0.017513134851138354,0.967741935483871
0.017523364485981307,0.967741935483871
0.017533606078316773,0.967741935483871
0.017543859649122806,0.967741935483871
0.017554125219426564,0.967741935483871
0.01756440281030445,0.967741935483871
0.01757469244288225,0.967741935483871
0.017584994138335287,0.967741935483871
0.017595307917888565,0.967741935483871
0.017605633802816902,0.967741935483871
0.017615971814445096,0.967741935483871
0.01762632197414806,0.967741935483871
0.01763668430335097,0.967741935483871
0.01764705882352941,0.967741935483871
0.017657445556209534,0.967741935483871
0.0176678445229682,0.967741935483871
0.01767825574543312,0.967741935483871
0.01768867924528302,0.967741935483871
0.017699115044247787,0.967741935483871
0.01770956316410862,0.967741935483871
0.01772002362669817,0.967741935483871
0.01773049645390071,0.967741935483871
0.017740981667652277,0.967741935483871
0.01775147928994083,0.967741935483871
0.017761989342806393,0.967741935483871
0.017772511848341232,0.967741935483871
0.01778304682868998,0.967741935483871
0.017793594306049824,0.967741935483871
0.017804154302670624,0.967741935483871
0.017814726840855107,0.967741935483871
0.017825311942959002,0.967741935483871
0.0178359096313912,0.967741935483871
0.01784651992861392,0.967741935483871
0.017857142857142856,0.967741935483871
0.01786777843954735,0.967741935483871
0.017878426698450536,0.967741935483871
0.017889087656529516,0.967741935483871
0.017899761336515514,0.967741935483871
0.01791044776119403,0.967741935483871
0.017921146953405017,0.967741935483871
0.017931858936043037,0.967741935483871
0.017942583732057416,0.967741935483871
0.017953321364452424,0.967741935483871
0.017964071856287425,0.967741935483871
0.017974835230677052,0.967741935483871
0.017985611510791366,0.967741935483871
0.017996400719856028,0.967741935483871
0.01800720288115246,0.967741935483871
0.018018018018018018,0.967741935483871
0.018028846153846152,0.967741935483871
0.01803968731208659,0.967741935483871
0.018050541516245487,0.967741935483871
0.018061408789885613,0.967741935483871
0.018072289156626505,0.967741935483871
0.018083182640144666,0.967741935483871
0.018094089264173704,0.967741935483871
0.018105009052504527,0.967741935483871
0.018115942028985508,0.967741935483871
0.01812688821752266,0.967741935483871
0.018137847642079808,0.967741935483871
0.018148820326678767,0.967741935483871
0.018159806295399514,0.967741935483871
0.018170805572380374,0.967741935483871
0.01818181818181818,0.967741935483871
0.018192844147968467,0.967741935483871
0.01820388349514563,0.967741935483871
0.018214936247723135,0.967741935483871
0.018226002430133656,0.967741935483871
0.0182370820668693,0.967741935483871
0.01824817518248175,0.967741935483871
0.018259281801582473,0.967741935483871
0.018270401948842874,0.967741935483871
0.018281535648994516,0.967741935483871
0.018292682926829267,0.967741935483871
0.018303843807199512,0.967741935483871
0.018315018315018316,0.967741935483871
0.01832620647525962,0.967741935483871
0.018337408312958436,0.967741935483871
0.01834862385321101,0.967741935483871
0.01835985312117503,0.967741935483871
0.01837109614206981,0.967741935483871
0.01838235294117647,0.967741935483871
0.018393623543838136,0.967741935483871
0.018404907975460124,0.967741935483871
0.01841620626151013,0.967741935483871
0.018427518427518427,0.967741935483871
0.01843884449907806,0.967741935483871
0.01845018450184502,0.967741935483871
0.018461538461538463,0.967741935483871
0.01847290640394089,0.967741935483871
0.018484288354898338,0.967741935483871
0.018495684340320593,0.967741935483871
0.01850709438618137,0.967741935483871
0.018518518518518517,0.967741935483871
0.01852995676343422,0.967741935483871
0.018541409147095178,0.967741935483871
0.01855287569573284,0.967741935483871
0.018564356435643563,0.967741935483871
0.018575851393188854,0.967741935483871
0.01858736059479554,0.967741935483871
0.018598884066955982,0.967741935483871
0.018610421836228287,0.967741935483871
0.0186219739292365,0.967741935483871
0.018633540372670808,0.967741935483871
0.018645121193287758,0.967741935483871
0.018656716417910446,0.967741935483871
0.018668326073428748,0.967741935483871
0.0186799501867995,0.967741935483871
0.018691588785046728,0.967741935483871
0.018703241895261846,0.967741935483871
0.018714909544603867,0.967741935483871
0.018726591760299626,0.967741935483871
0.018738288569643973,0.967741935483871
0.01875,0.967741935483871
0.01876172607879925,0.967741935483871
0.01877346683354193,0.967741935483871
0.01878522229179712,0.967741935483871
0.018796992481203006,0.967741935483871
0.018808777429467086,0.967741935483871
0.018820577164366373,0.967741935483871
0.018832391713747645,0.967741935483871
0.018844221105527637,0.967741935483871
0.018856065367693273,0.967741935483871
0.018867924528301886,0.967741935483871
0.018879798615481436,0.967741935483871
0.018891687657430732,0.967741935483871
0.01890359168241966,0.967741935483871
0.018915510718789406,0.967741935483871
0.01892744479495268,0.967741935483871
0.01893939393939394,0.967741935483871
0.018951358180669616,0.967741935483871
0.018963337547408345,0.967741935483871
0.018975332068311195,0.967741935483871
0.0189873417721519,0.967741935483871
0.018999366687777075,0.967741935483871
0.019011406844106463,0.967741935483871
0.019023462270133164,0.967741935483871
0.01903553299492386,0.967741935483871
0.01904761904761905,0.967741935483871
0.01905972045743329,0.967741935483871
0.019071837253655435,0.967741935483871
0.019083969465648856,0.967741935483871
0.019096117122851686,0.967741935483871
0.01910828025477707,0.967741935483871
0.019120458891013385,0.967741935483871
0.01913265306122449,0.967741935483871
0.01914486279514997,0.967741935483871
0.019157088122605363,0.967741935483871
0.019169329073482427,0.967741935483871
0.01918158567774936,0.967741935483871
0.019193857965451054,0.967741935483871
0.019206145966709345,0.967741935483871
0.019218449711723255,0.967741935483871
0.019230769230769232,0.967741935483871
0.01924310455420141,0.967741935483871
0.019255455712451863,0.967741935483871
0.019267822736030827,0.967741935483871
0.019280205655526992,0.967741935483871
0.01929260450160772,0.967741935483871
0.019305019305019305,0.967741935483871
0.019317450096587252,0.967741935483871
0.019329896907216496,0.967741935483871
0.019342359767891684,0.967741935483871
0.01935483870967742,0.967741935483871
0.019367333763718526,0.967741935483871
0.01937984496124031,0.967741935483871
0.019392372333548805,0.967741935483871
0.019404915912031046,0.967741935483871
0.019417475728155338,0.967741935483871
0.019430051813471502,0.967741935483871
0.019442644199611146,0.967741935483871
0.019455252918287938,0.967741935483871
0.01946787800129786,0.967741935483871
0.01948051948051948,0.967741935483871
0.01949317738791423,0.967741935483871
0.01950585175552666,0.967741935483871
0.01951854261548471,0.967741935483871
0.01953125,0.967741935483871
0.019543973941368076,0.967741935483871
0.01955671447196871,0.967741935483871
0.019569471624266144,0.967741935483871
0.0195822454308094,0.967741935483871
0.019595035924232528,0.967741935483871
0.0196078431372549,0.967741935483871
0.01962066710268149,0.967741935483871
0.01963350785340314,0.967741935483871
0.019646365422396856,0.967741935483871
0.019659239842726082,0.967741935483871
0.019672131147540985,0.967741935483871
0.01968503937007874,0.967741935483871
0.01969796454366382,0.967741935483871
0.01971090670170828,0.967741935483871
0.01972386587771203,0.967741935483871
0.019736842105263157,0.967741935483871
0.019749835418038184,0.967741935483871
0.019762845849802372,0.967741935483871
0.01977587343441002,0.967741935483871
0.01978891820580475,0.967741935483871
0.019801980198019802,0.967741935483871
0.019815059445178335,0.967741935483871
0.01982815598149372,0.967741935483871
0.01984126984126984,0.967741935483871
0.01985440105890139,0.967741935483871
0.019867549668874173,0.967741935483871
0.019880715705765408,0.967741935483871
0.01989389920424403,0.967741935483871
0.019907100199071003,0.967741935483871
0.0199203187250996,0.967741935483871
0.019933554817275746,0.967741935483871
0.0199468085106383,0.967741935483871
0.01996007984031936,0.967741935483871
0.019973368841544607,0.967741935483871
0.019986675549633577,0.967741935483871
0.02,0.967741935483871
0.0200133422281521,0.967741935483871
0.020026702269692925,0.967741935483871
0.02004008016032064,0.967741935483871
0.020053475935828877,0.967741935483871
0.020066889632107024,0.967741935483871
0.020080321285140562,0.967741935483871
0.020093770931011386,0.967741935483871
0.020107238605898123,0.967741935483871
0.02012072434607646,0.967741935483871
0.020134228187919462,0.967741935483871
0.020147750167897917,0.967741935483871
0.020161290322580645,0.967741935483871
0.020174848688634835,0.967741935483871
0.020188425302826378,0.967741935483871
0.020202020202020204,0.967741935483871
0.02021563342318059,0.967741935483871
0.020229265003371546,0.967741935483871
0.020242914979757085,0.967741935483871
0.02025658338960162,0.967741935483871
0.02027027027027027,0.967741935483871
0.02028397565922921,0.967741935483871
0.02029769959404601,0.967741935483871
0.020311442112389978,0.967741935483871
0.02032520325203252,0.967741935483871
0.020338983050847456,0.967741935483871
0.0203527815468114,0.967741935483871
0.020366598778004074,0.967741935483871
0.020380434782608696,0.967741935483871
0.020394289598912305,0.967741935483871
0.02040816326530612,0.967741935483871
0.02042205582028591,0.967741935483871
0.020435967302452316,0.967741935483871
0.02044989775051125,0.967741935483871
0.020463847203274217,0.967741935483871
0.020477815699658702,0.967741935483871
0.020491803278688523,0.967741935483871
0.02050580997949419,0.967741935483871
0.02051983584131327,0.967741935483871
0.02053388090349076,0.967741935483871
0.02054794520547945,0.967741935483871
0.0205620287868403,0.967741935483871
0.0205761316872428,0.967741935483871
0.02059025394646534,0.967741935483871
0.020604395604395604,0.967741935483871
0.020618556701030927,0.967741935483871
0.02063273727647868,0.967741935483871
0.02064693737095664,0.967741935483871
0.02066115702479339,0.967741935483871
0.02067539627842867,0.967741935483871
0.020689655172413793,0.967741935483871
0.020703933747412008,0.967741935483871
0.020718232044198894,0.967741935483871
0.02073255010366275,0.967741935483871
0.02074688796680498,0.967741935483871
0.020761245674740483,0.967741935483871
0.02077562326869806,0.967741935483871
0.02079002079002079,0.967741935483871
0.020804438280166437,0.967741935483871
0.020818875780707843,0.967741935483871
0.020833333333333332,0.967741935483871
0.020847810979847115,0.967741935483871
0.02086230876216968,0.967741935483871
0.020876826722338204,0.967741935483871
0.020891364902506964,0.967741935483871
0.020905923344947737,0.967741935483871
0.02092050209205021,0.967741935483871
0.0209351011863224,0.967741935483871
0.02094972067039106,0.967741935483871
0.020964360587002098,0.967741935483871
0.02097902097902098,0.967741935483871
0.02099370188943317,0.967741935483871
0.02100840336134454,0.967741935483871
0.02102312543798178,0.967741935483871
0.021037868162692847,0.967741935483871
0.021052631578947368,0.967741935483871
0.021067415730337078,0.967741935483871
0.02108222066057625,0.967741935483871
0.02109704641350211,0.967741935483871
0.0211118930330753,0.967741935483871
0.02112676056338028,0.967741935483871
0.021141649048625793,0.967741935483871
0.021156558533145273,0.967741935483871
0.02117148906139732,0.967741935483871
0.0211864406779661,0.967741935483871
0.02120141342756184,0.967741935483871
0.021216407355021217,0.967741935483871
0.021231422505307854,0.967741935483871
0.021246458923512748,0.967741935483871
0.021261516654854713,0.967741935483871
0.02127659574468085,0.967741935483871
0.021291696238467,0.967741935483871
0.02130681818181818,0.967741935483871
0.021321961620469083,0.967741935483871
0.021337126600284494,0.967741935483871
0.021352313167259787,0.967741935483871
0.021367521367521368,0.967741935483871
0.021382751247327157,0.967741935483871
0.021398002853067047,0.967741935483871
0.021413276231263382,0.967741935483871
0.02142857142857143,0.967741935483871
0.021443888491779844,0.967741935483871
0.02145922746781116,0.967741935483871
0.021474588403722263,0.967741935483871
0.02148997134670487,0.967741935483871
0.021505376344086023,0.967741935483871
0.021520803443328552,0.967741935483871
0.021536252692031587,0.967741935483871
0.021551724137931036,0.967741935483871
0.021567217828900073,0.967741935483871
0.02158273381294964,0.967741935483871
0.02159827213822894,0.967741935483871
0.021613832853025938,0.967741935483871
0.021629416005767843,0.967741935483871
0.021645021645021644,0.967741935483871
0.021660649819494584,0.967741935483871
0.02167630057803468,0.967741935483871
0.021691973969631236,0.967741935483871
0.02170767004341534,0.967741935483871
0.02172338884866039,0.967741935483871
0.021739130434782608,0.967741935483871
0.021754894851341553,0.967741935483871
0.02177068214804064,0.967741935483871
0.02178649237472767,0.967741935483871
0.02180232558139535,0.967741935483871
0.02181818181818182,0.967741935483871
0.021834061135371178,0.967741935483871
0.021849963583394028,0.967741935483871
0.021865889212827987,0.967741935483871
0.02188183807439825,0.967741935483871
0.021897810218978103,0.967741935483871
0.02191380569758948,0.967741935483871
0.021929824561403508,0.967741935483871
0.021945866861741038,0.967741935483871
0.021961932650073207,0.967741935483871
0.02197802197802198,0.967741935483871
0.021994134897360705,0.967741935483871
0.022010271460014674,0.967741935483871
0.022026431718061675,0.967741935483871
0.02204261572373255,0.967741935483871
0.022058823529411766,0.967741935483871
0.02207505518763797,0.967741935483871
0.022091310751104567,0.967741935483871
0.02210759027266028,0.967741935483871
0.022123893805309734,0.967741935483871
0.02214022140221402,0.967741935483871
0.022156573116691284,0.967741935483871
0.022172949002217297,0.967741935483871
0.022189349112426034,0.967741935483871
0.02220577350111029,0.967741935483871
0.022222222222222223,0.967741935483871
0.02223869532987398,0.967741935483871
0.02225519287833828,0.967741935483871
0.022271714922048998,0.967741935483871
0.022288261515601784,0.967741935483871
0.022304832713754646,0.967741935483871
0.022321428571428572,0.967741935483871
0.022338049143708117,0.967741935483871
0.022354694485842028,0.967741935483871
0.02237136465324385,0.967741935483871
0.022388059701492536,0.967741935483871
0.022404779686333084,0.967741935483871
0.02242152466367713,0.967741935483871
0.02243829468960359,0.967741935483871
0.02245508982035928,0.967741935483871
0.02247191011235955,0.967741935483871
0.022488755622188907,0.967741935483871
0.02250562640660165,0.967741935483871
0.02252252252252252,0.967741935483871
0.022539444027047332,0.967741935483871
0.022556390977443608,0.967741935483871
0.022573363431151242,0.967741935483871
0.022590361445783132,0.967741935483871
0.02260738507912585,0.967741935483871
0.02262443438914027,0.967741935483871
0.022641509433962263,0.967741935483871
0.022658610271903322,0.967741935483871
0.022675736961451247,0.967741935483871
0.0226928895612708,0.967741935483871
0.022710068130204392,0.967741935483871
0.022727272727272728,0.967741935483871
0.022744503411675512,0.967741935483871
0.02276176024279211,0.967741935483871
0.022779043280182234,0.967741935483871
0.022796352583586626,0.967741935483871
0.022813688212927757,0.967741935483871
0.0228310502283105,0.967741935483871
0.02284843869002285,0.967741935483871
0.022865853658536585,0.967741935483871
0.02288329519450801,0.967741935483871
0.022900763358778626,0.967741935483871
0.02291825821237586,0.967741935483871
0.022935779816513763,0.967741935483871
0.022953328232593728,0.967741935483871
0.022970903522205207,0.967741935483871
0.022988505747126436,0.967741935483871
0.023006134969325152,0.967741935483871
0.023023791250959325,0.967741935483871
0.02304147465437788,0.967741935483871
0.023059185242121444,0.967741935483871
0.023076923076923078,0.967741935483871
0.023094688221709007,0.967741935483871
0.023112480739599383,0.967741935483871
0.02313030069390902,0.967741935483871
0.023148148148148147,0.967741935483871
0.023166023166023165,0.967741935483871
0.023183925811437404,0.967741935483871
0.02320185614849188,0.967741935483871
0.02321981424148607,0.967741935483871
0.023237800154918668,0.967741935483871
0.023255813953488372,0.967741935483871
0.023273855702094646,0.967741935483871
0.023291925465838508,0.967741935483871
0.023310023310023312,0.967741935483871
0.02332814930015552,0.967741935483871
0.023346303501945526,0.967741935483871
0.02336448598130841,0.967741935483871
0.02338269680436477,0.967741935483871
0.0234009360374415,0.967741935483871
0.0234192037470726,0.967741935483871
0.0234375,0.967741935483871
0.023455824863174355,0.967741935483871
0.023474178403755867,0.967741935483871
0.023492560689115115,0.967741935483871
0.023510971786833857,0.967741935483871
0.023529411764705882,0.967741935483871
0.023547880690737835,0.967741935483871
0.02356637863315004,0.967741935483871
0.02358490566037736,0.967741935483871
0.023603461841070025,0.967741935483871
0.023622047244094488,0.967741935483871
0.02364066193853428,0.967741935483871
0.02365930599369085,0.967741935483871
0.02367797947908445,0.967741935483871
0.023696682464454975,0.967741935483871
0.023715415019762844,0.967741935483871
0.023734177215189875,0.967741935483871
0.023752969121140142,0.967741935483871
0.02377179080824089,0.967741935483871
0.023790642347343377,0.967741935483871
0.023809523809523808,0.967741935483871
0.023828435266084195,0.967741935483871
0.02384737678855326,0.967741935483871
0.02386634844868735,0.967741935483871
0.02388535031847134,0.967741935483871
0.02390438247011952,0.967741935483871
0.023923444976076555,0.967741935483871
0.023942537909018357,0.967741935483871
0.023961661341853034,0.967741935483871
0.023980815347721823,0.967741935483871
0.024,0.967741935483871
0.02401921537229784,0.967741935483871
0.02403846153846154,0.967741935483871
0.024057738572574178,0.967741935483871
0.024077046548956663,0.967741935483871
0.024096385542168676,0.967741935483871
0.024115755627009645,0.967741935483871
0.02413515687851971,0.967741935483871
0.024154589371980676,0.967741935483871
0.024174053182917002,0.967741935483871
0.024193548387096774,0.967741935483871
0.024213075060532687,0.967741935483871
0.024232633279483037,0.967741935483871
0.024252223120452707,0.967741935483871
0.024271844660194174,0.967741935483871
0.024291497975708502,0.967741935483871
0.024311183144246355,0.967741935483871
0.024330900243309004,0.967741935483871
0.024350649350649352,0.967741935483871
0.024370430544272948,0.967741935483871
0.024390243902439025,0.967741935483871
0.024410089503661515,0.967741935483871
0.024429967426710098,0.967741935483871
0.02444987775061125,0.967741935483871
0.024469820554649267,0.967741935483871
0.024489795918367346,0.967741935483871
0.024509803921568627,0.967741935483871
0.024529844644317254,0.967741935483871
0.024549918166939442,0.967741935483871
0.02457002457002457,0.967741935483871
0.02459016393442623,0.967741935483871
0.02461033634126333,0.967741935483871
0.024630541871921183,0.967741935483871
0.024650780608052588,0.967741935483871
0.024671052631578948,0.967741935483871
0.024691358024691357,0.967741935483871
0.02471169686985173,0.967741935483871
0.0247320692497939,0.967741935483871
0.024752475247524754,0.967741935483871
0.02477291494632535,0.967741935483871
0.024793388429752067,0.967741935483871
0.02481389578163772,0.967741935483871
0.024834437086092714,0.967741935483871
0.024855012427506214,0.967741935483871
0.024875621890547265,0.967741935483871
0.024896265560165973,0.967741935483871
0.024916943521594685,0.967741935483871
0.02493765586034913,0.967741935483871
0.024958402662229616,0.967741935483871
0.02497918401332223,0.967741935483871
0.025,0.967741935483871
0.025020850708924104,0.967741935483871
0.025041736227045076,0.967741935483871
0.02506265664160401,0.967741935483871
0.02508361204013378,0.967741935483871
0.02510460251046025,0.967741935483871
0.02512562814070352,0.967741935483871
0.025146689019279127,0.967741935483871
0.025167785234899327,0.967741935483871
0.02518891687657431,0.967741935483871
0.025210084033613446,0.967741935483871
0.025231286795626577,0.967741935483871
0.025252525252525252,0.967741935483871
0.02527379949452401,0.967741935483871
0.025295109612141653,0.967741935483871
0.02531645569620253,0.967741935483871
0.02533783783783784,0.967741935483871
0.0253592561284869,0.967741935483871
0.025380710659898477,0.967741935483871
0.02540220152413209,0.967741935483871
0.025423728813559324,0.967741935483871
0.02544529262086514,0.967741935483871
0.025466893039049237,0.967741935483871
0.025488530161427356,0.967741935483871
0.025510204081632654,0.967741935483871
0.02553191489361702,0.967741935483871
0.02555366269165247,0.967741935483871
0.02557544757033248,0.967741935483871
0.025597269624573378,0.967741935483871
0.025619128949615714,0.967741935483871
0.02564102564102564,0.967741935483871
0.02566295979469632,0.967741935483871
0.025684931506849314,0.967741935483871
0.02570694087403599,0.967741935483871
0.025728987993138937,0.967741935483871
0.02575107296137339,0.967741935483871
0.02577319587628866,0.967741935483871
0.025795356835769563,0.967741935483871
0.025817555938037865,0.967741935483871
0.025839793281653745,0.967741935483871
0.02586206896551724,0.967741935483871
0.025884383088869714,0.967741935483871
0.025906735751295335,0.967741935483871
0.02592912705272256,0.967741935483871
0.025951557093425604,0.967741935483871
0.025974025974025976,0.967741935483871
0.025996533795493933,0.967741935483871
0.026019080659150044,0.967741935483871
0.026041666666666668,0.967741935483871
0.026064291920069503,0.967741935483871
0.02608695652173913,0.967741935483871
0.02610966057441253,0.967741935483871
0.02613240418118467,0.967741935483871
0.026155187445510025,0.967741935483871
0.02617801047120419,0.967741935483871
0.026200873362445413,0.967741935483871
0.026223776223776224,0.967741935483871
0.026246719160104987,0.967741935483871
0.02626970227670753,0.967741935483871
0.026292725679228746,0.967741935483871
0.02631578947368421,0.967741935483871
0.02633889376646181,0.967741935483871
0.026362038664323375,0.967741935483871
0.026385224274406333,0.967741935483871
0.02640845070422535,0.967741935483871
0.02643171806167401,0.967741935483871
0.026455026455026454,0.967741935483871
0.0264783759929391,0.967741935483871
0.026501766784452298,0.967741935483871
0.026525198938992044,0.967741935483871
0.02654867256637168,0.967741935483871
0.026572187776793623,0.967741935483871
0.026595744680851064,0.967741935483871
0.026619343389529725,0.967741935483871
0.02664298401420959,0.967741935483871
0.02666666666666667,0.967741935483871
0.026690391459074734,0.967741935483871
0.026714158504007122,0.967741935483871
0.026737967914438502,0.967741935483871
0.026761819803746655,0.967741935483871
0.026785714285714284,0.967741935483871
0.02680965147453083,0.967741935483871
0.026833631484794274,0.967741935483871
0.02685765443151298,0.967741935483871
0.026881720430107527,0.967741935483871
0.026905829596412557,0.967741935483871
0.026929982046678635,0.967741935483871
0.026954177897574125,0.967741935483871
0.02697841726618705,0.967741935483871
0.027002700270027002,0.967741935483871
0.02702702702702703,0.967741935483871
0.027051397655545536,0.967741935483871
0.02707581227436823,0.967741935483871
0.02710027100271003,0.967741935483871
0.027124773960216998,0.967741935483871
0.027149321266968326,0.967741935483871
0.02717391304347826,0.967741935483871
0.027198549410698096,0.967741935483871
0.02722323049001815,0.967741935483871
0.027247956403269755,0.967741935483871
0.02727272727272727,0.967741935483871
0.0272975432211101,0.967741935483871
0.0273224043715847,0.967741935483871
0.027347310847766638,0.967741935483871
0.02737226277372263,0.967741935483871
0.0273972602739726,0.967741935483871
0.027422303473491772,0.967741935483871
0.027447392497712716,0.967741935483871
0.027472527472527472,0.967741935483871
0.027497708524289642,0.967741935483871
0.027522935779816515,0.967741935483871
0.027548209366391185,0.967741935483871
0.027573529411764705,0.967741935483871
0.027598896044158234,0.967741935483871
0.027624309392265192,0.967741935483871
0.027649769585253458,0.967741935483871
0.027675276752767528,0.967741935483871
0.027700831024930747,0.967741935483871
0.027726432532347505,0.967741935483871
0.027752081406105456,0.967741935483871
0.027777777777777776,0.967741935483871
0.027803521779425393,0.967741935483871
0.027829313543599257,0.967741935483871
0.027855153203342618,0.967741935483871
0.027881040892193308,0.967741935483871
0.027906976744186046,0.967741935483871
0.027932960893854747,0.967741935483871
0.027958993476234855,0.967741935483871
0.027985074626865673,0.967741935483871
0.028011204481792718,0.967741935483871
0.028037383177570093,0.967741935483871
0.02806361085126286,0.967741935483871
0.028089887640449437,0.967741935483871
0.028116213683223992,0.967741935483871
0.028142589118198873,0.967741935483871
0.028169014084507043,0.967741935483871
0.02819548872180451,0.967741935483871
0.028222013170272814,0.967741935483871
0.02824858757062147,0.967741935483871
0.02827521206409048,0.967741935483871
0.02830188679245283,0.967741935483871
0.028328611898016998,0.967741935483871
0.02835538752362949,0.967741935483871
0.02838221381267739,0.967741935483871
0.028409090909090908,0.967741935483871
0.02843601895734597,0.967741935483871
0.028462998102466792,0.967741935483871
0.02849002849002849,0.967741935483871
0.028517110266159697,0.967741935483871
0.028544243577545196,0.967741935483871
0.02857142857142857,0.967741935483871
0.028598665395614873,0.967741935483871
0.02862595419847328,0.967741935483871
0.02865329512893983,0.967741935483871
0.028680688336520075,0.967741935483871
0.028708133971291867,0.967741935483871
0.028735632183908046,0.967741935483871
0.028763183125599234,0.967741935483871
0.028790786948176585,0.967741935483871
0.02881844380403458,0.967741935483871
0.028846153846153848,0.967741935483871
0.028873917228103944,0.967741935483871
0.028901734104046242,0.967741935483871
0.02892960462873674,0.967741935483871
0.02895752895752896,0.967741935483871
0.028985507246376812,0.967741935483871
0.029013539651837523,0.967741935483871
0.02904162633107454,0.967741935483871
0.029069767441860465,0.967741935483871
0.029097963142580018,0.967741935483871
0.02912621359223301,0.967741935483871
0.029154518950437316,0.967741935483871
0.029182879377431907,0.967741935483871
0.029211295034079845,0.967741935483871
0.029239766081871343,0.967741935483871
0.02926829268292683,0.967741935483871
0.029296875,0.967741935483871
0.02932551319648094,0.967741935483871
0.029354207436399216,0.967741935483871
0.029382957884427033,0.967741935483871
0.029411764705882353,0.967741935483871
0.029440628066732092,0.967741935483871
0.029469548133595286,0.967741935483871
0.029498525073746312,0.967741935483871
0.02952755905511811,0.967741935483871
0.029556650246305417,0.967741935483871
0.029585798816568046,0.967741935483871
0.029615004935834157,0.967741935483871
0.029644268774703556,0.967741935483871
0.02967359050445104,0.967741935483871
0.0297029702970297,0.967741935483871
0.02973240832507433,0.967741935483871
0.02976190476190476,0.967741935483871
0.029791459781529295,0.967741935483871
0.02982107355864811,0.967741935483871
0.029850746268656716,0.967741935483871
0.029880478087649404,0.967741935483871
0.02991026919242273,0.967741935483871
0.029940119760479042,0.967741935483871
0.029970029970029972,0.967741935483871
0.03,0.967741935483871
0.03003003003003003,0.967741935483871
0.03006012024048096,0.967741935483871
0.03009027081243731,0.967741935483871
0.030120481927710843,0.967741935483871
0.03015075376884422,0.967741935483871
0.030181086519114688,0.967741935483871
0.030211480362537766,0.967741935483871
0.03024193548387097,0.967741935483871
0.030272452068617558,0.967741935483871
0.030303030303030304,0.967741935483871
0.030333670374115267,0.967741935483871
0.030364372469635626,0.967741935483871
0.030395136778115502,0.967741935483871
0.030425963488843813,0.967741935483871
0.030456852791878174,0.967741935483871
0.03048780487804878,0.967741935483871
0.030518819938962362,0.967741935483871
0.03054989816700611,0.967741935483871
0.03058103975535168,0.967741935483871
0.030612244897959183,0.967741935483871
0.030643513789581207,0.967741935483871
0.03067484662576687,0.967741935483871
0.030706243602865915,0.967741935483871
0.030737704918032786,0.967741935483871
0.03076923076923077,0.967741935483871
0.030800821355236138,0.967741935483871
0.030832476875642344,0.967741935483871
0.030864197530864196,0.967741935483871
0.030895983522142123,0.967741935483871
0.030927835051546393,0.967741935483871
0.030959752321981424,0.967741935483871
0.030991735537190084,0.967741935483871
0.031023784901758014,0.967741935483871
0.031055900621118012,0.967741935483871
0.031088082901554404,0.967741935483871
0.03112033195020747,0.967741935483871
0.03115264797507788,0.967741935483871
0.031185031185031187,0.967741935483871
0.031217481789802288,0.967741935483871
0.03125,0.967741935483871
0.03128258602711158,0.967741935483871
0.031315240083507306,0.967741935483871
0.03134796238244514,0.967741935483871
0.03138075313807531,0.967741935483871
0.031413612565445025,0.967741935483871
0.031446540880503145,0.967741935483871
0.03147953830010493,0.967741935483871
0.031512605042016806,0.967741935483871
0.031545741324921134,0.967741935483871
0.031578947368421054,0.967741935483871
0.03161222339304531,0.967741935483871
0.03164556962025317,0.967741935483871
0.03167898627243928,0.967741935483871
0.03171247357293869,0.967741935483871
0.031746031746031744,0.967741935483871
0.03177966101694915,0.967741935483871
0.031813361611876985,0.967741935483871
0.03184713375796178,0.967741935483871
0.031880977683315624,0.967741935483871
0.031914893617021274,0.967741935483871
0.03194888178913738,0.967741935483871
0.031982942430703626,0.967741935483871
0.032017075773746,0.967741935483871
0.03205128205128205,0.967741935483871
0.03208556149732621,0.967741935483871
0.032119914346895075,0.967741935483871
0.03215434083601286,0.967741935483871
0.032188841201716736,0.967741935483871
0.0322234156820623,0.967741935483871
0.03225806451612903,0.967741935483871
0.03229278794402583,0.967741935483871
0.032327586206896554,0.967741935483871
0.032362459546925564,0.967741935483871
0.032397408207343416,0.967741935483871
0.032432432432432434,0.967741935483871
0.032467532467532464,0.967741935483871
0.032502708559046585,0.967741935483871
0.03253796095444685,0.967741935483871
0.03257328990228013,0.967741935483871
0.03260869565217391,0.967741935483871
0.03264417845484222,0.967741935483871
0.032679738562091505,0.967741935483871
0.03271537622682661,0.967741935483871
0.03275109170305677,0.967741935483871
0.03278688524590164,0.967741935483871
0.03282275711159737,0.967741935483871
0.03285870755750274,0.967741935483871
0.03289473684210526,0.967741935483871
0.03293084522502744,0.967741935483871
0.03296703296703297,0.967741935483871
0.033003300330033,0.967741935483871
0.03303964757709251,0.967741935483871
0.03307607497243661,0.967741935483871
0.03200883002207505,0.9354838709677419
0.032044198895027624,0.9354838709677419
0.032079646017699116,0.9354838709677419
0.03211517165005537,0.9354838709677419
0.03215077605321508,0.9354838709677419
0.03218645948945616,0.9354838709677419
0.03222222222222222,0.9354838709677419
0.03225806451612903,0.9354838709677419
0.03229398663697105,0.9354838709677419
0.032329988851727984,0.9354838709677419
0.03236607142857143,0.9354838709677419
0.03240223463687151,0.9354838709677419
0.03243847874720358,0.9354838709677419
0.032474804031354984,0.9354838709677419
0.032511210762331835,0.9354838709677419
0.03254769921436588,0.9354838709677419
0.03258426966292135,0.9354838709677419
0.03262092238470191,0.9354838709677419
0.03265765765765766,0.9354838709677419
0.03269447576099211,0.9354838709677419
0.0327313769751693,0.9354838709677419
0.0327683615819209,0.9354838709677419
0.032805429864253395,0.9354838709677419
0.03284258210645526,0.9354838709677419
0.032879818594104306,0.9354838709677419
0.032917139614074914,0.9354838709677419
0.03295454545454545,0.9354838709677419
0.03299203640500569,0.9354838709677419
0.03302961275626424,0.9354838709677419
0.0330672748004561,0.9354838709677419
0.033105022831050226,0.9354838709677419
0.03314285714285714,0.9354838709677419
0.03318077803203661,0.9354838709677419
0.033218785796105384,0.9354838709677419
0.033256880733944956,0.9354838709677419
0.03329506314580941,0.9354838709677419
0.03333333333333333,0.9354838709677419
0.0333716915995397,0.9354838709677419
0.03341013824884793,0.9354838709677419
0.03344867358708189,0.9354838709677419
0.03348729792147806,0.9354838709677419
0.03352601156069364,0.9354838709677419
0.03356481481481482,0.9354838709677419
0.03360370799536501,0.9354838709677419
0.033642691415313224,0.9354838709677419
0.03368176538908246,0.9354838709677419
0.03372093023255814,0.9354838709677419
0.033760186263096625,0.9354838709677419
0.0337995337995338,0.9354838709677419
0.0338389731621937,0.9354838709677419
0.03387850467289719,0.9354838709677419
0.03391812865497076,0.9354838709677419
0.03395784543325527,0.9354838709677419
0.03399765533411489,0.9354838709677419
0.03403755868544601,0.9354838709677419
0.03407755581668625,0.9354838709677419
0.03411764705882353,0.9354838709677419
0.03415783274440518,0.9354838709677419
0.03419811320754717,0.9354838709677419
0.03423848878394333,0.9354838709677419
0.034278959810874705,0.9354838709677419
0.03431952662721893,0.9354838709677419
0.034360189573459717,0.9354838709677419
0.03440094899169632,0.9354838709677419
0.0344418052256532,0.9354838709677419
0.034482758620689655,0.9354838709677419
0.034523809523809526,0.9354838709677419
0.03456495828367104,0.9354838709677419
0.034606205250596656,0.9354838709677419
0.03464755077658303,0.9354838709677419
0.034688995215311005,0.9354838709677419
0.03473053892215569,0.9354838709677419
0.03477218225419664,0.9354838709677419
0.03481392557022809,0.9354838709677419
0.03485576923076923,0.9354838709677419
0.03489771359807461,0.9354838709677419
0.03493975903614458,0.9354838709677419
0.03498190591073583,0.9354838709677419
0.035024154589371984,0.9354838709677419
0.03506650544135429,0.9354838709677419
0.035108958837772396,0.9354838709677419
0.03515151515151515,0.9354838709677419
0.03519417475728155,0.9354838709677419
0.03523693803159174,0.9354838709677419
0.03527980535279805,0.9354838709677419
0.03532277710109622,0.9354838709677419
0.03536585365853658,0.9354838709677419
0.03540903540903541,0.9354838709677419
0.035452322738386305,0.9354838709677419
0.03549571603427173,0.9354838709677419
0.03553921568627451,0.9354838709677419
0.03558282208588957,0.9354838709677419
0.03562653562653563,0.9354838709677419
0.03567035670356704,0.9354838709677419
0.03571428571428571,0.9354838709677419
0.035758323057953144,0.9354838709677419
0.03580246913580247,0.9354838709677419
0.03584672435105068,0.9354838709677419
0.03589108910891089,0.9354838709677419
0.03593556381660471,0.9354838709677419
0.03598014888337469,0.9354838709677419
0.03602484472049689,0.9354838709677419
0.036069651741293535,0.9354838709677419
0.0361145703611457,0.9354838709677419
0.03615960099750624,0.9354838709677419
0.03620474406991261,0.9354838709677419
0.03625,0.9354838709677419
0.03629536921151439,0.9354838709677419
0.03634085213032581,0.9354838709677419
0.03638644918444166,0.9354838709677419
0.0364321608040201,0.9354838709677419
0.03647798742138365,0.9354838709677419
0.036523929471032744,0.9354838709677419
0.03656998738965952,0.9354838709677419
0.036616161616161616,0.9354838709677419
0.03666245259165613,0.9354838709677419
0.03670886075949367,0.9354838709677419
0.036755386565272496,0.9354838709677419
0.03680203045685279,0.9354838709677419
0.036848792884371026,0.9354838709677419
0.03689567430025445,0.9354838709677419
0.03694267515923567,0.9354838709677419
0.036989795918367346,0.9354838709677419
0.037037037037037035,0.9354838709677419
0.0370843989769821,0.9354838709677419
0.03713188220230474,0.9354838709677419
0.03717948717948718,0.9354838709677419
0.037227214377406934,0.9354838709677419
0.037275064267352186,0.9354838709677419
0.03732303732303732,0.9354838709677419
0.037371134020618556,0.9354838709677419
0.03741935483870968,0.9354838709677419
0.037467700258397935,0.9354838709677419
0.037516170763260026,0.9354838709677419
0.03756476683937824,0.9354838709677419
0.03761348897535668,0.9354838709677419
0.03766233766233766,0.9354838709677419
0.0377113133940182,0.9354838709677419
0.037760416666666664,0.9354838709677419
0.03780964797913951,0.9354838709677419
0.037859007832898174,0.9354838709677419
0.03790849673202614,0.9354838709677419
0.03795811518324607,0.9354838709677419
0.03800786369593709,0.9354838709677419
0.03805774278215223,0.9354838709677419
0.03810775295663601,0.9354838709677419
0.038157894736842106,0.9354838709677419
0.03820816864295125,0.9354838709677419
0.03825857519788918,0.9354838709677419
0.03830911492734478,0.9354838709677419
0.03835978835978836,0.9354838709677419
0.038410596026490065,0.9354838709677419
0.038461538461538464,0.9354838709677419
0.03851261620185923,0.9354838709677419
0.03856382978723404,0.9354838709677419
0.03861517976031957,0.9354838709677419
0.03866666666666667,0.9354838709677419
0.03871829105473965,0.9354838709677419
0.03877005347593583,0.9354838709677419
0.038821954484605084,0.9354838709677419
0.0388739946380697,0.9354838709677419
0.038926174496644296,0.9354838709677419
0.038978494623655914,0.9354838709677419
0.039030955585464336,0.9354838709677419
0.03908355795148248,0.9354838709677419
0.03913630229419703,0.9354838709677419
0.03918918918918919,0.9354838709677419
0.03924221921515562,0.9354838709677419
0.03929539295392954,0.9354838709677419
0.03934871099050204,0.9354838709677419
0.03940217391304348,0.9354838709677419
0.03945578231292517,0.9354838709677419
0.039509536784741145,0.9354838709677419
0.03956343792633015,0.9354838709677419
0.03961748633879782,0.9354838709677419
0.03967168262653899,0.9354838709677419
0.03972602739726028,0.9354838709677419
0.039780521262002745,0.9354838709677419
0.03983516483516483,0.9354838709677419
0.039889958734525444,0.9354838709677419
0.03994490358126722,0.9354838709677419
0.04,0.9354838709677419
0.04005524861878453,0.9354838709677419
0.040110650069156296,0.9354838709677419
0.04016620498614958,0.9354838709677419
0.04022191400832178,0.9354838709677419
0.04027777777777778,0.9354838709677419
0.04033379694019471,0.9354838709677419
0.0403899721448468,0.9354838709677419
0.040446304044630406,0.9354838709677419
0.040502793296089384,0.9354838709677419
0.04055944055944056,0.9354838709677419
0.04061624649859944,0.9354838709677419
0.04067321178120617,0.9354838709677419
0.04073033707865169,0.9354838709677419
0.040787623066104076,0.9354838709677419
0.04084507042253521,0.9354838709677419
0.04090267983074753,0.9354838709677419
0.04096045197740113,0.9354838709677419
0.04101838755304102,0.9354838709677419
0.04107648725212465,0.9354838709677419
0.04113475177304964,0.9354838709677419
0.041193181818181816,0.9354838709677419
0.041251778093883355,0.9354838709677419
0.04131054131054131,0.9354838709677419
0.04136947218259629,0.9354838709677419
0.041428571428571426,0.9354838709677419
0.04148783977110158,0.9354838709677419
0.04154727793696275,0.9354838709677419
0.04160688665710186,0.9354838709677419
0.040229885057471264,0.9032258064516129
0.04028776978417266,0.9032258064516129
0.040345821325648415,0.9032258064516129
0.04040404040404041,0.9032258064516129
0.04046242774566474,0.9032258064516129
0.04052098408104197,0.9032258064516129
0.04057971014492753,0.9032258064516129
0.040638606676342524,0.9032258064516129
0.040697674418604654,0.9032258064516129
0.040756914119359534,0.9032258064516129
0.04081632653061224,0.9032258064516129
0.040875912408759124,0.9032258064516129
0.04093567251461988,0.9032258064516129
0.040995607613469986,0.9032258064516129
0.04105571847507331,0.9032258064516129
0.041116005873715125,0.9032258064516129
0.041176470588235294,0.9032258064516129
0.041237113402061855,0.9032258064516129
0.04129793510324484,0.9032258064516129
0.0413589364844904,0.9032258064516129
0.04142011834319527,0.9032258064516129
0.04148148148148148,0.9032258064516129
0.04154302670623145,0.9032258064516129
0.041604754829123326,0.9032258064516129
0.041666666666666664,0.9032258064516129
0.041728763040238454,0.9032258064516129
0.041791044776119404,0.9032258064516129
0.04185351270553064,0.9032258064516129
0.041916167664670656,0.9032258064516129
0.041979010494752625,0.9032258064516129
0.042042042042042045,0.9032258064516129
0.042105263157894736,0.9032258064516129
0.04216867469879518,0.9032258064516129
0.042232277526395176,0.9032258064516129
0.04229607250755287,0.9032258064516129
0.04236006051437216,0.9032258064516129
0.04242424242424243,0.9032258064516129
0.042488619119878605,0.9032258064516129
0.0425531914893617,0.9032258064516129
0.0426179604261796,0.9032258064516129
0.042682926829268296,0.9032258064516129
0.042748091603053436,0.9032258064516129
0.04281345565749235,0.9032258064516129
0.042879019908116385,0.9032258064516129
0.04294478527607362,0.9032258064516129
0.043010752688172046,0.9032258064516129
0.043076923076923075,0.9032258064516129
0.04314329738058552,0.9032258064516129
0.043209876543209874,0.9032258064516129
0.04327666151468315,0.9032258064516129
0.043343653250773995,0.9032258064516129
0.043410852713178294,0.9032258064516129
0.043478260869565216,0.9032258064516129
0.04354587869362364,0.9032258064516129
0.04361370716510903,0.9032258064516129
0.0436817472698908,0.9032258064516129
0.04375,0.9032258064516129
0.04381846635367762,0.9032258064516129
0.0438871473354232,0.9032258064516129
0.04395604395604396,0.9032258064516129
0.0440251572327044,0.9032258064516129
0.04409448818897638,0.9032258064516129
0.04416403785488959,0.9032258064516129
0.044233807266982623,0.9032258064516129
0.04430379746835443,0.9032258064516129
0.044374009508716325,0.9032258064516129
0.044444444444444446,0.9032258064516129
0.04451510333863275,0.9032258064516129
0.044585987261146494,0.9032258064516129
0.044657097288676235,0.9032258064516129
0.04472843450479233,0.9032258064516129
0.0448,0.9032258064516129
0.04487179487179487,0.9032258064516129
0.0449438202247191,0.9032258064516129
0.04501607717041801,0.9032258064516129
0.04508856682769726,0.9032258064516129
0.04516129032258064,0.9032258064516129
0.045234248788368334,0.9032258064516129
0.045307443365695796,0.9032258064516129
0.04538087520259319,0.9032258064516129
0.045454545454545456,0.9032258064516129
0.04552845528455285,0.9032258064516129
0.04560260586319218,0.9032258064516129
0.04567699836867863,0.9032258064516129
0.0457516339869281,0.9032258064516129
0.04582651391162029,0.9032258064516129
0.04590163934426229,0.9032258064516129
0.04597701149425287,0.9032258064516129
0.046052631578947366,0.9032258064516129
0.04612850082372323,0.9032258064516129
0.0462046204620462,0.9032258064516129
0.04628099173553719,0.9032258064516129
0.046357615894039736,0.9032258064516129
0.04643449419568822,0.9032258064516129
0.046511627906976744,0.9032258064516129
0.04658901830282862,0.9032258064516129
0.04666666666666667,0.9032258064516129
0.04674457429048414,0.9032258064516129
0.046822742474916385,0.9032258064516129
0.04690117252931323,0.9032258064516129
0.04697986577181208,0.9032258064516129
0.047058823529411764,0.9032258064516129
0.04713804713804714,0.9032258064516129
0.047217537942664416,0.9032258064516129
0.0472972972972973,0.9032258064516129
0.047377326565143825,0.9032258064516129
0.04745762711864407,0.9032258064516129
0.04753820033955857,0.9032258064516129
0.047619047619047616,0.9032258064516129
0.04770017035775128,0.9032258064516129
0.04778156996587031,0.9032258064516129
0.04786324786324787,0.9032258064516129
0.04794520547945205,0.9032258064516129
0.048027444253859346,0.9032258064516129
0.048109965635738834,0.9032258064516129
0.04819277108433735,0.9032258064516129
0.04827586206896552,0.9032258064516129
0.04835924006908463,0.9032258064516129
0.04844290657439446,0.9032258064516129
0.04852686308492201,0.9032258064516129
0.04861111111111111,0.9032258064516129
0.04869565217391304,0.9032258064516129
0.04878048780487805,0.9032258064516129
0.04886561954624782,0.9032258064516129
0.04895104895104895,0.9032258064516129
0.04903677758318739,0.9032258064516129
0.04912280701754386,0.9032258064516129
0.0492091388400703,0.9032258064516129
0.04929577464788732,0.9032258064516129
0.04938271604938271,0.9032258064516129
0.04946996466431095,0.9032258064516129
0.049557522123893805,0.9032258064516129
0.04964539007092199,0.9032258064516129
0.0497335701598579,0.9032258064516129
0.0498220640569395,0.9032258064516129
0.049910873440285206,0.9032258064516129
0.05,0.9032258064516129
0.05008944543828265,0.9032258064516129
0.05017921146953405,0.9032258064516129
0.05026929982046679,0.9032258064516129
0.050359712230215826,0.9032258064516129
0.05045045045045045,0.9032258064516129
0.05054151624548736,0.9032258064516129
0.05063291139240506,0.9032258064516129
0.04891304347826087,0.8709677419354839
0.04900181488203267,0.8709677419354839
0.04909090909090909,0.8709677419354839
0.04735883424408015,0.8387096774193549
0.04744525547445255,0.8387096774193549
0.04753199268738574,0.8387096774193549
0.047619047619047616,0.8387096774193549
0.047706422018348627,0.8387096774193549
0.04779411764705882,0.8387096774193549
0.04788213627992634,0.8387096774193549
0.04797047970479705,0.8387096774193549
0.04805914972273567,0.8387096774193549
0.04814814814814815,0.8387096774193549
0.04823747680890538,0.8387096774193549
0.048327137546468404,0.8387096774193549
0.048417132216014895,0.8387096774193549
0.048507462686567165,0.8387096774193549
0.048598130841121495,0.8387096774193549
0.04868913857677903,0.8387096774193549
0.04878048780487805,0.8387096774193549
0.04887218045112782,0.8387096774193549
0.04896421845574388,0.8387096774193549
0.04905660377358491,0.8387096774193549
0.04914933837429111,0.8387096774193549
0.04924242424242424,0.8387096774193549
0.04933586337760911,0.8387096774193549
0.049429657794676805,0.8387096774193549
0.049523809523809526,0.8387096774193549
0.04961832061068702,0.8387096774193549
0.0497131931166348,0.8387096774193549
0.04980842911877394,0.8387096774193549
0.04990403071017274,0.8387096774193549
0.05,0.8387096774193549
0.05009633911368015,0.8387096774193549
0.05019305019305019,0.8387096774193549
0.05029013539651837,0.8387096774193549
0.050387596899224806,0.8387096774193549
0.05048543689320388,0.8387096774193549
0.05058365758754864,0.8387096774193549
0.050682261208576995,0.8387096774193549
0.05078125,0.8387096774193549
0.050880626223091974,0.8387096774193549
0.050980392156862744,0.8387096774193549
0.05108055009823183,0.8387096774193549
0.051181102362204724,0.8387096774193549
0.05128205128205128,0.8387096774193549
0.05138339920948617,0.8387096774193549
0.05148514851485148,0.8387096774193549
0.051587301587301584,0.8387096774193549
0.05168986083499006,0.8387096774193549
0.05179282868525897,0.8387096774193549
0.05189620758483034,0.8387096774193549
0.052,0.8387096774193549
0.052104208416833664,0.8387096774193549
0.05220883534136546,0.8387096774193549
0.052313883299798795,0.8387096774193549
0.05241935483870968,0.8387096774193549
0.052525252525252523,0.8387096774193549
0.05263157894736842,0.8387096774193549
0.05273833671399594,0.8387096774193549
0.052845528455284556,0.8387096774193549
0.05295315682281059,0.8387096774193549
0.053061224489795916,0.8387096774193549
0.053169734151329244,0.8387096774193549
0.05327868852459016,0.8387096774193549
0.053388090349075976,0.8387096774193549
0.053497942386831275,0.8387096774193549
0.05360824742268041,0.8387096774193549
0.05371900826446281,0.8387096774193549
0.053830227743271224,0.8387096774193549
0.05394190871369295,0.8387096774193549
0.05405405405405406,0.8387096774193549
0.05416666666666667,0.8387096774193549
0.05219206680584551,0.8064516129032258
0.05230125523012552,0.8064516129032258
0.05241090146750524,0.8064516129032258
0.052521008403361345,0.8064516129032258
0.05263157894736842,0.8064516129032258
0.052742616033755275,0.8064516129032258
0.052854122621564484,0.8064516129032258
0.05296610169491525,0.8064516129032258
0.05307855626326964,0.8064516129032258
0.05319148936170213,0.8064516129032258
0.053304904051172705,0.8064516129032258
0.053418803418803416,0.8064516129032258
0.05353319057815846,0.8064516129032258
0.0536480686695279,0.8064516129032258
0.053763440860215055,0.8064516129032258
0.05387931034482758,0.8064516129032258
0.05399568034557235,0.8064516129032258
0.05411255411255411,0.8064516129032258
0.05422993492407809,0.8064516129032258
0.05434782608695652,0.8064516129032258
0.054466230936819175,0.8064516129032258
0.05458515283842795,0.8064516129032258
0.05470459518599562,0.8064516129032258
0.05482456140350877,0.8064516129032258
0.054945054945054944,0.8064516129032258
0.05506607929515418,0.8064516129032258
0.05518763796909492,0.8064516129032258
0.05530973451327434,0.8064516129032258
0.05543237250554324,0.8064516129032258
0.05555555555555555,0.8064516129032258
0.0556792873051225,0.8064516129032258
0.05580357142857143,0.8064516129032258
0.05592841163310962,0.8064516129032258
0.05605381165919283,0.8064516129032258
0.056179775280898875,0.8064516129032258
0.05630630630630631,0.8064516129032258
0.056433408577878104,0.8064516129032258
0.05656108597285068,0.8064516129032258
0.05668934240362812,0.8064516129032258
0.056818181818181816,0.8064516129032258
0.05694760820045558,0.8064516129032258
0.05707762557077625,0.8064516129032258
0.057208237986270026,0.8064516129032258
0.05733944954128441,0.8064516129032258
0.05747126436781609,0.8064516129032258
0.0576036866359447,0.8064516129032258
0.057736720554272515,0.8064516129032258
0.05787037037037037,0.8064516129032258
0.058004640371229696,0.8064516129032258
0.05813953488372093,0.8064516129032258
0.05827505827505827,0.8064516129032258
0.05841121495327103,0.8064516129032258
0.0585480093676815,0.8064516129032258
0.05868544600938967,0.8064516129032258
0.058823529411764705,0.8064516129032258
0.0589622641509434,0.8064516129032258
0.0591016548463357,0.8064516129032258
0.05924170616113744,0.8064516129032258
0.05938242280285035,0.8064516129032258
0.05952380952380952,0.8064516129032258
0.059665871121718374,0.8064516129032258
0.05980861244019139,0.8064516129032258
0.05995203836930456,0.8064516129032258
0.06009615384615385,0.8064516129032258
0.060240963855421686,0.8064516129032258
0.06038647342995169,0.8064516129032258
0.06053268765133172,0.8064516129032258
0.06067961165048544,0.8064516129032258
0.06082725060827251,0.8064516129032258
0.06097560975609756,0.8064516129032258
0.061124694376528114,0.8064516129032258
0.061274509803921566,0.8064516129032258
0.06142506142506143,0.8064516129032258
0.06157635467980296,0.8064516129032258
0.06172839506172839,0.8064516129032258
0.06188118811881188,0.8064516129032258
0.062034739454094295,0.8064516129032258
0.06218905472636816,0.8064516129032258
0.06234413965087282,0.8064516129032258
0.0625,0.8064516129032258
0.06265664160401002,0.8064516129032258
0.06281407035175879,0.8064516129032258
0.06297229219143577,0.8064516129032258
0.06313131313131314,0.8064516129032258
0.06329113924050633,0.8064516129032258
0.06345177664974619,0.8064516129032258
0.06361323155216285,0.8064516129032258
0.06377551020408163,0.8064516129032258
0.0639386189258312,0.8064516129032258
0.0641025641025641,0.8064516129032258
0.06426735218508997,0.8064516129032258
0.06443298969072164,0.8064516129032258
0.06459948320413436,0.8064516129032258
0.06476683937823834,0.8064516129032258
0.06493506493506493,0.8064516129032258
0.06510416666666667,0.8064516129032258
0.06527415143603134,0.8064516129032258
0.06544502617801047,0.8064516129032258
0.06561679790026247,0.8064516129032258
0.06578947368421052,0.8064516129032258
0.06596306068601583,0.8064516129032258
0.06613756613756613,0.8064516129032258
0.06631299734748011,0.8064516129032258
0.06648936170212766,0.8064516129032258
0.06666666666666667,0.8064516129032258
0.06684491978609626,0.8064516129032258
0.06702412868632708,0.8064516129032258
0.06720430107526881,0.8064516129032258
0.0673854447439353,0.8064516129032258
0.06756756756756757,0.8064516129032258
0.06775067750677506,0.8064516129032258
0.06793478260869565,0.8064516129032258
0.0681198910081744,0.8064516129032258
0.06830601092896176,0.8064516129032258
0.0684931506849315,0.8064516129032258
0.06868131868131869,0.8064516129032258
0.06887052341597796,0.8064516129032258
0.06906077348066299,0.8064516129032258
0.06925207756232687,0.8064516129032258
0.06944444444444445,0.8064516129032258
0.06963788300835655,0.8064516129032258
0.06983240223463687,0.8064516129032258
0.0700280112044818,0.8064516129032258
0.0702247191011236,0.8064516129032258
0.07042253521126761,0.8064516129032258
0.07062146892655367,0.8064516129032258
0.0708215297450425,0.8064516129032258
0.07102272727272728,0.8064516129032258
0.07122507122507123,0.8064516129032258
0.07142857142857142,0.8064516129032258
0.07163323782234957,0.8064516129032258
0.07183908045977011,0.8064516129032258
0.07204610951008646,0.8064516129032258
0.07225433526011561,0.8064516129032258
0.07246376811594203,0.8064516129032258
0.07267441860465117,0.8064516129032258
0.0728862973760933,0.8064516129032258
0.07309941520467836,0.8064516129032258
0.07331378299120235,0.8064516129032258
0.07352941176470588,0.8064516129032258
0.07374631268436578,0.8064516129032258
0.07396449704142012,0.8064516129032258
0.07418397626112759,0.8064516129032258
0.0744047619047619,0.8064516129032258
0.07462686567164178,0.8064516129032258
0.0748502994011976,0.8064516129032258
0.07507507507507508,0.8064516129032258
0.07530120481927711,0.8064516129032258
0.0755287009063444,0.8064516129032258
0.07575757575757576,0.8064516129032258
0.07598784194528875,0.8064516129032258
0.07621951219512195,0.8064516129032258
0.0764525993883792,0.8064516129032258
0.07668711656441718,0.8064516129032258
0.07692307692307693,0.8064516129032258
0.07716049382716049,0.8064516129032258
0.07739938080495357,0.8064516129032258
0.07763975155279502,0.8064516129032258
0.0778816199376947,0.8064516129032258
0.078125,0.8064516129032258
0.07836990595611286,0.8064516129032258
0.07861635220125786,0.8064516129032258
0.07886435331230283,0.8064516129032258
0.07911392405063292,0.8064516129032258
0.07936507936507936,0.8064516129032258
0.07961783439490445,0.8064516129032258
0.07987220447284345,0.8064516129032258
0.08012820512820513,0.8064516129032258
0.08038585209003216,0.8064516129032258
0.08064516129032258,0.8064516129032258
0.08090614886731391,0.8064516129032258
0.08116883116883117,0.8064516129032258
0.08143322475570032,0.8064516129032258
0.08169934640522876,0.8064516129032258
0.08196721311475409,0.8064516129032258
0.08223684210526316,0.8064516129032258
0.08250825082508251,0.8064516129032258
0.08278145695364239,0.8064516129032258
0.08305647840531562,0.8064516129032258
0.08333333333333333,0.8064516129032258
0.08361204013377926,0.8064516129032258
0.08389261744966443,0.8064516129032258
0.08417508417508418,0.8064516129032258
0.08445945945945946,0.8064516129032258
0.0847457627118644,0.8064516129032258
0.08503401360544217,0.8064516129032258
0.08532423208191127,0.8064516129032258
0.08561643835616438,0.8064516129032258
0.0859106529209622,0.8064516129032258
0.08620689655172414,0.8064516129032258
0.08650519031141868,0.8064516129032258
0.08680555555555555,0.8064516129032258
0.08710801393728224,0.8064516129032258
0.08741258741258741,0.8064516129032258
0.08771929824561403,0.8064516129032258
0.0880281690140845,0.8064516129032258
0.08833922261484099,0.8064516129032258
0.08865248226950355,0.8064516129032258
0.08896797153024912,0.8064516129032258
0.08928571428571429,0.8064516129032258
0.08960573476702509,0.8064516129032258
0.08992805755395683,0.8064516129032258
0.09025270758122744,0.8064516129032258
0.09057971014492754,0.8064516129032258
0.09090909090909091,0.8064516129032258
0.09124087591240876,0.8064516129032258
0.09157509157509157,0.8064516129032258
0.09191176470588236,0.8064516129032258
0.09225092250922509,0.8064516129032258
0.09259259259259259,0.8064516129032258
0.09293680297397769,0.8064516129032258
0.09328358208955224,0.8064516129032258
0.09363295880149813,0.8064516129032258
0.09398496240601503,0.8064516129032258
0.09433962264150944,0.8064516129032258
0.0946969696969697,0.8064516129032258
0.09505703422053231,0.8064516129032258
0.09541984732824428,0.8064516129032258
0.09578544061302682,0.8064516129032258
0.09615384615384616,0.8064516129032258
0.09652509652509653,0.8064516129032258
0.09689922480620156,0.8064516129032258
0.09727626459143969,0.8064516129032258
0.09765625,0.8064516129032258
0.09803921568627451,0.8064516129032258
0.0984251968503937,0.8064516129032258
0.09881422924901186,0.8064516129032258
0.0992063492063492,0.8064516129032258
0.099601593625498,0.8064516129032258
0.1,0.8064516129032258
0.10040160642570281,0.8064516129032258
0.10080645161290322,0.8064516129032258
0.10121457489878542,0.8064516129032258
0.1016260162601626,0.8064516129032258
0.10204081632653061,0.8064516129032258
0.10245901639344263,0.8064516129032258
0.102880658436214,0.8064516129032258
0.10330578512396695,0.8064516129032258
0.1037344398340249,0.8064516129032258
0.10416666666666667,0.8064516129032258
0.10460251046025104,0.8064516129032258
0.10504201680672269,0.8064516129032258
0.10548523206751055,0.8064516129032258
0.1059322033898305,0.8064516129032258
0.10638297872340426,0.8064516129032258
0.10683760683760683,0.8064516129032258
0.1072961373390558,0.8064516129032258
0.10775862068965517,0.8064516129032258
0.10822510822510822,0.8064516129032258
0.10869565217391304,0.8064516129032258
0.1091703056768559,0.8064516129032258
0.10964912280701754,0.8064516129032258
0.11013215859030837,0.8064516129032258
0.11061946902654868,0.8064516129032258
0.1111111111111111,0.8064516129032258
0.11160714285714286,0.8064516129032258
0.11210762331838565,0.8064516129032258
0.11261261261261261,0.8064516129032258
0.11312217194570136,0.8064516129032258
0.11363636363636363,0.8064516129032258
0.1141552511415525,0.8064516129032258
0.11467889908256881,0.8064516129032258
0.1152073732718894,0.8064516129032258
0.11574074074074074,0.8064516129032258
0.11627906976744186,0.8064516129032258
0.11682242990654206,0.8064516129032258
0.11737089201877934,0.8064516129032258
0.1179245283018868,0.8064516129032258
0.11848341232227488,0.8064516129032258
0.11904761904761904,0.8064516129032258
0.11961722488038277,0.8064516129032258
0.1201923076923077,0.8064516129032258
0.12077294685990338,0.8064516129032258
0.12135922330097088,0.8064516129032258
0.12195121951219512,0.8064516129032258
0.12254901960784313,0.8064516129032258
0.12315270935960591,0.8064516129032258
0.12376237623762376,0.8064516129032258
0.12437810945273632,0.8064516129032258
0.125,0.8064516129032258
0.12562814070351758,0.8064516129032258
0.12626262626262627,0.8064516129032258
0.12690355329949238,0.8064516129032258
0.12755102040816327,0.8064516129032258
0.1282051282051282,0.8064516129032258
0.12886597938144329,0.8064516129032258
0.12953367875647667,0.8064516129032258
0.13020833333333334,0.8064516129032258
0.13089005235602094,0.8064516129032258
0.13157894736842105,0.8064516129032258
0.13227513227513227,0.8064516129032258
0.13297872340425532,0.8064516129032258
0.13368983957219252,0.8064516129032258
0.13440860215053763,0.8064516129032258
0.13513513513513514,0.8064516129032258
0.1358695652173913,0.8064516129032258
0.1366120218579235,0.8064516129032258
0.13736263736263737,0.8064516129032258
0.13812154696132597,0.8064516129032258
0.1388888888888889,0.8064516129032258
0.13966480446927373,0.8064516129032258
0.1404494382022472,0.8064516129032258
0.14124293785310735,0.8064516129032258
0.13636363636363635,0.7741935483870968
0.13714285714285715,0.7741935483870968
0.13793103448275862,0.7741935483870968
0.13872832369942195,0.7741935483870968
0.13953488372093023,0.7741935483870968
0.14035087719298245,0.7741935483870968
0.1411764705882353,0.7741935483870968
0.14201183431952663,0.7741935483870968
0.14285714285714285,0.7741935483870968
0.1437125748502994,0.7741935483870968
0.14457831325301204,0.7741935483870968
0.14545454545454545,0.7741935483870968
0.14634146341463414,0.7741935483870968
0.147239263803681,0.7741935483870968
0.14814814814814814,0.7741935483870968
0.14906832298136646,0.7741935483870968
0.15,0.7741935483870968
0.1509433962264151,0.7741935483870968
0.1518987341772152,0.7741935483870968
0.15286624203821655,0.7741935483870968
0.15384615384615385,0.7741935483870968
0.15483870967741936,0.7741935483870968
0.15584415584415584,0.7741935483870968
0.1568627450980392,0.7741935483870968
0.15789473684210525,0.7741935483870968
0.15894039735099338,0.7741935483870968
0.16,0.7741935483870968
0.1610738255033557,0.7741935483870968
0.16216216216216217,0.7741935483870968
0.16326530612244897,0.7741935483870968
0.1643835616438356,0.7741935483870968
0.16551724137931034,0.7741935483870968
0.16666666666666666,0.7741935483870968
0.16783216783216784,0.7741935483870968
0.16901408450704225,0.7741935483870968
0.1702127659574468,0.7741935483870968
0.17142857142857143,0.7741935483870968
0.17266187050359713,0.7741935483870968
0.17391304347826086,0.7741935483870968
0.17518248175182483,0.7741935483870968
0.17647058823529413,0.7741935483870968
0.17777777777777778,0.7741935483870968
0.1791044776119403,0.7741935483870968
0.18045112781954886,0.7741935483870968
0.18181818181818182,0.7741935483870968
0.183206106870229,0.7741935483870968
0.18461538461538463,0.7741935483870968
0.18604651162790697,0.7741935483870968
0.1875,0.7741935483870968
0.1889763779527559,0.7741935483870968
0.19047619047619047,0.7741935483870968
0.192,0.7741935483870968
0.1935483870967742,0.7741935483870968
0.1951219512195122,0.7741935483870968
0.19672131147540983,0.7741935483870968
0.19834710743801653,0.7741935483870968
0.2,0.7741935483870968
0.20168067226890757,0.7741935483870968
0.2033898305084746,0.7741935483870968
0.20512820512820512,0.7741935483870968
0.20689655172413793,0.7741935483870968
0.20869565217391303,0.7741935483870968
0.21052631578947367,0.7741935483870968
0.21238938053097345,0.7741935483870968
0.21428571428571427,0.7741935483870968
0.21621621621621623,0.7741935483870968
0.21818181818181817,0.7741935483870968
0.22018348623853212,0.7741935483870968
0.2222222222222222,0.7741935483870968
0.22429906542056074,0.7741935483870968
0.22641509433962265,0.7741935483870968
0.22857142857142856,0.7741935483870968
0.23076923076923078,0.7741935483870968
0.23300970873786409,0.7741935483870968
0.23529411764705882,0.7741935483870968
0.2376237623762376,0.7741935483870968
0.24,0.7741935483870968
0.24242424242424243,0.7741935483870968
0.24489795918367346,0.7741935483870968
0.24742268041237114,0.7741935483870968
0.25,0.7741935483870968
0.25263157894736843,0.7741935483870968
0.2553191489361702,0.7741935483870968
0.25806451612903225,0.7741935483870968
0.2608695652173913,0.7741935483870968
0.26373626373626374,0.7741935483870968
0.26666666666666666,0.7741935483870968
0.2696629213483146,0.7741935483870968
0.2727272727272727,0.7741935483870968
0.27586206896551724,0.7741935483870968
0.27906976744186046,0.7741935483870968
0.2823529411764706,0.7741935483870968
0.2857142857142857,0.7741935483870968
0.2891566265060241,0.7741935483870968
0.2926829268292683,0.7741935483870968
0.2962962962962963,0.7741935483870968
0.3,0.7741935483870968
0.3037974683544304,0.7741935483870968
0.3076923076923077,0.7741935483870968
0.3116883116883117,0.7741935483870968
0.3157894736842105,0.7741935483870968
0.32,0.7741935483870968
0.32432432432432434,0.7741935483870968
0.3287671232876712,0.7741935483870968
0.3333333333333333,0.7741935483870968
0.3380281690140845,0.7741935483870968
0.34285714285714286,0.7741935483870968
0.34782608695652173,0.7741935483870968
0.35294117647058826,0.7741935483870968
0.3582089552238806,0.7741935483870968
0.36363636363636365,0.7741935483870968
0.36923076923076925,0.7741935483870968
0.375,0.7741935483870968
0.38095238095238093,0.7741935483870968
0.3870967741935484,0.7741935483870968
0.39344262295081966,0.7741935483870968
0.4,0.7741935483870968
0.4067796610169492,0.7741935483870968
0.41379310344827586,0.7741935483870968
0.40350877192982454,0.7419354838709677
0.4107142857142857,0.7419354838709677
0.41818181818181815,0.7419354838709677
0.42592592592592593,0.7419354838709677
0.4339622641509434,0.7419354838709677
0.4230769230769231,0.7096774193548387
0.43137254901960786,0.7096774193548387
0.44,0.7096774193548387
0.42857142857142855,0.6774193548387096
0.4166666666666667,0.6451612903225806
0.425531914893617,0.6451612903225806
0.41304347826086957,0.6129032258064516
0.4222222222222222,0.6129032258064516
0.4318181818181818,0.6129032258064516
0.4418604651162791,0.6129032258064516
0.4523809523809524,0.6129032258064516
0.4634146341463415,0.6129032258064516
0.475,0.6129032258064516
0.48717948717948717,0.6129032258064516
0.5,0.6129032258064516
0.5135135135135135,0.6129032258064516
0.5277777777777778,0.6129032258064516
0.5428571428571428,0.6129032258064516
0.5588235294117647,0.6129032258064516
0.5757575757575758,0.6129032258064516
0.59375,0.6129032258064516
0.6129032258064516,0.6129032258064516
0.6333333333333333,0.6129032258064516
0.6551724137931034,0.6129032258064516
0.6785714285714286,0.6129032258064516
0.7037037037037037,0.6129032258064516
0.7307692307692307,0.6129032258064516
0.76,0.6129032258064516
0.75,0.5806451612903226
0.782608695652174,0.5806451612903226
0.8181818181818182,0.5806451612903226
0.8571428571428571,0.5806451612903226
0.85,0.5483870967741935
0.8421052631578947,0.5161290322580645
0.8888888888888888,0.5161290322580645
0.8823529411764706,0.4838709677419355
0.9375,0.4838709677419355
1.0,0.4838709677419355
1.0,0.45161290322580644
1.0,0.41935483870967744
1.0,0.3870967741935484
1.0,0.3548387096774194
1.0,0.3225806451612903
1.0,0.2903225806451613
1.0,0.25806451612903225
1.0,0.22580645161290322
1.0,0.1935483870967742
1.0,0.16129032258064516
1.0,0.12903225806451613
1.0,0.0967741935483871
1.0,0.06451612903225806
1.0,0.03225806451612903
1.0,0.0
