Precision,Recall
0.032533550223668155,1.0
0.03213995117982099,0.9875
0.032153032153032154,0.9875
0.03216612377850163,0.9875
0.03217922606924643,0.9875
0.03219233903830481,0.9875
0.03220546269873624,0.9875
0.03221859706362153,0.9875
0.03223174214606283,0.9875
0.03224489795918367,0.9875
0.03225806451612903,0.9875
0.03227124183006536,0.9875
0.03228442991418063,0.9875
0.032297628781684386,0.9875
0.032310838445807774,0.9875
0.032324058919803604,0.9875
0.032337290216946375,0.9875
0.03235053235053235,0.9875
0.032363785333879555,0.9875
0.03237704918032787,0.9875
0.03239032390323903,0.9875
0.03240360951599672,0.9875
0.032416906032006566,0.9875
0.032430213464696225,0.9875
0.0324435318275154,0.9875
0.03245686113393591,0.9875
0.03247020139745171,0.9875
0.03248355263157895,0.9875
0.03249691484985603,0.9875
0.03251028806584362,0.9875
0.03252367229312474,0.9875
0.032537067545304776,0.9875
0.032550473836011534,0.9875
0.0325638911788953,0.9875
0.03257731958762886,0.9875
0.03259075907590759,0.9875
0.032604209657449444,0.9875
0.032617671345995046,0.9875
0.032631144155307726,0.9875
0.03264462809917355,0.9875
0.032658123191401406,0.9875
0.032671629445823,0.9875
0.032685146876292925,0.9875
0.03269867549668874,0.9875
0.032712215320910974,0.9875
0.03272576636288318,0.9875
0.03273932863655201,0.9875
0.03275290215588723,0.9875
0.032766486934881794,0.9875
0.03278008298755187,0.9875
0.0327936903279369,0.9875
0.03280730897009967,0.9875
0.0328209389281263,0.9875
0.03283458021612635,0.9875
0.03284823284823285,0.9875
0.03286189683860233,0.9875
0.0328755722014149,0.9875
0.03288925895087427,0.9875
0.03290295710120783,0.9875
0.032916666666666664,0.9875
0.03293038766152564,0.9875
0.0329441201000834,0.9875
0.03295786399666249,0.9875
0.03297161936560935,0.9875
0.03298538622129436,0.9875
0.032999164578111945,0.9875
0.03301295445048057,0.9875
0.03302675585284281,0.9875
0.03304056879966541,0.9875
0.03305439330543933,0.9875
0.033068229384679786,0.9875
0.0330820770519263,0.9875
0.03309593632174277,0.9875
0.03310980720871752,0.9875
0.03312368972746331,0.9875
0.03313758389261745,0.9875
0.0331514897188418,0.9875
0.03316540722082284,0.9875
0.03317933641327173,0.9875
0.03319327731092437,0.9875
0.0332072299285414,0.9875
0.03322119428090833,0.9875
0.03323517038283551,0.9875
0.03324915824915825,0.9875
0.03326315789473684,0.9875
0.03327716933445661,0.9875
0.033291192583227984,0.9875
0.03330522765598651,0.9875
0.03331927456769296,0.9875
0.03333333333333333,0.9875
0.03334740396791895,0.9875
0.033361486486486486,0.9875
0.033375580904098014,0.9875
0.033389687235841084,0.9875
0.03340380549682875,0.9875
0.03341793570219966,0.9875
0.03343207786711807,0.9875
0.03344623200677392,0.9875
0.033460398136382886,0.9875
0.03347457627118644,0.9875
0.033488766426451884,0.9875
0.033502968617472435,0.9875
0.03351718285956724,0.9875
0.03353140916808149,0.9875
0.03354564755838641,0.9875
0.033559898045879354,0.9875
0.03357416064598385,0.9875
0.03358843537414966,0.9875
0.033602722245852826,0.9875
0.03361702127659574,0.9875
0.033631332481907195,0.9875
0.03364565587734242,0.9875
0.03365999147848317,0.9875
0.033674339300937765,0.9875
0.03368869936034115,0.9875
0.03370307167235495,0.9875
0.03371745625266752,0.9875
0.033731853116994025,0.9875
0.03374626228107646,0.9875
0.03376068376068376,0.9875
0.0337751175716118,0.9875
0.03378956372968349,0.9875
0.03380402225074882,0.9875
0.033818493150684935,0.9875
0.033832976445396144,0.9875
0.03384747215081405,0.9875
0.03386198028289756,0.9875
0.033876500857632934,0.9875
0.03389103389103389,0.9875
0.03390557939914163,0.9875
0.0339201373980249,0.9875
0.033934707903780066,0.9875
0.033949290932531156,0.9875
0.033963886500429925,0.9875
0.03397849462365592,0.9875
0.03399311531841653,0.9875
0.03400774860094705,0.9875
0.034022394487510765,0.9875
0.034037052994398964,0.9875
0.03405172413793103,0.9875
0.03406640793445451,0.9875
0.034081104400345126,0.9875
0.03409581355200691,0.9875
0.034110535405872194,0.9875
0.03412526997840173,0.9875
0.0341400172860847,0.9875
0.03415477734543882,0.9875
0.034169550173010384,0.9875
0.0341843357853743,0.9875
0.0341991341991342,0.9875
0.034213945430922474,0.9875
0.03422876949740035,0.9875
0.03424360641525791,0.9875
0.034258456201214225,0.9875
0.03427331887201735,0.9875
0.03428819444444445,0.9875
0.03430308293530178,0.9875
0.03431798436142485,0.9875
0.0343328987396784,0.9875
0.03434782608695652,0.9875
0.03436276642018269,0.9875
0.034377719756309835,0.9875
0.034392686112320416,0.9875
0.03440766550522648,0.9875
0.03442265795206972,0.9875
0.03443766346992153,0.9875
0.034452682075883125,0.9875
0.03446771378708551,0.9875
0.034482758620689655,0.9875
0.03449781659388646,0.9875
0.0345128877238969,0.9875
0.034527972027972025,0.9875
0.03454306952339309,0.9875
0.03455818022747156,0.9875
0.03457330415754924,0.9875
0.03458844133099825,0.9875
0.0346035917652212,0.9875
0.034618755477651184,0.9875
0.03419552827707146,0.975
0.034210526315789476,0.975
0.03422553751645459,0.975
0.03424056189640035,0.975
0.034255599472990776,0.975
0.03427065026362039,0.975
0.03428571428571429,0.975
0.03430079155672823,0.975
0.0343158820941487,0.975
0.03433098591549296,0.975
0.034346103038309116,0.975
0.03436123348017621,0.975
0.03437637725870427,0.975
0.03439153439153439,0.975
0.03440670489633877,0.975
0.03442188879082083,0.975
0.03443708609271523,0.975
0.03445229681978799,0.975
0.0344675209898365,0.975
0.034482758620689655,0.975
0.03449800973020787,0.975
0.034513274336283185,0.975
0.034528552456839307,0.975
0.03454384410983171,0.975
0.034559149313247675,0.975
0.034574468085106384,0.975
0.03458980044345898,0.975
0.03460514640638864,0.975
0.03462050599201065,0.975
0.03463587921847247,0.975
0.0346512661039538,0.975
0.034666666666666665,0.975
0.03468208092485549,0.975
0.03469750889679715,0.975
0.03471295060080107,0.975
0.034728406055209264,0.975
0.03474387527839644,0.975
0.034759358288770054,0.975
0.034774855104770394,0.975
0.03479036574487065,0.975
0.03480589022757698,0.975
0.03482142857142857,0.975
0.034836980794997766,0.975
0.03485254691689008,0.975
0.0348681269557443,0.975
0.03488372093023256,0.975
0.0348993288590604,0.975
0.03491495076096687,0.975
0.03493058665472459,0.975
0.03494623655913978,0.975
0.03496190049305244,0.975
0.03497757847533632,0.975
0.034993270524899055,0.975
0.03500897666068223,0.975
0.03502469690166143,0.975
0.03504043126684636,0.975
0.0350561797752809,0.975
0.03507194244604316,0.975
0.03508771929824561,0.975
0.0351035103510351,0.975
0.035119315623592974,0.975
0.03513513513513514,0.975
0.03515096890491212,0.975
0.0351668169522092,0.975
0.035182679296346414,0.975
0.0351985559566787,0.975
0.035214446952595936,0.975
0.03523035230352303,0.975
0.03524627202892002,0.975
0.0352622061482821,0.975
0.035278154681139755,0.975
0.03529411764705882,0.975
0.03531009506564056,0.975
0.035326086956521736,0.975
0.035342093339374714,0.975
0.03535811423390753,0.975
0.03537414965986395,0.975
0.03539019963702359,0.975
0.035406264185202,0.975
0.035422343324250684,0.975
0.03543843707405725,0.975
0.035454545454545454,0.975
0.03547066848567531,0.975
0.03548680618744313,0.975
0.03550295857988166,0.975
0.03551912568306011,0.975
0.03553530751708428,0.975
0.03555150410209663,0.975
0.03556771545827633,0.975
0.035583941605839414,0.975
0.035600182565038795,0.975
0.03561643835616438,0.975
0.03563270899954317,0.975
0.0356489945155393,0.975
0.03566529492455418,0.975
0.035681610247026534,0.975
0.035697940503432495,0.975
0.03571428571428571,0.975
0.03573064590013743,0.975
0.035747021081576534,0.975
0.03576341127922971,0.975
0.03577981651376147,0.975
0.03579623680587425,0.975
0.03535353535353535,0.9625
0.03536977491961415,0.9625
0.035386029411764705,0.9625
0.035402298850574714,0.9625
0.03541858325666973,0.9625
0.0354348826507133,0.9625
0.035451197053407,0.9625
0.03546752648549056,0.9625
0.035483870967741936,0.9625
0.03550023052097741,0.9625
0.03551660516605166,0.9625
0.03553299492385787,0.9625
0.035549399815327794,0.9625
0.03556581986143187,0.9625
0.0355822550831793,0.9625
0.03559870550161812,0.9625
0.035615171137835334,0.9625
0.03563165201295696,0.9625
0.03564814814814815,0.9625
0.035664659564613246,0.9625
0.03568118628359592,0.9625
0.03569772832637923,0.9625
0.03571428571428571,0.9625
0.0357308584686775,0.9625
0.03574744661095636,0.9625
0.035764050162563864,0.9625
0.03578066914498141,0.9625
0.03579730357973036,0.9625
0.035813953488372095,0.9625
0.035830618892508145,0.9625
0.03584729981378026,0.9625
0.03586399627387052,0.9625
0.0358807082945014,0.9625
0.035897435897435895,0.9625
0.03591417910447761,0.9625
0.03593093793747083,0.9625
0.03594771241830065,0.9625
0.03596450256889304,0.9625
0.035981308411214954,0.9625
0.035998129967274424,0.9625
0.03601496725912067,0.9625
0.03603182030884417,0.9625
0.03604868913857678,0.9625
0.036065573770491806,0.9625
0.03608247422680412,0.9625
0.03609939052977028,0.9625
0.036116322701688554,0.9625
0.03613327076489911,0.9625
0.03615023474178404,0.9625
0.03616721465476749,0.9625
0.03618421052631579,0.9625
0.03620122237893747,0.9625
0.03621825023518344,0.9625
0.03623529411764706,0.9625
0.036252354048964215,0.9625
0.03626943005181347,0.9625
0.03628652214891612,0.9625
0.036303630363036306,0.9625
0.03632075471698113,0.9625
0.03633789523360075,0.9625
0.03635505193578848,0.9625
0.036372224846480866,0.9625
0.036389413988657845,0.9625
0.03640661938534279,0.9625
0.03642384105960265,0.9625
0.03644107903454804,0.9625
0.036458333333333336,0.9625
0.0364756039791568,0.9625
0.036492890995260666,0.9625
0.036510194404931244,0.9625
0.03652751423149905,0.9625
0.036544850498338874,0.9625
0.0365622032288699,0.9625
0.03657957244655582,0.9625
0.036596958174904944,0.9625
0.03661436043747028,0.9625
0.03663177925784967,0.9625
0.03664921465968586,0.9625
0.03666666666666667,0.9625
0.03668413530252501,0.9625
0.03670162059103908,0.9625
0.03671912255603243,0.9625
0.036736641221374045,0.9625
0.03675417661097852,0.9625
0.03677172874880611,0.9625
0.03678929765886288,0.9625
0.036806883365200764,0.9625
0.036824485891917745,0.9625
0.03684210526315789,0.9625
0.03685974150311154,0.9625
0.036877394636015325,0.9625
0.03689506468615237,0.9625
0.03691275167785235,0.9625
0.036930455635491605,0.9625
0.03694817658349328,0.9625
0.03696591454632741,0.9625
0.036983669548511046,0.9625
0.03700144161460836,0.9625
0.03701923076923077,0.9625
0.037037037037037035,0.9625
0.0370548604427334,0.9625
0.03707270101107366,0.9625
0.03709055876685934,0.9625
0.03710843373493976,0.9625
0.03712632594021215,0.9625
0.0371442354076218,0.9625
0.037162162162162164,0.9625
0.03718010622887494,0.9625
0.03719806763285024,0.9625
0.03721604639922668,0.9625
0.03723404255319149,0.9625
0.03725205611998065,0.9625
0.037270087124878996,0.9625
0.03728813559322034,0.9625
0.037306201550387594,0.9625
0.03732428502181289,0.9625
0.03734238603297769,0.9625
0.037360504609412905,0.9625
0.03737864077669903,0.9625
0.036911121903836816,0.95
0.0369290573372206,0.95
0.03694701020904229,0.95
0.03696498054474708,0.95
0.036982968369829686,0.95
0.03700097370983447,0.95
0.037018996590355575,0.95
0.037037037037037035,0.95
0.03705509507557289,0.95
0.037073170731707315,0.95
0.03709126403123475,0.95
0.037109375,0.95
0.03712750366389839,0.95
0.036656891495601175,0.9375
0.03667481662591687,0.9375
0.03669275929549902,0.9375
0.03671071953010279,0.9375
0.03672869735553379,0.9375
0.03674669279764821,0.9375
0.03676470588235294,0.9375
0.03678273663560569,0.9375
0.03680078508341511,0.9375
0.036818851251840944,0.9375
0.03683693516699411,0.9375
0.036855036855036855,0.9375
0.03687315634218289,0.9375
0.03639940973930152,0.925
0.03641732283464567,0.925
0.03643525356967011,0.925
0.03645320197044335,0.925
0.036471168063085264,0.925
0.03648915187376726,0.925
0.036507153428712386,0.925
0.03652517275419546,0.925
0.03654320987654321,0.925
0.036561264822134384,0.925
0.0365793376173999,0.925
0.036597428288822946,0.925
0.03661553686293914,0.925
0.03663366336633663,0.925
0.03665180782565627,0.925
0.036669970267591674,0.925
0.03668815071888944,0.925
0.03670634920634921,0.925
0.03672456575682382,0.925
0.036742800397219465,0.925
0.03676105315449578,0.925
0.036779324055666,0.925
0.03679761312779711,0.925
0.03631840796019901,0.9125
0.03633648581383773,0.9125
0.036354581673306775,0.9125
0.036372695565520675,0.9125
0.036390827517447655,0.9125
0.03640897755610972,0.9125
0.03642714570858283,0.9125
0.036445332001997004,0.9125
0.036463536463536464,0.9125
0.03648175912043978,0.9125
0.0365,0.9125
0.03651825912956478,0.9125
0.03653653653653654,0.9125
0.03655483224837256,0.9125
0.03657314629258517,0.9125
0.036591478696741855,0.9125
0.0366098294884654,0.9125
0.03662819869543402,0.9125
0.036646586345381524,0.9125
0.03666499246609744,0.9125
0.036683417085427134,0.9125
0.036701860231272,0.9125
0.036720321931589535,0.9125
0.03673880221439356,0.9125
0.03625377643504532,0.9
0.036272040302267,0.9
0.036290322580645164,0.9
0.036308623298033284,0.9
0.03632694248234107,0.9
0.03634528016153458,0.9
0.03636363636363636,0.9
0.0358767054067711,0.8875
0.0358948432760364,0.8875
0.035912999494183105,0.8875
0.035931174089068825,0.8875
0.035949367088607596,0.8875
0.03596757852077001,0.8875
0.03598580841358338,0.8875
0.03600405679513185,0.8875
0.03602232369355657,0.8875
0.03604060913705584,0.8875
0.03555104113763331,0.875
0.03556910569105691,0.875
0.03558718861209965,0.875
0.03560528992878942,0.875
0.035623409669211195,0.875
0.035641547861507125,0.875
0.03565970453387672,0.875
0.03567787971457696,0.875
0.035696073431922486,0.875
0.03571428571428571,0.875
0.03573251659009699,0.875
0.03575076608784474,0.875
0.03576903423607562,0.875
0.03578732106339468,0.875
0.03580562659846547,0.875
0.03582395087001024,0.875
0.035842293906810034,0.875
0.035860655737704916,0.875
0.03587903639159405,0.875
0.035897435897435895,0.875
0.03591585428424833,0.875
0.03593429158110883,0.875
0.035952747817154594,0.875
0.03597122302158273,0.875
0.03598971722365039,0.875
0.0360082304526749,0.875
0.03602676273803397,0.875
0.03604531410916581,0.875
0.03606388459556929,0.875
0.03608247422680412,0.875
0.036101083032490974,0.875
0.03611971104231166,0.875
0.036138358286009295,0.875
0.03615702479338843,0.875
0.03617571059431524,0.875
0.03619441571871768,0.875
0.03621314019658562,0.875
0.036231884057971016,0.875
0.035732780942516834,0.8625
0.035751295336787565,0.8625
0.03576982892690513,0.8625
0.035269709543568464,0.85
0.03528801245459263,0.85
0.035306334371754934,0.85
0.03532467532467533,0.85
0.035343035343035345,0.85
0.03536141445657826,0.85
0.03537981269510926,0.85
0.035398230088495575,0.85
0.035416666666666666,0.85
0.03543512245961438,0.85
0.035453597497393116,0.85
0.03547209181011998,0.85
0.03549060542797495,0.85
0.035509138381201046,0.85
0.035527690700104496,0.85
0.03554626241505489,0.85
0.03556485355648536,0.85
0.035583464154892726,0.85
0.0356020942408377,0.85
0.035620743844945,0.85
0.03563941299790356,0.85
0.0356581017304667,0.85
0.035676810073452254,0.85
0.03569553805774278,0.85
0.03571428571428571,0.85
0.03573305307409354,0.85
0.035751840168243953,0.85
0.03577064702788006,0.85
0.035789473684210524,0.85
0.03580832016850974,0.85
0.03582718651211802,0.85
0.03584607274644175,0.85
0.035864978902953586,0.85
0.035883905013192614,0.85
0.03590285110876452,0.85
0.03592181722134179,0.85
0.035940803382663845,0.85
0.035959809624537285,0.85
0.03597883597883598,0.85
0.035997882477501325,0.85
0.036016949152542374,0.85
0.036036036036036036,0.85
0.036055143160127257,0.85
0.03607427055702918,0.85
0.036093418259023353,0.85
0.036112586298459905,0.85
0.036131774707757705,0.85
0.03615098351940457,0.85
0.036170212765957444,0.85
0.036189462480042574,0.85
0.0362087326943557,0.85
0.036228023441662226,0.85
0.03624733475479744,0.85
0.03626666666666667,0.85
0.03628601921024546,0.85
0.036305392418579815,0.85
0.03632478632478633,0.85
0.036344200962052375,0.85
0.03636363636363636,0.85
0.03638309256286784,0.85
0.03640256959314775,0.85
0.03642206748794858,0.85
0.03644158628081458,0.85
0.03646112600536193,0.85
0.03648068669527897,0.85
0.03650026838432636,0.85
0.036519871106337275,0.85
0.03653949489521763,0.85
0.03655913978494624,0.85
0.03657880580957504,0.85
0.03659849300322928,0.85
0.0366182014001077,0.85
0.036637931034482756,0.85
0.036657681940700806,0.85
0.036677454153182305,0.85
0.03669724770642202,0.85
0.0367170626349892,0.85
0.036736898973527825,0.85
0.036756756756756756,0.85
0.03677663601946998,0.85
0.0367965367965368,0.85
0.036816459122902004,0.85
0.03683640303358613,0.85
0.03685636856368564,0.85
0.0368763557483731,0.85
0.03689636462289745,0.85
0.03691639522258415,0.85
0.036936447582835416,0.85
0.03695652173913044,0.85
0.036976617727025554,0.85
0.03645266594124048,0.8375
0.03647250952640174,0.8375
0.03649237472766884,0.8375
0.03651226158038147,0.8375
0.03653217011995638,0.8375
0.036552100381887616,0.8375
0.03657205240174673,0.8375
0.03659202621518296,0.8375
0.0366120218579235,0.8375
0.036632039365773646,0.8375
0.03665207877461707,0.8375
0.03667214012041598,0.8375
0.03669222343921139,0.8375
0.03671232876712329,0.8375
0.03673245614035088,0.8375
0.036752605595172794,0.8375
0.03677277716794731,0.8375
0.036792970895112576,0.8375
0.036813186813186814,0.8375
0.036833424958768554,0.8375
0.03685368536853685,0.8375
0.036873968079251515,0.8375
0.036894273127753306,0.8375
0.03691460055096419,0.8375
0.03693495038588754,0.8375
0.03695532266960838,0.8375
0.0369757174392936,0.8375
0.03699613473219216,0.8375
0.037016574585635356,0.8375
0.037037037037037035,0.8375
0.03705752212389381,0.8375
0.03707802988378528,0.8375
0.03709856035437431,0.8375
0.0371191135734072,0.8375
0.03713968957871397,0.8375
0.03716028840820854,0.8375
0.03718091009988901,0.8375
0.03720155469183787,0.8375
0.03722222222222222,0.8375
0.03724291272929405,0.8375
0.03726362625139043,0.8375
0.03728436282693378,0.8375
0.037305122494432075,0.8375
0.03732590529247911,0.8375
0.037346711259754736,0.8375
0.0373675404350251,0.8375
0.037388392857142856,0.8375
0.03740926856504746,0.8375
0.037430167597765365,0.8375
0.03745108999441028,0.8375
0.03747203579418344,0.8375
0.03749300503637381,0.8375
0.037513997760358346,0.8375
0.03753501400560224,0.8375
0.03755605381165919,0.8375
0.03757711721817162,0.8375
0.037598204264870934,0.8375
0.037619314991577765,0.8375
0.037640449438202245,0.8375
0.03766160764474424,0.8375
0.03768278965129359,0.8375
0.037703995498030385,0.8375
0.03772522522522523,0.8375
0.03774647887323944,0.8375
0.037767756482525366,0.8375
0.03778905809362662,0.8375
0.03781038374717833,0.8375
0.0378317334839074,0.8375
0.03785310734463277,0.8375
0.03787450537026569,0.8375
0.03733031674208145,0.825
0.03735144312393888,0.825
0.03737259343148358,0.825
0.037393767705382434,0.825
0.03741496598639456,0.825
0.03743618831537152,0.825
0.03745743473325766,0.825
0.03747870528109029,0.825
0.0375,0.825
0.03752131893121091,0.825
0.036973833902161544,0.8125
0.03699487763232783,0.8125
0.037015945330296125,0.8125
0.037037037037037035,0.8125
0.037058152793614595,0.8125
0.037079292641186534,0.8125
0.037100456621004564,0.8125
0.03712164477441462,0.8125
0.037142857142857144,0.8125
0.037164093767867355,0.8125
0.03718535469107551,0.8125
0.03720663995420721,0.8125
0.03722794959908362,0.8125
0.03724928366762178,0.8125
0.03727064220183486,0.8125
0.037292025243832475,0.8125
0.03731343283582089,0.8125
0.037334865020103386,0.8125
0.03735632183908046,0.8125
0.03737780333525014,0.8125
0.037399309551208286,0.8125
0.03742084052964882,0.8125
0.03744239631336405,0.8125
0.037463976945244955,0.8125
0.03748558246828143,0.8125
0.03750721292556261,0.8125
0.037528868360277134,0.8125
0.03755054881571346,0.8125
0.03757225433526012,0.8125
0.03759398496240601,0.8125
0.03761574074074074,0.8125
0.03763752171395483,0.8125
0.03765932792584009,0.8125
0.03768115942028986,0.8125
0.037703016241299306,0.8125
0.03772489843296576,0.8125
0.03774680603948897,0.8125
0.03776873910517141,0.8125
0.0377906976744186,0.8125
0.03781268179173938,0.8125
0.03783469150174622,0.8125
0.0378567268491555,0.8125
0.03787878787878788,0.8125
0.037900874635568516,0.8125
0.037922987164527425,0.8125
0.03794512551079977,0.8125
0.037967289719626166,0.8125
0.03798947983635301,0.8125
0.038011695906432746,0.8125
0.038033937975424224,0.8125
0.038056206088992975,0.8125
0.038078500292911543,0.8125
0.038100820633059786,0.8125
0.03812316715542522,0.8125
0.03814553990610329,0.8125
0.03816793893129771,0.8125
0.038190364277320796,0.8125
0.03821281599059377,0.8125
0.03823529411764706,0.8125
0.03825779870512066,0.8125
0.03828032979976443,0.8125
0.03830288744843842,0.8125
0.03773584905660377,0.8
0.03716814159292035,0.7875
0.0371900826446281,0.7875
0.03721204961606615,0.7875
0.03723404255319149,0.7875
0.03725606150206978,0.7875
0.03727810650887574,0.7875
0.037300177619893425,0.7875
0.037322274881516584,0.7875
0.03734439834024896,0.7875
0.037366548042704624,0.7875
0.037388724035608306,0.7875
0.037410926365795724,0.7875
0.0374331550802139,0.7875
0.03745541022592152,0.7875
0.037477691850089236,0.7875
0.0375,0.7875
0.03752233472304944,0.7875
0.037544696066746125,0.7875
0.03756708407871199,0.7875
0.03758949880668258,0.7875
0.037611940298507465,0.7875
0.03763440860215054,0.7875
0.03765690376569038,0.7875
0.037679425837320576,0.7875
0.03770197486535009,0.7875
0.03772455089820359,0.7875
0.03714799281006591,0.775
0.03717026378896882,0.775
0.03719256148770246,0.775
0.03721488595438175,0.775
0.037237237237237236,0.775
0.037259615384615384,0.775
0.037282020444978956,0.775
0.03730445246690734,0.775
0.03732691149909693,0.775
0.03734939759036145,0.775
0.037371910789632305,0.775
0.03739445114595899,0.775
0.03741701870850935,0.775
0.03743961352657005,0.775
0.03746223564954683,0.775
0.03688029020556227,0.7625
0.03690260133091349,0.7625
0.036924939467312345,0.7625
0.036947304663840094,0.7625
0.03696969696969697,0.7625
0.03699211643420255,0.7625
0.037014563106796114,0.7625
0.037037037037037035,0.7625
0.037059538274605106,0.7625
0.03708206686930091,0.7625
0.03710462287104623,0.7625
0.03712720632988436,0.7625
0.03714981729598051,0.7625
0.03717245581962218,0.7625
0.03719512195121951,0.7625
0.03721781574130567,0.7625
0.03724053724053724,0.7625
0.03726328649969456,0.7625
0.03728606356968215,0.7625
0.03730886850152905,0.7625
0.03733170134638923,0.7625
0.03735456215554195,0.7625
0.037377450980392156,0.7625
0.03740036787247088,0.7625
0.03742331288343558,0.7625
0.0374462860650706,0.7625
0.03746928746928747,0.7625
0.037492317148125384,0.7625
0.03690036900369004,0.75
0.036923076923076927,0.75
0.03694581280788178,0.75
0.036968576709796676,0.75
0.036991368680641186,0.75
0.03701418877236274,0.75
0.037037037037037035,0.75
0.03705991352686844,0.75
0.037082818294190356,0.75
0.03710575139146568,0.75
0.03712871287128713,0.75
0.03715170278637771,0.75
0.03717472118959108,0.75
0.037197768133911964,0.75
0.03722084367245657,0.75
0.037243947858473,0.75
0.037267080745341616,0.75
0.037290242386575516,0.75
0.03731343283582089,0.75
0.037336652146857496,0.75
0.037359900373599,0.75
0.037383177570093455,0.75
0.03740648379052369,0.75
0.037429819089207735,0.75
0.03745318352059925,0.75
0.037476577139287946,0.75
0.0375,0.75
0.0375234521575985,0.75
0.036921151439299124,0.7375
0.036318096430807766,0.725
0.03634085213032581,0.725
0.03636363636363636,0.725
0.03638644918444166,0.725
0.03640929064657878,0.725
0.0364321608040201,0.725
0.035826524198617225,0.7125
0.035849056603773584,0.7125
0.03587161736941473,0.7125
0.03589420654911839,0.7125
0.035916824196597356,0.7125
0.035939470365699874,0.7125
0.03596214511041009,0.7125
0.03598484848484849,0.7125
0.036007580543272265,0.7125
0.03603034134007586,0.7125
0.036053130929791274,0.7125
0.036075949367088606,0.7125
0.03609879670677644,0.7125
0.03612167300380228,0.7125
0.03614457831325301,0.7125
0.03616751269035533,0.7125
0.03619047619047619,0.7125
0.03621346886912325,0.7125
0.036236490781945324,0.7125
0.03625954198473282,0.7125
0.036282622533418206,0.7125
0.03630573248407643,0.7125
0.036328871892925434,0.7125
0.03635204081632653,0.7125
0.036375239310784936,0.7125
0.03639846743295019,0.7125
0.03642172523961661,0.7125
0.03644501278772379,0.7125
0.036468330134357005,0.7125
0.03649167733674776,0.7125
0.03651505445227418,0.7125
0.03653846153846154,0.7125
0.036561898652982684,0.7125
0.036585365853658534,0.7125
0.036608863198458574,0.7125
0.036632390745501286,0.7125
0.036655948553054665,0.7125
0.03667953667953668,0.7125
0.03670315518351577,0.7125
0.03672680412371134,0.7125
0.0367504835589942,0.7125
0.036774193548387096,0.7125
0.036797934151065206,0.7125
0.03682170542635659,0.7125
0.03684550743374273,0.7125
0.03686934023285899,0.7125
0.036893203883495145,0.7125
0.036917098445595854,0.7125
0.03694102397926118,0.7125
0.03696498054474708,0.7125
0.03698896820246593,0.7125
0.03701298701298701,0.7125
0.037037037037037035,0.7125
0.03706111833550065,0.7125
0.03708523096942095,0.7125
0.037109375,0.7125
0.03713355048859935,0.7125
0.037157757496740544,0.7125
0.03718199608610567,0.7125
0.03720626631853786,0.7125
0.037230568256041804,0.7125
0.03725490196078431,0.7125
0.03727926749509483,0.7125
0.037303664921465966,0.7125
0.03732809430255403,0.7125
0.037352555701179554,0.7125
0.037377049180327866,0.7125
0.03740157480314961,0.7125
0.03742613263296126,0.7125
0.03745072273324573,0.7125
0.03747534516765286,0.7125
0.0375,0.7125
0.037524687294272545,0.7125
0.037549407114624504,0.7125
0.03691496374423204,0.7
0.036939313984168866,0.7
0.036963696369636964,0.7
0.036988110964332896,0.7
0.037012557832121616,0.7
0.037037037037037035,0.7
0.037061548643282594,0.7
0.03642384105960265,0.6875
0.03644797879390325,0.6875
0.03647214854111406,0.6875
0.0364963503649635,0.6875
0.03652058432934927,0.6875
0.036544850498338874,0.6875
0.036569148936170214,0.6875
0.036593479707252165,0.6875
0.03595206391478029,0.675
0.03597601598934044,0.675
0.036,0.675
0.03602401601067378,0.675
0.036048064085447265,0.675
0.036072144288577156,0.675
0.03609625668449198,0.675
0.036120401337792644,0.675
0.03614457831325301,0.675
0.0361687876758205,0.675
0.036193029490616625,0.675
0.03621730382293763,0.675
0.036241610738255034,0.675
0.03626595030221625,0.675
0.036290322580645164,0.675
0.0363147276395427,0.675
0.03633916554508748,0.675
0.03636363636363636,0.675
0.03638814016172507,0.675
0.03641267700606878,0.675
0.03643724696356275,0.675
0.03646185010128292,0.675
0.03648648648648649,0.675
0.036511156186612576,0.675
0.036535859269282815,0.675
0.03656059580230196,0.675
0.036585365853658534,0.675
0.03661016949152542,0.675
0.036635006784260515,0.675
0.03665987780040733,0.675
0.036684782608695655,0.675
0.036709721278042146,0.675
0.036734693877551024,0.675
0.03675970047651463,0.675
0.03678474114441417,0.675
0.03680981595092025,0.675
0.036834924965893585,0.675
0.03686006825938567,0.675
0.036885245901639344,0.675
0.03691045796308954,0.675
0.036935704514363885,0.675
0.03696098562628337,0.675
0.036986301369863014,0.675
0.037011651816312545,0.675
0.037037037037037035,0.675
0.03706245710363761,0.675
0.03708791208791209,0.675
0.03711340206185567,0.675
0.037138927097661624,0.675
0.03716448726772195,0.675
0.0371900826446281,0.675
0.037215713301171606,0.675
0.037241379310344824,0.675
0.037267080745341616,0.675
0.03729281767955801,0.675
0.03731859018659295,0.675
0.03734439834024896,0.675
0.03737024221453287,0.675
0.037396121883656507,0.675
0.037422037422037424,0.675
0.03744798890429958,0.675
0.03747397640527411,0.675
0.0375,0.675
0.037526059763724806,0.675
0.037552155771905425,0.675
0.037578288100208766,0.675
0.037604456824512536,0.675
0.037630662020905925,0.675
0.03765690376569038,0.675
0.03768318213538032,0.675
0.03770949720670391,0.675
0.03773584905660377,0.675
0.03776223776223776,0.675
0.03778866340097971,0.675
0.037815126050420166,0.675
0.0378416257883672,0.675
0.037868162692847124,0.675
0.037894736842105266,0.675
0.037921348314606744,0.675
0.03794799718903725,0.675
0.0379746835443038,0.675
0.038001407459535536,0.675
0.038028169014084505,0.675
0.03805496828752643,0.675
0.0380818053596615,0.675
0.038108680310515175,0.675
0.038135593220338986,0.675
0.03816254416961131,0.675
0.03818953323903819,0.675
0.03750884642604388,0.6625
0.037535410764872525,0.6625
0.03756201275690999,0.6625
0.0375886524822695,0.6625
0.03761533002129169,0.6625
0.037642045454545456,0.6625
0.037668798862828715,0.6625
0.03769559032716927,0.6625
0.03772241992882562,0.6625
0.03774928774928775,0.6625
0.037776193870277974,0.6625
0.037803138373751786,0.6625
0.03783012134189864,0.6625
0.03785714285714286,0.6625
0.03788420300214439,0.6625
0.03791130185979971,0.6625
0.03793843951324266,0.6625
0.03796561604584527,0.6625
0.03799283154121864,0.6625
0.03802008608321377,0.6625
0.03804737975592247,0.6625
0.03735632183908046,0.65
0.037383177570093455,0.65
0.03741007194244604,0.65
0.037437005039596835,0.65
0.037463976945244955,0.65
0.03749098774333093,0.65
0.03751803751803752,0.65
0.03754512635379061,0.65
0.03757225433526012,0.65
0.03759942154736081,0.65
0.03762662807525326,0.65
0.03765387400434468,0.65
0.03768115942028986,0.65
0.03770848440899202,0.65
0.03773584905660377,0.65
0.03776325344952796,0.65
0.0377906976744186,0.65
0.03781818181818182,0.65
0.03784570596797671,0.65
0.037873270211216316,0.65
0.037900874635568516,0.65
0.03792851932895697,0.65
0.03795620437956204,0.65
0.03798392987582177,0.65
0.038011695906432746,0.65
0.038039502560351136,0.65
0.03806734992679356,0.65
0.0380952380952381,0.65
0.03812316715542522,0.65
0.03815113719735877,0.65
0.0381791483113069,0.65
0.03820720058780309,0.65
0.03823529411764706,0.65
0.03826342899190582,0.65
0.03829160530191458,0.65
0.03831982313927782,0.65
0.038348082595870206,0.65
0.03837638376383764,0.65
0.03840472673559823,0.65
0.038433111603843315,0.65
0.038461538461538464,0.65
0.0384900074019245,0.65
0.03851851851851852,0.65
0.0385470719051149,0.65
0.03857566765578635,0.65
0.038604305864884926,0.65
0.03863298662704309,0.65
0.038661710037174724,0.65
0.03869047619047619,0.65
0.0387192851824274,0.65
0.038748137108792845,0.65
0.03877703206562267,0.65
0.03880597014925373,0.65
0.038834951456310676,0.65
0.03886397608370702,0.65
0.03889304412864622,0.65
0.038922155688622756,0.65
0.03895131086142322,0.65
0.038980509745127435,0.65
0.03900975243810953,0.65
0.03903903903903904,0.65
0.03906836964688205,0.65
0.039097744360902256,0.65
0.03912716328066215,0.65
0.0391566265060241,0.65
0.03918613413715147,0.65
0.0392156862745098,0.65
0.03924528301886793,0.65
0.03927492447129909,0.65
0.039304610733182165,0.65
0.039334341906202726,0.65
0.03936411809235428,0.65
0.03939393939393939,0.65
0.039423805913570885,0.65
0.03945371775417299,0.65
0.039483675018982534,0.65
0.03951367781155015,0.65
0.03954372623574144,0.65
0.0395738203957382,0.65
0.039603960396039604,0.65
0.039634146341463415,0.65
0.03966437833714721,0.65
0.03969465648854962,0.65
0.03972498090145149,0.65
0.0389908256880734,0.6375
0.03902065799540933,0.6375
0.03905053598774885,0.6375
0.03908045977011494,0.6375
0.039110429447852764,0.6375
0.039140445126630855,0.6375
0.03917050691244239,0.6375
0.03920061491160646,0.6375
0.03923076923076923,0.6375
0.03926096997690531,0.6375
0.039291217257318954,0.6375
0.03932151117964534,0.6375
0.03935185185185185,0.6375
0.039382239382239385,0.6375
0.03941267387944358,0.6375
0.03944315545243619,0.6375
0.039473684210526314,0.6375
0.039504260263361735,0.6375
0.03953488372093023,0.6375
0.038789759503491075,0.625
0.03881987577639751,0.625
0.03885003885003885,0.625
0.038880248833592534,0.625
0.038910505836575876,0.625
0.03894080996884735,0.625
0.03897116134060795,0.625
0.0390015600624025,0.625
0.039032006245121,0.625
0.0390625,0.625
0.039093041438623924,0.625
0.03912363067292645,0.625
0.03915426781519186,0.625
0.03918495297805643,0.625
0.0392156862745098,0.625
0.03924646781789639,0.625
0.03927729772191673,0.625
0.03930817610062893,0.625
0.03933910306845004,0.625
0.03937007874015748,0.625
0.039401103230890466,0.625
0.03943217665615142,0.625
0.03946329913180742,0.625
0.03949447077409163,0.625
0.039525691699604744,0.625
0.03955696202531646,0.625
0.0395882818685669,0.625
0.039619651347068144,0.625
0.03965107057890563,0.625
0.03968253968253968,0.625
0.03891977760127085,0.6125
0.038950715421303655,0.6125
0.03898170246618934,0.6125
0.03821656050955414,0.6
0.03824701195219123,0.6
0.03827751196172249,0.6
0.03830806065442937,0.6
0.038338658146964855,0.6
0.03836930455635491,0.6
0.0384,0.6
0.03843074459567654,0.6
0.038461538461538464,0.6
0.038492381716118684,0.6
0.038523274478330656,0.6
0.03855421686746988,0.6
0.03858520900321544,0.6
0.038616251005631534,0.6
0.03864734299516908,0.6
0.038678485092667206,0.6
0.03790322580645161,0.5875
0.037933817594834544,0.5875
0.03796445880452343,0.5875
0.03799514955537591,0.5875
0.03802588996763754,0.5875
0.03805668016194332,0.5875
0.03808752025931929,0.5875
0.038118410381184104,0.5875
0.03814935064935065,0.5875
0.038180341186027617,0.5875
0.038211382113821135,0.5875
0.03824247355573637,0.5875
0.038273615635179156,0.5875
0.03830480847595762,0.5875
0.03833605220228385,0.5875
0.03836734693877551,0.5875
0.03839869281045752,0.5875
0.038430089942763694,0.5875
0.038461538461538464,0.5875
0.03849303849303849,0.5875
0.038524590163934426,0.5875
0.03773584905660377,0.575
0.03776683087027915,0.575
0.03779786359901397,0.575
0.03782894736842105,0.575
0.03786008230452675,0.575
0.03789126853377265,0.575
0.03792250618301731,0.575
0.037953795379537955,0.575
0.037985136251032205,0.575
0.03801652892561983,0.575
0.0380479735318445,0.575
0.0380794701986755,0.575
0.03811101905550953,0.575
0.03814262023217247,0.575
0.038174273858921165,0.575
0.03820598006644518,0.575
0.038237738985868665,0.575
0.03826955074875208,0.575
0.038301415487094086,0.575
0.03833333333333333,0.575
0.03836530442035029,0.575
0.038397328881469114,0.575
0.03842940685045948,0.575
0.038461538461538464,0.575
0.038493723849372385,0.575
0.038525963149078725,0.575
0.038558256496227995,0.575
0.03859060402684564,0.575
0.038623005877413935,0.575
0.03865546218487395,0.575
0.03868797308662742,0.575
0.03872053872053872,0.575
0.038753159224936815,0.575
0.0387858347386172,0.575
0.038818565400843885,0.575
0.03885135135135135,0.575
0.03888419273034658,0.575
0.038917089678511,0.575
0.03895004233700254,0.575
0.03898305084745763,0.575
0.039016115351993216,0.575
0.03904923599320883,0.575
0.03908241291418862,0.575
0.0391156462585034,0.575
0.03914893617021276,0.575
0.039182282793867124,0.575
0.0392156862745098,0.575
0.03924914675767918,0.575
0.03928266438941076,0.575
0.039316239316239315,0.575
0.03934987168520103,0.575
0.039383561643835614,0.575
0.038560411311053984,0.5625
0.038593481989708404,0.5625
0.03862660944206009,0.5625
0.03865979381443299,0.5625
0.03869303525365434,0.5625
0.0387263339070568,0.5625
0.03875968992248062,0.5625
0.03793103448275862,0.55
0.03796376186367558,0.55
0.037996545768566495,0.55
0.03802938634399308,0.55
0.03806228373702422,0.55
0.0380952380952381,0.55
0.038128249566724434,0.55
0.03816131830008673,0.55
0.03819444444444445,0.55
0.038227628149435276,0.55
0.03826086956521739,0.55
0.038294168842471714,0.55
0.03832752613240418,0.55
0.03836094158674804,0.55
0.038394415357766144,0.55
0.03842794759825328,0.55
0.038461538461538464,0.55
0.03849518810148731,0.55
0.03852889667250438,0.55
0.03856266432953549,0.55
0.037719298245614034,0.5375
0.03775241439859526,0.5375
0.037785588752196834,0.5375
0.03781882145998241,0.5375
0.037852112676056336,0.5375
0.03788546255506608,0.5375
0.03791887125220458,0.5375
0.03795233892321271,0.5375
0.037985865724381625,0.5375
0.03801945181255526,0.5375
0.03805309734513274,0.5375
0.03720106288751107,0.525
0.03723404255319149,0.525
0.037267080745341616,0.525
0.037300177619893425,0.525
0.037333333333333336,0.525
0.037366548042704624,0.525
0.037399821905609976,0.525
0.0374331550802139,0.525
0.03746654772524532,0.525
0.03660714285714286,0.5125
0.03663985701519214,0.5125
0.03667262969588551,0.5125
0.03670546105640107,0.5125
0.036738351254480286,0.5125
0.036771300448430494,0.5125
0.03680430879712747,0.5125
0.036837376460017966,0.5125
0.0368705035971223,0.5125
0.0369036903690369,0.5125
0.036936936936936934,0.5125
0.0369702434625789,0.5125
0.03700361010830325,0.5125
0.037037037037037035,0.5125
0.037070524412296565,0.5125
0.037104072398190045,0.5125
0.03713768115942029,0.5125
0.0371713508612874,0.5125
0.03720508166969147,0.5125
0.03723887375113533,0.5125
0.03727272727272727,0.5125
0.036396724294813464,0.5
0.03642987249544627,0.5
0.03646308113035551,0.5
0.0364963503649635,0.5
0.0365296803652968,0.5
0.03656307129798903,0.5
0.036596523330283626,0.5
0.03663003663003663,0.5
0.03666361136571952,0.5
0.03669724770642202,0.5
0.03673094582185491,0.5
0.03676470588235294,0.5
0.03679852805887764,0.5
0.03683241252302026,0.5
0.03686635944700461,0.5
0.03690036900369004,0.5
0.03693444136657433,0.5
0.036968576709796676,0.5
0.03700277520814061,0.5
0.037037037037037035,0.5
0.03707136237256719,0.5
0.03710575139146568,0.5
0.03714020427112349,0.5
0.03717472118959108,0.5
0.037209302325581395,0.5
0.037243947858473,0.5
0.03727865796831314,0.5
0.03731343283582089,0.5
0.03734827264239029,0.5
0.037383177570093455,0.5
0.037418147801683815,0.5
0.03745318352059925,0.5
0.03748828491096532,0.5
0.0375234521575985,0.5
0.03755868544600939,0.5
0.03759398496240601,0.5
0.03762935089369708,0.5
0.03766478342749529,0.5
0.03770028275212064,0.5
0.03773584905660377,0.5
0.03777148253068933,0.5
0.03780718336483932,0.5
0.03784295175023652,0.5
0.03787878787878788,0.5
0.037914691943127965,0.5
0.03795066413662239,0.5
0.03798670465337132,0.5
0.0370722433460076,0.4875
0.037107516650808754,0.4875
0.037142857142857144,0.4875
0.037178265014299335,0.4875
0.03721374045801527,0.4875
0.03724928366762178,0.4875
0.0372848948374761,0.4875
0.03732057416267943,0.4875
0.03735632183908046,0.4875
0.037392138063279005,0.4875
0.03742802303262956,0.4875
0.037463976945244955,0.4875
0.0375,0.4875
0.03753609239653513,0.4875
0.03757225433526012,0.4875
0.037608486017357765,0.4875
0.037644787644787646,0.4875
0.03768115942028986,0.4875
0.037717601547388784,0.4875
0.0377541142303969,0.4875
0.0377906976744186,0.4875
0.037827352085354024,0.4875
0.037864077669902914,0.4875
0.0369290573372206,0.475
0.03696498054474708,0.475
0.03700097370983447,0.475
0.037037037037037035,0.475
0.037073170731707315,0.475
0.037109375,0.475
0.03714565004887586,0.475
0.03718199608610567,0.475
0.03721841332027424,0.475
0.03725490196078431,0.475
0.03729146221786065,0.475
0.036345776031434185,0.4625
0.03638151425762045,0.4625
0.03641732283464567,0.4625
0.03645320197044335,0.4625
0.03648915187376726,0.4625
0.03652517275419546,0.4625
0.036561264822134384,0.4625
0.036597428288822946,0.4625
0.03663366336633663,0.4625
0.036669970267591674,0.4625
0.03670634920634921,0.4625
0.036742800397219465,0.4625
0.036779324055666,0.4625
0.03681592039800995,0.4625
0.036852589641434265,0.4625
0.036889332003988036,0.4625
0.036926147704590816,0.4625
0.03696303696303696,0.4625
0.037,0.4625
0.037037037037037035,0.4625
0.03707414829659319,0.4625
0.037111334002006016,0.4625
0.03714859437751004,0.4625
0.0371859296482412,0.4625
0.03722334004024145,0.4625
0.03726082578046324,0.4625
0.037298387096774195,0.4625
0.03733602421796166,0.4625
0.03737373737373737,0.4625
0.03741152679474216,0.4625
0.03744939271255061,0.4625
0.037487335359675786,0.4625
0.037525354969574036,0.4625
0.03756345177664975,0.4625
0.037601626016260166,0.4625
0.03662258392675483,0.45
0.03665987780040733,0.45
0.03669724770642202,0.45
0.036734693877551024,0.45
0.03677221654749745,0.45
0.03680981595092025,0.45
0.0368474923234391,0.45
0.036885245901639344,0.45
0.036923076923076927,0.45
0.03696098562628337,0.45
0.03699897225077081,0.45
0.037037037037037035,0.45
0.037075180226570546,0.45
0.03711340206185567,0.45
0.03715170278637771,0.45
0.03615702479338843,0.4375
0.03619441571871768,0.4375
0.036231884057971016,0.4375
0.03626943005181347,0.4375
0.03630705394190872,0.4375
0.036344755970924195,0.4375
0.036382536382536385,0.4375
0.036420395421436005,0.4375
0.036458333333333336,0.4375
0.0364963503649635,0.4375
0.03653444676409186,0.4375
0.03657262277951933,0.4375
0.036610878661087864,0.4375
0.03664921465968586,0.4375
0.03668763102725367,0.4375
0.03672612801678909,0.4375
0.03676470588235294,0.4375
0.03680336487907466,0.4375
0.03684210526315789,0.4375
0.0368809272918862,0.4375
0.03691983122362869,0.4375
0.03695881731784583,0.4375
0.03699788583509514,0.4375
0.037037037037037035,0.4375
0.037076271186440676,0.4375
0.03711558854718982,0.4375
0.037154989384288746,0.4375
0.03719447396386823,0.4375
0.03723404255319149,0.4375
0.03727369542066028,0.4375
0.03731343283582089,0.4375
0.03735325506937033,0.4375
0.03739316239316239,0.4375
0.0374331550802139,0.4375
0.03747323340471092,0.4375
0.03751339764201501,0.4375
0.03755364806866953,0.4375
0.03759398496240601,0.4375
0.03763440860215054,0.4375
0.03767491926803014,0.4375
0.03771551724137931,0.4375
0.037756202804746494,0.4375
0.03779697624190065,0.4375
0.03783783783783784,0.4375
0.03787878787878788,0.4375
0.03791982665222102,0.4375
0.03796095444685466,0.4375
0.038002171552660155,0.4375
0.03804347826086957,0.4375
0.03808487486398259,0.4375
0.03812636165577342,0.4375
0.03816793893129771,0.4375
0.03820960698689956,0.4375
0.03825136612021858,0.4375
0.038293216630196934,0.4375
0.038335158817086525,0.4375
0.03837719298245614,0.4375
0.038419319429198684,0.4375
0.038461538461538464,0.4375
0.03850385038503851,0.4375
0.03854625550660793,0.4375
0.03858875413450937,0.4375
0.03863134657836645,0.4375
0.03867403314917127,0.4375
0.03871681415929203,0.4375
0.03875968992248062,0.4375
0.038802660753880266,0.4375
0.03773584905660377,0.425
0.03777777777777778,0.425
0.03781979977753059,0.425
0.0378619153674833,0.425
0.0379041248606466,0.425
0.03794642857142857,0.425
0.03798882681564246,0.425
0.03803131991051454,0.425
0.03807390817469205,0.425
0.03811659192825112,0.425
0.038159371492704826,0.425
0.038202247191011236,0.425
0.03824521934758155,0.425
0.038288288288288286,0.425
0.038331454340473504,0.425
0.03837471783295711,0.425
0.0384180790960452,0.425
0.038461538461538464,0.425
0.03850509626274066,0.425
0.03854875283446712,0.425
0.03859250851305335,0.425
0.038636363636363635,0.425
0.038680318543799774,0.425
0.0387243735763098,0.425
0.03876852907639681,0.425
0.03881278538812785,0.425
0.038857142857142854,0.425
0.038901601830663615,0.425
0.038946162657502864,0.425
0.0389908256880734,0.425
0.03903559127439724,0.425
0.03908045977011494,0.425
0.039125431530494824,0.425
0.03917050691244239,0.425
0.0392156862745098,0.425
0.03926096997690531,0.425
0.03930635838150289,0.425
0.03935185185185185,0.425
0.039397450753186555,0.425
0.03944315545243619,0.425
0.03948896631823461,0.425
0.03953488372093023,0.425
0.03958090803259604,0.425
0.039627039627039624,0.425
0.039673278879813305,0.425
0.0397196261682243,0.425
0.03976608187134503,0.425
0.03981264637002342,0.425
0.03985932004689332,0.425
0.03990610328638498,0.425
0.0399529964747356,0.425
0.04,0.425
0.04004711425206125,0.425
0.04009433962264151,0.425
0.04014167650531287,0.425
0.04018912529550828,0.425
0.03905325443786982,0.4125
0.03909952606635071,0.4125
0.03914590747330961,0.4125
0.039192399049881234,0.4125
0.039239001189060645,0.4125
0.039285714285714285,0.4125
0.03933253873659118,0.4125
0.03937947494033413,0.4125
0.03942652329749104,0.4125
0.039473684210526314,0.4125
0.03952095808383234,0.4125
0.039568345323741004,0.4125
0.03961584633853541,0.4125
0.039663461538461536,0.4125
0.039711191335740074,0.4125
0.03975903614457831,0.4125
0.039806996381182146,0.4125
0.03985507246376811,0.4125
0.03990326481257558,0.4125
0.039951573849878935,0.4125
0.04,0.4125
0.04004854368932039,0.4125
0.040097205346294046,0.4125
0.040145985401459854,0.4125
0.040194884287454324,0.4125
0.04024390243902439,0.4125
0.040293040293040296,0.4125
0.040342298288508556,0.4125
0.04039167686658507,0.4125
0.04044117647058824,0.4125
0.04049079754601227,0.4125
0.04054054054054054,0.4125
0.04059040590405904,0.4125
0.04064039408866995,0.4125
0.040690505548705305,0.4125
0.040740740740740744,0.4125
0.0407911001236094,0.4125
0.039603960396039604,0.4
0.03965303593556382,0.4
0.03970223325062035,0.4
0.03975155279503106,0.4
0.03980099502487562,0.4
0.039850560398505604,0.4
0.0399002493765586,0.4
0.039950062421972535,0.4
0.04,0.4
0.04005006257822278,0.4
0.040100250626566414,0.4
0.04015056461731493,0.4
0.04020100502512563,0.4
0.04025157232704402,0.4
0.04030226700251889,0.4
0.0403530895334174,0.4
0.04040404040404041,0.4
0.040455120101137804,0.4
0.04050632911392405,0.4
0.04055766793409379,0.4
0.04060913705583756,0.4
0.04066073697585769,0.4
0.04071246819338423,0.4
0.04076433121019108,0.4
0.04081632653061224,0.4
0.04086845466155811,0.4
0.04092071611253197,0.4
0.040973111395646605,0.4
0.041025641025641026,0.4
0.0410783055198973,0.4
0.04113110539845758,0.4
0.04118404118404118,0.4
0.041237113402061855,0.4
0.04129032258064516,0.4
0.041343669250646,0.4
0.04139715394566624,0.4
0.04145077720207254,0.4
0.041504539559014265,0.4
0.04155844155844156,0.4
0.04161248374512354,0.4
0.041666666666666664,0.4
0.041720990873533245,0.4
0.04177545691906005,0.4
0.04183006535947712,0.4
0.041884816753926704,0.4
0.04193971166448231,0.4
0.04199475065616798,0.4
0.04204993429697766,0.4
0.042105263157894736,0.4
0.04216073781291173,0.4
0.04221635883905013,0.4
0.04227212681638045,0.4
0.042328042328042326,0.4
0.0423841059602649,0.4
0.042440318302387266,0.4
0.04249667994687915,0.4
0.0425531914893617,0.4
0.0426098535286285,0.4
0.042666666666666665,0.4
0.042723631508678236,0.4
0.0427807486631016,0.4
0.0428380187416332,0.4
0.04289544235924933,0.4
0.042953020134228186,0.4
0.043010752688172046,0.4
0.04306864064602961,0.4
0.0431266846361186,0.4
0.043184885290148446,0.4
0.043243243243243246,0.4
0.04330175913396482,0.4
0.04336043360433604,0.4
0.04341926729986431,0.4
0.043478260869565216,0.4
0.04353741496598639,0.4
0.043596730245231606,0.4
0.04365620736698499,0.4
0.04371584699453552,0.4
0.04377564979480164,0.4
0.043835616438356165,0.4
0.0438957475994513,0.4
0.04395604395604396,0.4
0.04264099037138927,0.3875
0.04269972451790634,0.3875
0.04275862068965517,0.3875
0.04281767955801105,0.3875
0.042876901798063624,0.3875
0.04293628808864266,0.3875
0.04299583911234397,0.3875
0.043055555555555555,0.3875
0.043115438108484005,0.3875
0.04317548746518106,0.3875
0.043235704323570434,0.3875
0.04329608938547486,0.3875
0.043356643356643354,0.3875
0.04341736694677871,0.3875
0.043478260869565216,0.3875
0.04353932584269663,0.3875
0.04360056258790436,0.3875
0.04366197183098591,0.3875
0.04372355430183357,0.3875
0.043785310734463276,0.3875
0.04384724186704385,0.3875
0.043909348441926344,0.3875
0.04397163120567376,0.3875
0.04403409090909091,0.3875
0.044096728307254626,0.3875
0.04415954415954416,0.3875
0.0442225392296719,0.3875
0.04428571428571428,0.3875
0.044349070100143065,0.3875
0.044412607449856735,0.3875
0.04447632711621234,0.3875
0.04454022988505747,0.3875
0.04460431654676259,0.3875
0.0446685878962536,0.3875
0.044733044733044736,0.3875
0.044797687861271675,0.3875
0.04486251808972504,0.3875
0.04492753623188406,0.3875
0.04499274310595065,0.3875
0.04505813953488372,0.3875
0.04512372634643377,0.3875
0.04518950437317784,0.3875
0.04525547445255475,0.3875
0.04532163742690058,0.3875
0.04538799414348463,0.3875
0.045454545454545456,0.3875
0.04552129221732746,0.3875
0.045588235294117645,0.3875
0.045655375552282766,0.3875
0.045722713864306784,0.3875
0.04579025110782865,0.3875
0.04585798816568047,0.3875
0.045925925925925926,0.3875
0.04599406528189911,0.3875
0.04606240713224369,0.3875
0.046130952380952384,0.3875
0.046199701937406856,0.3875
0.04626865671641791,0.3875
0.04633781763826607,0.3875
0.04640718562874251,0.3875
0.046476761619190406,0.3875
0.046546546546546545,0.3875
0.04661654135338346,0.3875
0.046686746987951805,0.3875
0.04675716440422323,0.3875
0.04682779456193353,0.3875
0.046898638426626324,0.3875
0.04696969696969697,0.3875
0.04704097116843703,0.3875
0.04711246200607903,0.3875
0.0471841704718417,0.3875
0.04725609756097561,0.3875
0.04732824427480916,0.3875
0.047400611620795105,0.3875
0.04747320061255743,0.3875
0.04754601226993865,0.3875
0.047619047619047616,0.3875
0.047692307692307694,0.3875
0.04776579352850539,0.3875
0.047839506172839504,0.3875
0.04791344667697063,0.3875
0.047987616099071206,0.3875
0.04806201550387597,0.3875
0.04813664596273292,0.3875
0.04821150855365474,0.3875
0.048286604361370715,0.3875
0.0483619344773791,0.3875
0.0484375,0.3875
0.048513302034428794,0.3875
0.048589341692789965,0.3875
0.04866562009419152,0.3875
0.04874213836477988,0.3875
0.048818897637795275,0.3875
0.04889589905362776,0.3875
0.04897314375987362,0.3875
0.0490506329113924,0.3875
0.0491283676703645,0.3875
0.049206349206349205,0.3875
0.0492845786963434,0.3875
0.04936305732484077,0.3875
0.049441786283891544,0.3875
0.04952076677316294,0.3875
0.0496,0.3875
0.049679487179487176,0.3875
0.04975922953451043,0.3875
0.04983922829581994,0.3875
0.0499194847020934,0.3875
0.05,0.3875
0.050080775444264945,0.3875
0.05016181229773463,0.3875
0.050243111831442464,0.3875
0.05032467532467533,0.3875
0.05040650406504065,0.3875
0.050488599348534204,0.3875
0.05057096247960848,0.3875
0.05065359477124183,0.3875
0.05073649754500818,0.3875
0.05081967213114754,0.3875
0.05090311986863711,0.3875
0.05098684210526316,0.3875
0.051070840197693576,0.3875
0.05115511551155116,0.3875
0.0512396694214876,0.3875
0.05132450331125828,0.3875
0.05140961857379768,0.3875
0.05149501661129568,0.3875
0.051580698835274545,0.3875
0.051666666666666666,0.3875
0.05175292153589316,0.3875
0.051839464882943144,0.3875
0.051926298157453935,0.3875
0.05201342281879195,0.3875
0.052100840336134456,0.3875
0.05218855218855219,0.3875
0.05227655986509275,0.3875
0.052364864864864864,0.3875
0.05245346869712352,0.3875
0.05254237288135593,0.3875
0.05263157894736842,0.3875
0.05272108843537415,0.3875
0.05281090289608177,0.3875
0.052901023890784986,0.3875
0.05299145299145299,0.3875
0.053082191780821915,0.3875
0.051457975986277875,0.375
0.05154639175257732,0.375
0.05163511187607573,0.375
0.05172413793103448,0.375
0.05181347150259067,0.375
0.05190311418685121,0.375
0.05199306759098787,0.375
0.052083333333333336,0.375
0.050434782608695654,0.3625
0.050522648083623695,0.3625
0.0506108202443281,0.3625
0.050699300699300696,0.3625
0.050788091068301226,0.3625
0.05087719298245614,0.3625
0.050966608084358524,0.3625
0.051056338028169015,0.3625
0.05114638447971781,0.3625
0.05123674911660778,0.3625
0.05132743362831858,0.3625
0.051418439716312055,0.3625
0.05150976909413854,0.3625
0.051601423487544484,0.3625
0.05169340463458111,0.3625
0.05178571428571429,0.3625
0.0518783542039356,0.3625
0.05197132616487455,0.3625
0.05206463195691203,0.3625
0.052158273381294966,0.3625
0.05225225225225225,0.3625
0.052346570397111915,0.3625
0.05244122965641953,0.3625
0.05253623188405797,0.3625
0.050816696914700546,0.35
0.04909090909090909,0.3375
0.04735883424408015,0.325
0.04744525547445255,0.325
0.04570383912248629,0.3125
0.045787545787545784,0.3125
0.045871559633027525,0.3125
0.04595588235294118,0.3125
0.04604051565377532,0.3125
0.046125461254612546,0.3125
0.04621072088724584,0.3125
0.046296296296296294,0.3125
0.04638218923933209,0.3125
0.04460966542750929,0.3
0.0446927374301676,0.3
0.04477611940298507,0.3
0.044859813084112146,0.3
0.0449438202247191,0.3
0.0450281425891182,0.3
0.045112781954887216,0.3
0.04519774011299435,0.3
0.045283018867924525,0.3
0.045368620037807186,0.3
0.045454545454545456,0.3
0.04554079696394687,0.3
0.045627376425855515,0.3
0.045714285714285714,0.3
0.04580152671755725,0.3
0.045889101338432124,0.3
0.04597701149425287,0.3
0.046065259117082535,0.3
0.046153846153846156,0.3
0.046242774566473986,0.3
0.04633204633204633,0.3
0.04642166344294004,0.3
0.046511627906976744,0.3
0.04660194174757282,0.3
0.04669260700389105,0.3
0.04483430799220273,0.2875
0.044921875,0.2875
0.04500978473581213,0.2875
0.045098039215686274,0.2875
0.04518664047151277,0.2875
0.045275590551181105,0.2875
0.045364891518737675,0.2875
0.045454545454545456,0.2875
0.04554455445544554,0.2875
0.04563492063492063,0.2875
0.04572564612326044,0.2875
0.045816733067729085,0.2875
0.04590818363273453,0.2875
0.046,0.2875
0.04609218436873747,0.2875
0.04618473895582329,0.2875
0.04426559356136821,0.275
0.04435483870967742,0.275
0.044444444444444446,0.275
0.044534412955465584,0.275
0.04462474645030426,0.275
0.044715447154471545,0.275
0.04480651731160896,0.275
0.044897959183673466,0.275
0.044989775051124746,0.275
0.045081967213114756,0.275
0.045174537987679675,0.275
0.04526748971193416,0.275
0.04536082474226804,0.275
0.045454545454545456,0.275
0.043478260869565216,0.2625
0.043568464730290454,0.2625
0.04365904365904366,0.2625
0.04375,0.2625
0.04384133611691023,0.2625
0.043933054393305436,0.2625
0.0440251572327044,0.2625
0.04411764705882353,0.2625
0.04421052631578947,0.2625
0.04430379746835443,0.2625
0.04439746300211417,0.2625
0.04449152542372881,0.2625
0.044585987261146494,0.2625
0.04468085106382979,0.2625
0.04477611940298507,0.2625
0.04487179487179487,0.2625
0.042826552462526764,0.25
0.04291845493562232,0.25
0.043010752688172046,0.25
0.04310344827586207,0.25
0.04319654427645788,0.25
0.04329004329004329,0.25
0.04121475054229935,0.2375
0.041304347826086954,0.2375
0.04139433551198257,0.2375
0.04148471615720524,0.2375
0.04157549234135667,0.2375
0.041666666666666664,0.2375
0.041758241758241756,0.2375
0.04185022026431718,0.2375
0.04194260485651214,0.2375
0.0420353982300885,0.2375
0.04212860310421286,0.2375
0.042222222222222223,0.2375
0.042316258351893093,0.2375
0.04241071428571429,0.2375
0.042505592841163314,0.2375
0.042600896860986545,0.2375
0.04269662921348315,0.2375
0.04279279279279279,0.2375
0.04288939051918736,0.2375
0.042986425339366516,0.2375
0.04308390022675737,0.2375
0.04318181818181818,0.2375
0.04328018223234624,0.2375
0.04337899543378995,0.2375
0.043478260869565216,0.2375
0.04357798165137615,0.2375
0.04367816091954023,0.2375
0.04377880184331797,0.2375
0.04157043879907621,0.225
0.041666666666666664,0.225
0.04176334106728538,0.225
0.04186046511627907,0.225
0.04195804195804196,0.225
0.04205607476635514,0.225
0.04215456674473068,0.225
0.04225352112676056,0.225
0.042352941176470586,0.225
0.04245283018867924,0.225
0.04018912529550828,0.2125
0.04028436018957346,0.2125
0.040380047505938245,0.2125
0.04047619047619048,0.2125
0.0405727923627685,0.2125
0.04066985645933014,0.2125
0.0407673860911271,0.2125
0.040865384615384616,0.2125
0.04096385542168675,0.2125
0.04106280193236715,0.2125
0.04116222760290557,0.2125
0.0412621359223301,0.2125
0.0413625304136253,0.2125
0.041463414634146344,0.2125
0.04156479217603912,0.2125
0.041666666666666664,0.2125
0.04176904176904177,0.2125
0.04187192118226601,0.2125
0.04197530864197531,0.2125
0.04207920792079208,0.2125
0.04218362282878412,0.2125
0.04228855721393035,0.2125
0.04239401496259352,0.2125
0.0425,0.2125
0.042606516290726815,0.2125
0.04271356783919598,0.2125
0.042821158690176324,0.2125
0.04292929292929293,0.2125
0.043037974683544304,0.2125
0.04314720812182741,0.2125
0.043256997455470736,0.2125
0.04336734693877551,0.2125
0.043478260869565216,0.2125
0.04358974358974359,0.2125
0.043701799485861184,0.2125
0.04381443298969072,0.2125
0.04392764857881137,0.2125
0.04404145077720207,0.2125
0.04415584415584416,0.2125
0.044270833333333336,0.2125
0.044386422976501305,0.2125
0.04450261780104712,0.2125
0.04461942257217848,0.2125
0.04473684210526316,0.2125
0.044854881266490766,0.2125
0.04497354497354497,0.2125
0.04509283819628647,0.2125
0.04521276595744681,0.2125
0.04533333333333334,0.2125
0.045454545454545456,0.2125
0.045576407506702415,0.2125
0.0456989247311828,0.2125
0.04582210242587601,0.2125
0.04594594594594595,0.2125
0.04607046070460705,0.2125
0.04619565217391304,0.2125
0.04632152588555858,0.2125
0.04644808743169399,0.2125
0.04657534246575343,0.2125
0.046703296703296704,0.2125
0.046831955922865015,0.2125
0.04696132596685083,0.2125
0.04709141274238227,0.2125
0.04722222222222222,0.2125
0.04735376044568245,0.2125
0.04748603351955307,0.2125
0.04481792717086835,0.2
0.0449438202247191,0.2
0.04507042253521127,0.2
0.04519774011299435,0.2
0.0453257790368272,0.2
0.045454545454545456,0.2
0.045584045584045586,0.2
0.045714285714285714,0.2
0.045845272206303724,0.2
0.04597701149425287,0.2
0.04610951008645533,0.2
0.046242774566473986,0.2
0.0463768115942029,0.2
0.046511627906976744,0.2
0.04664723032069971,0.2
0.04678362573099415,0.2
0.0469208211143695,0.2
0.047058823529411764,0.2
0.0471976401179941,0.2
0.047337278106508875,0.2
0.04747774480712166,0.2
0.047619047619047616,0.2
0.04776119402985075,0.2
0.04790419161676647,0.2
0.04804804804804805,0.2
0.04819277108433735,0.2
0.04833836858006042,0.2
0.048484848484848485,0.2
0.0486322188449848,0.2
0.04573170731707317,0.1875
0.045871559633027525,0.1875
0.046012269938650305,0.1875
0.046153846153846156,0.1875
0.046296296296296294,0.1875
0.04643962848297214,0.1875
0.046583850931677016,0.1875
0.04672897196261682,0.1875
0.046875,0.1875
0.047021943573667714,0.1875
0.04716981132075472,0.1875
0.0473186119873817,0.1875
0.04746835443037975,0.1875
0.047619047619047616,0.1875
0.04777070063694268,0.1875
0.04472843450479233,0.175
0.04487179487179487,0.175
0.04180064308681672,0.1625
0.041935483870967745,0.1625
0.038834951456310676,0.15
0.03896103896103896,0.15
0.03908794788273615,0.15
0.0392156862745098,0.15
0.03934426229508197,0.15
0.039473684210526314,0.15
0.039603960396039604,0.15
0.039735099337748346,0.15
0.03986710963455149,0.15
0.04,0.15
0.04013377926421405,0.15
0.040268456375838924,0.15
0.04040404040404041,0.15
0.04054054054054054,0.15
0.04067796610169491,0.15
0.04081632653061224,0.15
0.040955631399317405,0.15
0.0410958904109589,0.15
0.041237113402061855,0.15
0.041379310344827586,0.15
0.04152249134948097,0.15
0.041666666666666664,0.15
0.041811846689895474,0.15
0.04195804195804196,0.15
0.042105263157894736,0.15
0.04225352112676056,0.15
0.04240282685512368,0.15
0.0425531914893617,0.15
0.042704626334519574,0.15
0.04285714285714286,0.15
0.043010752688172046,0.15
0.039568345323741004,0.1375
0.039711191335740074,0.1375
0.03985507246376811,0.1375
0.04,0.1375
0.040145985401459854,0.1375
0.040293040293040296,0.1375
0.04044117647058824,0.1375
0.04059040590405904,0.1375
0.040740740740740744,0.1375
0.040892193308550186,0.1375
0.041044776119402986,0.1375
0.04119850187265917,0.1375
0.041353383458646614,0.1375
0.04150943396226415,0.1375
0.041666666666666664,0.1375
0.04182509505703422,0.1375
0.04198473282442748,0.1375
0.0421455938697318,0.1375
0.04230769230769231,0.1375
0.04247104247104247,0.1375
0.04263565891472868,0.1375
0.042801556420233464,0.1375
0.0390625,0.125
0.0392156862745098,0.125
0.03937007874015748,0.125
0.039525691699604744,0.125
0.03968253968253968,0.125
0.035856573705179286,0.1125
0.036,0.1125
0.03614457831325301,0.1125
0.036290322580645164,0.1125
0.03643724696356275,0.1125
0.036585365853658534,0.1125
0.036734693877551024,0.1125
0.036885245901639344,0.1125
0.037037037037037035,0.1125
0.0371900826446281,0.1125
0.03734439834024896,0.1125
0.0375,0.1125
0.03765690376569038,0.1125
0.037815126050420166,0.1125
0.0379746835443038,0.1125
0.038135593220338986,0.1125
0.03829787234042553,0.1125
0.038461538461538464,0.1125
0.03862660944206009,0.1125
0.03879310344827586,0.1125
0.03896103896103896,0.1125
0.0391304347826087,0.1125
0.039301310043668124,0.1125
0.039473684210526314,0.1125
0.039647577092511016,0.1125
0.03982300884955752,0.1125
0.04,0.1125
0.04017857142857143,0.1125
0.04035874439461883,0.1125
0.04054054054054054,0.1125
0.04072398190045249,0.1125
0.04090909090909091,0.1125
0.0410958904109589,0.1125
0.04128440366972477,0.1125
0.041474654377880185,0.1125
0.041666666666666664,0.1125
0.04186046511627907,0.1125
0.04205607476635514,0.1125
0.04225352112676056,0.1125
0.04245283018867924,0.1125
0.04265402843601896,0.1125
0.04285714285714286,0.1125
0.0430622009569378,0.1125
0.04326923076923077,0.1125
0.043478260869565216,0.1125
0.038834951456310676,0.1
0.03902439024390244,0.1
0.0392156862745098,0.1
0.03940886699507389,0.1
0.039603960396039604,0.1
0.03980099502487562,0.1
0.04,0.1
0.04020100502512563,0.1
0.04040404040404041,0.1
0.04060913705583756,0.1
0.04081632653061224,0.1
0.041025641025641026,0.1
0.041237113402061855,0.1
0.04145077720207254,0.1
0.041666666666666664,0.1
0.041884816753926704,0.1
0.042105263157894736,0.1
0.042328042328042326,0.1
0.0425531914893617,0.1
0.0427807486631016,0.1
0.043010752688172046,0.1
0.043243243243243246,0.1
0.043478260869565216,0.1
0.04371584699453552,0.1
0.04395604395604396,0.1
0.04419889502762431,0.1
0.044444444444444446,0.1
0.0446927374301676,0.1
0.0449438202247191,0.1
0.04519774011299435,0.1
0.045454545454545456,0.1
0.045714285714285714,0.1
0.04597701149425287,0.1
0.046242774566473986,0.1
0.046511627906976744,0.1
0.04678362573099415,0.1
0.047058823529411764,0.1
0.047337278106508875,0.1
0.047619047619047616,0.1
0.04790419161676647,0.1
0.04819277108433735,0.1
0.048484848484848485,0.1
0.04878048780487805,0.1
0.049079754601226995,0.1
0.04938271604938271,0.1
0.049689440993788817,0.1
0.05,0.1
0.050314465408805034,0.1
0.05063291139240506,0.1
0.050955414012738856,0.1
0.05128205128205128,0.1
0.05161290322580645,0.1
0.05194805194805195,0.1
0.05228758169934641,0.1
0.05263157894736842,0.1
0.052980132450331126,0.1
0.05333333333333334,0.1
0.053691275167785234,0.1
0.05405405405405406,0.1
0.05442176870748299,0.1
0.0547945205479452,0.1
0.05517241379310345,0.1
0.05555555555555555,0.1
0.055944055944055944,0.1
0.056338028169014086,0.1
0.05673758865248227,0.1
0.05714285714285714,0.1
0.05755395683453238,0.1
0.057971014492753624,0.1
0.058394160583941604,0.1
0.058823529411764705,0.1
0.05925925925925926,0.1
0.05223880597014925,0.0875
0.05263157894736842,0.0875
0.05303030303030303,0.0875
0.05343511450381679,0.0875
0.05384615384615385,0.0875
0.05426356589147287,0.0875
0.046875,0.075
0.047244094488188976,0.075
0.047619047619047616,0.075
0.048,0.075
0.04838709677419355,0.075
0.04878048780487805,0.075
0.04918032786885246,0.075
0.049586776859504134,0.075
0.05,0.075
0.05042016806722689,0.075
0.05084745762711865,0.075
0.05128205128205128,0.075
0.05172413793103448,0.075
0.05217391304347826,0.075
0.05263157894736842,0.075
0.05309734513274336,0.075
0.05357142857142857,0.075
0.05405405405405406,0.075
0.05454545454545454,0.075
0.05504587155963303,0.075
0.05555555555555555,0.075
0.056074766355140186,0.075
0.04716981132075472,0.0625
0.047619047619047616,0.0625
0.04807692307692308,0.0625
0.04854368932038835,0.0625
0.049019607843137254,0.0625
0.04950495049504951,0.0625
0.05,0.0625
0.050505050505050504,0.0625
0.05102040816326531,0.0625
0.05154639175257732,0.0625
0.052083333333333336,0.0625
0.05263157894736842,0.0625
0.05319148936170213,0.0625
0.053763440860215055,0.0625
0.05434782608695652,0.0625
0.054945054945054944,0.0625
0.05555555555555555,0.0625
0.056179775280898875,0.0625
0.056818181818181816,0.0625
0.04597701149425287,0.05
0.046511627906976744,0.05
0.047058823529411764,0.05
0.047619047619047616,0.05
0.04819277108433735,0.05
0.04878048780487805,0.05
0.04938271604938271,0.05
0.05,0.05
0.05063291139240506,0.05
0.05128205128205128,0.05
0.05194805194805195,0.05
0.05263157894736842,0.05
0.05333333333333334,0.05
0.05405405405405406,0.05
0.0547945205479452,0.05
0.05555555555555555,0.05
0.056338028169014086,0.05
0.05714285714285714,0.05
0.057971014492753624,0.05
0.058823529411764705,0.05
0.05970149253731343,0.05
0.06060606060606061,0.05
0.06153846153846154,0.05
0.0625,0.05
0.06349206349206349,0.05
0.06451612903225806,0.05
0.06557377049180328,0.05
0.06666666666666667,0.05
0.06779661016949153,0.05
0.06896551724137931,0.05
0.07017543859649122,0.05
0.07142857142857142,0.05
0.07272727272727272,0.05
0.07407407407407407,0.05
0.07547169811320754,0.05
0.07692307692307693,0.05
0.0784313725490196,0.05
0.08,0.05
0.08163265306122448,0.05
0.08333333333333333,0.05
0.0851063829787234,0.05
0.08695652173913043,0.05
0.08888888888888889,0.05
0.09090909090909091,0.05
0.09302325581395349,0.05
0.09523809523809523,0.05
0.0975609756097561,0.05
0.075,0.0375
0.07692307692307693,0.0375
0.07894736842105263,0.0375
0.08108108108108109,0.0375
0.08333333333333333,0.0375
0.08571428571428572,0.0375
0.058823529411764705,0.025
0.06060606060606061,0.025
0.0625,0.025
0.06451612903225806,0.025
0.06666666666666667,0.025
0.06896551724137931,0.025
0.07142857142857142,0.025
0.07407407407407407,0.025
0.07692307692307693,0.025
0.08,0.025
0.08333333333333333,0.025
0.08695652173913043,0.025
0.09090909090909091,0.025
0.09523809523809523,0.025
0.1,0.025
0.10526315789473684,0.025
0.1111111111111111,0.025
0.11764705882352941,0.025
0.125,0.025
0.13333333333333333,0.025
0.14285714285714285,0.025
0.15384615384615385,0.025
0.08333333333333333,0.0125
0.09090909090909091,0.0125
0.1,0.0125
0.1111111111111111,0.0125
0.0,0.0
0.0,0.0
0.0,0.0
0.0,0.0
0.0,0.0
0.0,0.0
0.0,0.0
0.0,0.0
1.0,0.0
