Precision,Recall
0.03250711093051605,1.0
0.03211382113821138,0.9875
0.032126880845872306,0.9875
0.03213995117982099,0.9875
0.032153032153032154,0.9875
0.03216612377850163,0.9875
0.03217922606924643,0.9875
0.03219233903830481,0.9875
0.03220546269873624,0.9875
0.03221859706362153,0.9875
0.03223174214606283,0.9875
0.03224489795918367,0.9875
0.03225806451612903,0.9875
0.03227124183006536,0.9875
0.03228442991418063,0.9875
0.032297628781684386,0.9875
0.032310838445807774,0.9875
0.032324058919803604,0.9875
0.032337290216946375,0.9875
0.03235053235053235,0.9875
0.032363785333879555,0.9875
0.03237704918032787,0.9875
0.03239032390323903,0.9875
0.03240360951599672,0.9875
0.032416906032006566,0.9875
0.0324435318275154,0.9875
0.03245686113393591,0.9875
0.03247020139745171,0.9875
0.03248355263157895,0.9875
0.03249691484985603,0.9875
0.03251028806584362,0.9875
0.03252367229312474,0.9875
0.032537067545304776,0.9875
0.032550473836011534,0.9875
0.0325638911788953,0.9875
0.03257731958762886,0.9875
0.03259075907590759,0.9875
0.032604209657449444,0.9875
0.032617671345995046,0.9875
0.032631144155307726,0.9875
0.03264462809917355,0.9875
0.032658123191401406,0.9875
0.032671629445823,0.9875
0.032685146876292925,0.9875
0.03269867549668874,0.9875
0.032712215320910974,0.9875
0.03272576636288318,0.9875
0.03273932863655201,0.9875
0.03275290215588723,0.9875
0.032766486934881794,0.9875
0.03278008298755187,0.9875
0.0327936903279369,0.9875
0.03280730897009967,0.9875
0.0328209389281263,0.9875
0.03283458021612635,0.9875
0.03284823284823285,0.9875
0.03286189683860233,0.9875
0.0328755722014149,0.9875
0.03288925895087427,0.9875
0.03290295710120783,0.9875
0.032916666666666664,0.9875
0.03293038766152564,0.9875
0.0329441201000834,0.9875
0.03295786399666249,0.9875
0.03297161936560935,0.9875
0.03298538622129436,0.9875
0.032999164578111945,0.9875
0.03301295445048057,0.9875
0.03302675585284281,0.9875
0.03304056879966541,0.9875
0.032635983263598324,0.975
0.03264964420259523,0.975
0.032663316582914576,0.975
0.032677000418935905,0.975
0.03269069572506287,0.975
0.03270440251572327,0.975
0.03271812080536913,0.975
0.03273185060847671,0.975
0.0327455919395466,0.975
0.03275934481310374,0.975
0.03277310924369748,0.975
0.03278688524590164,0.975
0.03280067283431455,0.975
0.03281447202355911,0.975
0.03282828282828283,0.975
0.032842105263157895,0.975
0.03285593934288121,0.975
0.03286978508217446,0.975
0.03246205733558179,0.9625
0.03247574862927035,0.9625
0.032489451476793246,0.9625
0.032503165892781766,0.9625
0.03251689189189189,0.9625
0.03253062948880439,0.9625
0.03254437869822485,0.9625
0.03255813953488372,0.9625
0.03257191201353638,0.9625
0.03258569614896318,0.9625
0.03259949195596952,0.9625
0.03261329944938585,0.9625
0.032627118644067796,0.9625
0.032640949554896145,0.9625
0.03265479219677693,0.9625
0.03266864658464149,0.9625
0.03268251273344652,0.9625
0.0326963906581741,0.9625
0.03271028037383177,0.9625
0.03272418189545261,0.9625
0.03273809523809524,0.9625
0.0327520204168439,0.9625
0.03276595744680851,0.9625
0.032779906343124735,0.9625
0.032793867120954,0.9625
0.032807839795483594,0.9625
0.032821824381926684,0.9625
0.03283582089552239,0.9625
0.03284982935153584,0.9625
0.03286384976525822,0.9625
0.032877882152006835,0.9625
0.03289192652712516,0.9625
0.03290598290598291,0.9625
0.03292005130397606,0.9625
0.03293413173652695,0.9625
0.0329482242190843,0.9625
0.03296232876712329,0.9625
0.03297644539614561,0.9625
0.032562125107112254,0.95
0.03257608229747107,0.95
0.032590051457975985,0.95
0.03260403260403261,0.95
0.03261802575107296,0.95
0.032632030914555604,0.95
0.03264604810996564,0.95
0.03266007735281478,0.95
0.03267411865864144,0.95
0.032688172043010756,0.95
0.03270223752151463,0.95
0.03271631510977185,0.95
0.03273040482342808,0.95
0.03274450667815597,0.95
0.032758620689655175,0.95
0.032772746873652434,0.95
0.03278688524590164,0.95
0.03280103582218386,0.95
0.03281519861830743,0.95
0.03282937365010799,0.95
0.032843560933448576,0.95
0.03285776048421963,0.95
0.0328719723183391,0.95
0.032453483340545215,0.9375
0.032467532467532464,0.9375
0.032481593763533996,0.9375
0.03249566724436742,0.9375
0.032509752925877766,0.9375
0.03252385082393756,0.9375
0.03253796095444685,0.9375
0.032552083333333336,0.9375
0.03256621797655232,0.9375
0.03258036490008688,0.9375
0.03259452411994785,0.9375
0.03260869565217391,0.9375
0.032622879512831666,0.9375
0.03263707571801567,0.9375
0.032651284283848496,0.9375
0.03266550522648084,0.9375
0.032679738562091505,0.9375
0.03269398430688753,0.9375
0.03270824247710423,0.9375
0.032722513089005235,0.9375
0.032736796158882586,0.9375
0.03275109170305677,0.9375
0.0327653997378768,0.9375
0.03277972027972028,0.9375
0.03235679930039353,0.925
0.03237095363079615,0.925
0.03238512035010941,0.925
0.03239929947460595,0.925
0.032413491020586944,0.925
0.03242769500438212,0.925
0.03244191144234985,0.925
0.03245614035087719,0.925
0.03247038174637999,0.925
0.0324846356453029,0.925
0.032498902064119456,0.925
0.03251318101933216,0.925
0.032527472527472526,0.925
0.032541776605101144,0.925
0.03255609326880774,0.925
0.032570422535211266,0.925
0.03258476442095993,0.925
0.03259911894273128,0.925
0.03261348611723226,0.925
0.03262786596119929,0.925
0.032642258491398325,0.925
0.03265666372462489,0.925
0.032671081677704196,0.925
0.03268551236749117,0.925
0.032699955810870526,0.925
0.032714412024756855,0.925
0.03272888102609465,0.925
0.03274336283185841,0.925
0.03275785745905268,0.925
0.03277236492471213,0.925
0.03278688524590164,0.925
0.03280141843971631,0.925
0.03237250554323725,0.9125
0.0323868677905945,0.9125
0.032401242787394584,0.9125
0.03241563055062167,0.9125
0.03243003109729009,0.9125
0.03244444444444444,0.9125
0.032458870609159626,0.9125
0.032473309608540925,0.9125
0.032487761459724075,0.9125
0.03250222617987533,0.9125
0.032516703786191536,0.9125
0.03253119429590018,0.9125
0.032545697726259475,0.9125
0.03256021409455843,0.9125
0.03257474341811691,0.9125
0.032589285714285716,0.9125
0.03260384100044663,0.9125
0.03261840929401251,0.9125
0.03263299061242736,0.9125
0.03264758497316637,0.9125
0.032662192393736016,0.9125
0.03267681289167413,0.9125
0.032691446484549934,0.9125
0.03270609318996416,0.9125
0.03272075302554908,0.9125
0.03273542600896861,0.9125
0.03275011215791835,0.9125
0.032764811490125674,0.9125
0.0327795240233498,0.9125
0.032794249775381853,0.9125
0.03280898876404494,0.9125
0.03282374100719424,0.9125
0.03283850652271705,0.9125
0.03285328532853286,0.9125
0.03286807744259343,0.9125
0.03288288288288288,0.9125
0.032897701667417754,0.9125
0.032912533814247066,0.9125
0.032927379341452415,0.9125
0.03294223826714802,0.9125
0.03295711060948081,0.9125
0.03297199638663053,0.9125
0.03298689561680976,0.9125
0.03300180831826401,0.9125
0.0330316742081448,0.9125
0.033046627433227706,0.9125
0.03306159420289855,0.9125
0.03307657453556864,0.9125
0.03309156844968268,0.9125
0.03310657596371882,0.9125
0.03312159709618875,0.9125
0.03313663186563777,0.9125
0.033151680290644865,0.9125
0.033166742389822805,0.9125
0.03318181818181818,0.9125
0.03319690768531151,0.9125
0.033212010919017286,0.9125
0.03322712790168411,0.9125
0.033242258652094715,0.9125
0.03325740318906606,0.9125
0.033272561531449404,0.9125
0.033287733698130414,0.9125
0.0333029197080292,0.9125
0.03331811958010041,0.9125
0.03333333333333333,0.9125
0.03334856098675194,0.9125
0.03336380255941499,0.9125
0.03337905807041609,0.9125
0.03339432753888381,0.9125
0.033409610983981694,0.9125
0.033424908424908424,0.9125
0.03344021988089785,0.9125
0.033455545371219066,0.9125
0.033470884915176524,0.9125
0.033486238532110094,0.9125
0.033501606241395136,0.9125
0.03351698806244261,0.9125
0.03353238401469913,0.9125
0.03354779411764706,0.9125
0.033563218390804596,0.9125
0.03357865685372585,0.9125
0.03359410952600092,0.9125
0.03360957642725598,0.9125
0.03362505757715339,0.9125
0.033640552995391704,0.9125
0.033656062701705854,0.9125
0.03367158671586716,0.9125
0.03368712505768343,0.9125
0.033702677746999074,0.9125
0.033718244803695153,0.9125
0.03373382624768946,0.9125
0.03374942209893666,0.9125
0.033765032377428304,0.9125
0.03378065710319297,0.9125
0.033796296296296297,0.9125
0.03381194997684113,0.9125
0.033827618164967564,0.9125
0.033843300880853036,0.9125
0.03385899814471243,0.9125
0.033874709976798145,0.9125
0.033890436397400185,0.9125
0.03392193308550186,0.9125
0.03393770339377034,0.9125
0.03395348837209302,0.9125
0.03396928804094928,0.9125
0.03398510242085661,0.9125
0.03400093153237075,0.9125
0.033550792171481825,0.9
0.033566433566433566,0.9
0.033582089552238806,0.9
0.03359776014932338,0.9
0.03361344537815126,0.9
0.03362914525922466,0.9
0.03364485981308411,0.9
0.033660589060308554,0.9
0.03367633302151544,0.9
0.03369209171736079,0.9
0.033707865168539325,0.9
0.03372365339578454,0.9
0.033739456419868794,0.9
0.03375527426160337,0.9
0.03377110694183865,0.9
0.0337869544814641,0.9
0.03380281690140845,0.9
0.033818694222639736,0.9
0.03383458646616541,0.9
0.03385049365303244,0.9
0.03386641580432737,0.9
0.03388235294117647,0.9
0.03389830508474576,0.9
0.03391427225624117,0.9
0.033930254476908575,0.9
0.033946251768033946,0.9
0.033962264150943396,0.9
0.033978291647003306,0.9
0.0339943342776204,0.9
0.03401039206424185,0.9
0.034026465028355386,0.9
0.03404255319148936,0.9
0.03405865657521287,0.9
0.034074775201135825,0.9
0.03409090909090909,0.9
0.03410705826622454,0.9
0.034123222748815164,0.9
0.034139402560455195,0.9
0.03415559772296015,0.9
0.034171808258187,0.9
0.03418803418803419,0.9
0.0342042755344418,0.9
0.034220532319391636,0.9
0.034236804564907276,0.9
0.03425309229305423,0.9
0.03426939552594003,0.9
0.03428571428571429,0.9
0.03430204859456884,0.9
0.034318398474737846,0.9
0.034334763948497854,0.9
0.03435114503816794,0.9
0.03436754176610979,0.9
0.034383954154727794,0.9
0.034400382226469184,0.9
0.03441682600382409,0.9
0.03443328550932568,0.9
0.03444976076555024,0.9
0.03446625179511728,0.9
0.034482758620689655,0.9
0.03449928126497365,0.9
0.03451581975071908,0.9
0.034532374100719423,0.9
0.0345489443378119,0.9
0.03456553048487758,0.9
0.034101825168107586,0.8875
0.03411821239788563,0.8875
0.03413461538461538,0.8875
0.034151034151034154,0.8875
0.034167468719923,0.8875
0.033702455464612424,0.875
0.033236994219653176,0.8625
0.03325301204819277,0.8625
0.03326904532304725,0.8625
0.03328509406657019,0.8625
0.033301158301158304,0.8625
0.03331723804925157,0.8625
0.03333333333333333,0.8625
0.0333494441759304,0.8625
0.033365570599613155,0.8625
0.033381712626995644,0.8625
0.03339787028073572,0.8625
0.03341404358353511,0.8625
0.03343023255813953,0.8625
0.033446437227338824,0.8625
0.03346265761396702,0.8625
0.033478893740902474,0.8625
0.03349514563106796,0.8625
0.03351141330743079,0.8625
0.033527696793002916,0.8625
0.03354399611084103,0.8625
0.03356031128404669,0.8625
0.033576642335766425,0.8625
0.03359298928919182,0.8625
0.03360935216755967,0.8625
0.033625730994152045,0.8625
0.03364212579229644,0.8625
0.033658536585365856,0.8625
0.03367496339677892,0.8625
0.03369140625,0.8625
0.033707865168539325,0.8625
0.03372434017595308,0.8625
0.03374083129584352,0.8625
0.0337573385518591,0.8625
0.033773861967694566,0.8625
0.03379040156709109,0.8625
0.033806957373836356,0.8625
0.033823529411764704,0.8625
0.03334968121628249,0.85
0.033366045142296366,0.85
0.033382425135002454,0.85
0.03339882121807466,0.85
0.03341523341523341,0.85
0.03343166175024582,0.85
0.03344810624692573,0.85
0.03346456692913386,0.85
0.03348104382077794,0.85
0.033497536945812804,0.85
0.03302119270576639,0.8375
0.033037475345167655,0.8375
0.03305377405032067,0.8375
0.033070088845014806,0.8375
0.03308641975308642,0.8375
0.033102766798418976,0.8375
0.033119130004943154,0.8375
0.033135509396636995,0.8375
0.033151904997525974,0.8375
0.03316831683168317,0.8375
0.03318474492322932,0.8375
0.033201189296333006,0.8375
0.03272186415468518,0.825
0.03273809523809524,0.825
0.032754342431761785,0.825
0.03277060575968222,0.825
0.03278688524590164,0.825
0.032803180914512925,0.825
0.03281949278965689,0.825
0.03283582089552239,0.825
0.03285216525634644,0.825
0.03286852589641434,0.825
0.03288490284005979,0.825
0.03290129611166501,0.825
0.03291770573566085,0.825
0.03293413173652695,0.825
0.032950574138791815,0.825
0.03296703296703297,0.825
0.03298350824587706,0.825
0.033,0.825
0.03301650825412707,0.825
0.03303303303303303,0.825
0.033049574361542315,0.825
0.033066132264529056,0.825
0.03258145363408521,0.8125
0.03259779338014042,0.8125
0.03261414952333166,0.8125
0.03263052208835342,0.8125
0.03264691109994977,0.8125
0.032663316582914576,0.8125
0.032679738562091505,0.8125
0.03271263210870659,0.8125
0.03272910372608258,0.8125
0.0327455919395466,0.8125
0.03276209677419355,0.8125
0.03277861825516894,0.8125
0.03279515640766902,0.8125
0.03281171125694094,0.8125
0.03282828282828283,0.8125
0.032844871147043965,0.8125
0.03286147623862487,0.8125
0.03237228123419322,0.8
0.032388663967611336,0.8
0.03240506329113924,0.8
0.03242147922998987,0.8
0.03243791180942727,0.8
0.032454361054766734,0.8
0.032470826991374935,0.8
0.03248730964467005,0.8
0.03250380904012189,0.8
0.032520325203252036,0.8
0.03253685815963396,0.8
0.03255340793489318,0.8
0.03256997455470738,0.8
0.032586558044806514,0.8
0.032603158430973,0.8
0.0326197757390418,0.8
0.03263640999490056,0.8
0.0326530612244898,0.8
0.03266972945380296,0.8
0.03268641470888662,0.8
0.032703117015840576,0.8
0.032719836400818,0.8
0.03273657289002557,0.8
0.032753326509723645,0.8
0.03277009728622632,0.8
0.03278688524590164,0.8
0.032803690415171706,0.8
0.03282051282051282,0.8
0.032837352488455616,0.8
0.03285420944558522,0.8
0.03287108371854135,0.8
0.0328879753340185,0.8
0.032904884318766064,0.8
0.03292181069958848,0.8
0.032938754503345345,0.8
0.032955715756951595,0.8
0.03297269448737764,0.8
0.032989690721649485,0.8
0.03300670448684889,0.8
0.033023735810113516,0.8
0.03252452245740836,0.7875
0.03254132231404959,0.7875
0.03255813953488372,0.7875
0.03257497414684592,0.7875
0.032591826176927054,0.7875
0.03260869565217391,0.7875
0.03262558259968928,0.7875
0.032642487046632127,0.7875
0.03265940902021773,0.7875
0.032676348547717844,0.7875
0.03269330565646082,0.7875
0.03271028037383177,0.7875
0.03272727272727273,0.7875
0.032744282744282746,0.7875
0.0327613104524181,0.7875
0.032778355879292405,0.7875
0.03279541905257678,0.7875
0.0328125,0.7875
0.03282959874934862,0.7875
0.032846715328467155,0.7875
0.03286384976525822,0.7875
0.03288100208768267,0.7875
0.03289817232375979,0.7875
0.032915360501567396,0.7875
0.03293256664924203,0.7875
0.03294979079497908,0.7875
0.03296703296703297,0.7875
0.032984293193717276,0.7875
0.03300157150340492,0.7875
0.0330188679245283,0.7875
0.03303618248557944,0.7875
0.03305351521511018,0.7875
0.03307086614173228,0.7875
0.03308823529411765,0.7875
0.03310562270099842,0.7875
0.033123028391167195,0.7875
0.03314045239347712,0.7875
0.03315789473684211,0.7875
0.03317535545023697,0.7875
0.033192834562697573,0.7875
0.033210332103321034,0.7875
0.03322784810126582,0.7875
0.03324538258575198,0.7875
0.03326293558606125,0.7875
0.03328050713153724,0.7875
0.033298097251585626,0.7875
0.033315705975674244,0.7875
0.03333333333333333,0.7875
0.03335097935415564,0.7875
0.03336864406779661,0.7875
0.033386327503974564,0.7875
0.03340402969247084,0.7875
0.033421750663129975,0.7875
0.03343949044585987,0.7875
0.03345724907063197,0.7875
0.0334750265674814,0.7875
0.03349282296650718,0.7875
0.03351063829787234,0.7875
0.03352847259180415,0.7875
0.03354632587859425,0.7875
0.03356419818859883,0.7875
0.033582089552238806,0.7875
0.0336,0.7875
0.0336179295624333,0.7875
0.03363587827015483,0.7875
0.03365384615384615,0.7875
0.03367183324425441,0.7875
0.033689839572192515,0.7875
0.033707865168539325,0.7875
0.03372591006423983,0.7875
0.033743974290305304,0.7875
0.03376205787781351,0.7875
0.033780160857908845,0.7875
0.03379828326180258,0.7875
0.033816425120772944,0.7875
0.03383458646616541,0.7875
0.0338527673293928,0.7875
0.03387096774193549,0.7875
0.03388918773534158,0.7875
0.03390742734122713,0.7875
0.033925686591276254,0.7875
0.03394396551724138,0.7875
0.033962264150943396,0.7875
0.03398058252427184,0.7875
0.033998920669185105,0.7875
0.03401727861771058,0.7875
0.03403565640194489,0.7875
0.03405405405405405,0.7875
0.03407247160627366,0.7875
0.03409090909090909,0.7875
0.03410936654033568,0.7875
0.03412784398699892,0.7875
0.03414634146341464,0.7875
0.034164859002169194,0.7875
0.0341833966359197,0.7875
0.03420195439739414,0.7875
0.03367734926670288,0.775
0.03369565217391304,0.775
0.03371397498640565,0.775
0.03373231773667029,0.775
0.033750680457267285,0.775
0.03376906318082789,0.775
0.033787465940054495,0.775
0.03380588876772083,0.775
0.03382433169667212,0.775
0.03384279475982533,0.775
0.03386127799016931,0.775
0.033879781420765025,0.775
0.03389830508474576,0.775
0.03391684901531729,0.775
0.03393541324575807,0.775
0.033953997809419496,0.775
0.03397260273972603,0.775
0.03399122807017544,0.775
0.034009873834339004,0.775
0.033479692645444564,0.7625
0.033498077979132346,0.7625
0.033516483516483515,0.7625
0.033534909290819134,0.7625
0.03355335533553355,0.7625
0.033571821684094665,0.7625
0.03359030837004405,0.7625
0.03360881542699724,0.7625
0.03362734288864388,0.7625
0.03364589078874793,0.7625
0.0336644591611479,0.7625
0.03368304803975704,0.7625
0.03370165745856354,0.7625
0.033720287451630734,0.7625
0.033185840707964605,0.75
0.03320420586607637,0.75
0.03322259136212625,0.75
0.0332409972299169,0.75
0.03325942350332594,0.75
0.033277870216306155,0.75
0.033296337402885685,0.75
0.03331482509716824,0.75
0.03333333333333333,0.75
0.033351862145636464,0.75
0.03337041156840934,0.75
0.0333889816360601,0.75
0.0334075723830735,0.75
0.033426183844011144,0.75
0.033444816053511704,0.75
0.03346346904629113,0.75
0.033482142857142856,0.75
0.03350083752093802,0.75
0.0335195530726257,0.75
0.03353828954723309,0.75
0.03355704697986577,0.75
0.03357582540570789,0.75
0.0335946248600224,0.75
0.03361344537815126,0.75
0.033632286995515695,0.75
0.03365114974761638,0.75
0.03367003367003367,0.75
0.033688938798427846,0.75
0.033707865168539325,0.75
0.03372681281618887,0.75
0.03374578177727784,0.75
0.033202025886325266,0.7375
0.03322072072072072,0.7375
0.03323943661971831,0.7375
0.03325817361894025,0.7375
0.03327693175408911,0.7375
0.03329571106094808,0.7375
0.033314511575381144,0.7375
0.03333333333333333,0.7375
0.03335217637083098,0.7375
0.0333710407239819,0.7375
0.03338992642897567,0.7375
0.033408833522083806,0.7375
0.03342776203966006,0.7375
0.03344671201814059,0.7375
0.033465683494044246,0.7375
0.03348467650397276,0.7375
0.033503691084611015,0.7375
0.033522727272727273,0.7375
0.033541785105173395,0.7375
0.0335608646188851,0.7375
0.03357996585088219,0.7375
0.033599088838268794,0.7375
0.03361823361823362,0.7375
0.033637400228050174,0.7375
0.03365658870507701,0.7375
0.03367579908675799,0.7375
0.0336950314106225,0.7375
0.03371428571428572,0.7375
0.033733562035448826,0.7375
0.033752860411899316,0.7375
0.03377218088151116,0.7375
0.03379152348224513,0.7375
0.033810888252149,0.7375
0.0338302752293578,0.7375
0.03384968445209409,0.7375
0.0338691159586682,0.7375
0.03388856978747846,0.7375
0.0339080459770115,0.7375
0.03392754456584244,0.7375
0.03394706559263521,0.7375
0.033966609096142776,0.7375
0.03398617511520737,0.7375
0.03400576368876081,0.7375
0.034025374855824686,0.7375
0.034045008655510675,0.7375
0.03348729792147806,0.725
0.033506643558636626,0.725
0.03352601156069364,0.725
0.0335454019664546,0.725
0.03356481481481482,0.725
0.0335842501447597,0.725
0.03360370799536501,0.725
0.0336231884057971,0.725
0.033642691415313224,0.725
0.03366221706326175,0.725
0.03368176538908246,0.725
0.0337013364323068,0.725
0.03372093023255814,0.725
0.03374054682955206,0.725
0.033760186263096625,0.725
0.0337798485730926,0.725
0.0337995337995338,0.725
0.03381924198250729,0.725
0.0338389731621937,0.725
0.033858727378867484,0.725
0.03387850467289719,0.725
0.03389830508474576,0.725
0.03391812865497076,0.725
0.03393797542422469,0.725
0.03395784543325527,0.725
0.03397773872290568,0.725
0.03399765533411489,0.725
0.03401759530791789,0.725
0.03403755868544601,0.725
0.03405754550792719,0.725
0.03407755581668625,0.725
0.03409758965314521,0.725
0.03411764705882353,0.725
0.034137728075338436,0.725
0.03415783274440518,0.725
0.03417796110783736,0.725
0.03419811320754717,0.725
0.03421828908554572,0.725
0.03423848878394333,0.725
0.034258712344949795,0.725
0.034278959810874705,0.725
0.03429923122412774,0.725
0.03431952662721893,0.725
0.03433984606275903,0.725
0.034360189573459717,0.725
0.03438055720213397,0.725
0.03440094899169632,0.725
0.034421364985163204,0.725
0.0344418052256532,0.725
0.0344622697563874,0.725
0.034482758620689655,0.725
0.034503271861986914,0.725
0.034523809523809526,0.725
0.034544371649791544,0.725
0.03456495828367104,0.725
0.0345855694692904,0.725
0.034606205250596656,0.725
0.03462686567164179,0.725
0.03464755077658303,0.725
0.034668260609683206,0.725
0.034688995215311005,0.725
0.034709754637941355,0.725
0.03473053892215569,0.725
0.0347513481126423,0.725
0.03477218225419664,0.725
0.03479304139172166,0.725
0.03481392557022809,0.725
0.034834834834834835,0.725
0.03485576923076923,0.725
0.03487672880336741,0.725
0.03489771359807461,0.725
0.034918723660445516,0.725
0.03493975903614458,0.725
0.03496081977094635,0.725
0.03498190591073583,0.725
0.03500301750150875,0.725
0.035024154589371984,0.725
0.03444108761329305,0.7125
0.034461910519951636,0.7125
0.034482758620689655,0.7125
0.03450363196125908,0.7125
0.034524530587522716,0.7125
0.034545454545454546,0.7125
0.03456640388114009,0.7125
0.0345873786407767,0.7125
0.03460837887067395,0.7125
0.03462940461725395,0.7125
0.03404255319148936,0.7
0.0340632603406326,0.7
0.03408399269628728,0.7
0.03349573690621194,0.6875
0.03351614868982328,0.6875
0.03353658536585366,0.6875
0.03355704697986577,0.6875
0.033577533577533576,0.6875
0.033598045204642636,0.6875
0.03361858190709047,0.6875
0.03363914373088685,0.6875
0.033659730722154224,0.6875
0.03368034292712799,0.6875
0.03370098039215686,0.6875
0.03372164316370325,0.6875
0.03374233128834356,0.6875
0.03376304481276857,0.6875
0.033783783783783786,0.6875
0.03380454824830977,0.6875
0.033825338253382534,0.6875
0.033846153846153845,0.6875
0.033866995073891626,0.6875
0.033887861983980284,0.6875
0.03390875462392109,0.6875
0.03392967304133251,0.6875
0.033950617283950615,0.6875
0.033971587399629403,0.6875
0.033992583436341164,0.6875
0.034013605442176874,0.6875
0.03403465346534654,0.6875
0.034055727554179564,0.6875
0.03407682775712516,0.6875
0.034097954122752634,0.6875
0.034119106699751864,0.6875
0.0335195530726257,0.675
0.03354037267080745,0.675
0.032939714108141706,0.6625
0.03296019900497513,0.6625
0.03298070939639079,0.6625
0.03300124533001245,0.6625
0.03302180685358255,0.6625
0.033042394014962596,0.6625
0.0330630068621335,0.6625
0.033083645443196,0.6625
0.03310430980637102,0.6625
0.033125,0.6625
0.03314571607254534,0.6625
0.03316645807259074,0.6625
0.03318722604884158,0.6625
0.03320802005012531,0.6625
0.03322884012539185,0.6625
0.033249686323713924,0.6625
0.03327055869428751,0.6625
0.03329145728643216,0.6625
0.03331238214959145,0.6625
0.03333333333333333,0.6625
0.03335431088735054,0.6625
0.033375314861460954,0.6625
0.03339634530560807,0.6625
0.033417402269861285,0.6625
0.033438485804416405,0.6625
0.03345959595959596,0.6625
0.033480732785849655,0.6625
0.03350189633375474,0.6625
0.033523086654016446,0.6625
0.03354430379746835,0.6625
0.03356554781507283,0.6625
0.03358681875792142,0.6625
0.033608116677235254,0.6625
0.03362944162436548,0.6625
0.03365079365079365,0.6625
0.033672172808132145,0.6625
0.033693579148124604,0.6625
0.03371501272264631,0.6625
0.03373647358370465,0.6625
0.03375796178343949,0.6625
0.033779477374123644,0.6625
0.03380102040816327,0.6625
0.03382259093809828,0.6625
0.03384418901660281,0.6625
0.03386581469648562,0.6625
0.03388746803069054,0.6625
0.03390914907229686,0.6625
0.03393085787451985,0.6625
0.033952594490711085,0.6625
0.03397435897435897,0.6625
0.03399615137908916,0.6625
0.03401797175866496,0.6625
0.0340398201669878,0.6625
0.03406169665809768,0.6625
0.03408360128617363,0.6625
0.0341055341055341,0.6625
0.03412749517063748,0.6625
0.03414948453608247,0.6625
0.03417150225660864,0.6625
0.034193548387096775,0.6625
0.0342156229825694,0.6625
0.034237726098191215,0.6625
0.03425985778926956,0.6625
0.03428201811125485,0.6625
0.0343042071197411,0.6625
0.03432642487046632,0.6625
0.034348671419313026,0.6625
0.03437094682230869,0.6625
0.03439325113562622,0.6625
0.03441558441558441,0.6625
0.03443794671864847,0.6625
0.03446033810143043,0.6625
0.034482758620689655,0.6625
0.034505208333333336,0.6625
0.03452768729641694,0.6625
0.03455019556714472,0.6625
0.03457273320287019,0.6625
0.034595300261096605,0.6625
0.034617896799477466,0.6625
0.034640522875816995,0.6625
0.03466317854807063,0.6625
0.03468586387434555,0.6625
0.03470857891290111,0.6625
0.03473132372214941,0.6625
0.03475409836065574,0.6625
0.03477690288713911,0.6625
0.03479973736047275,0.6625
0.03482260183968462,0.6625
0.034845496383957925,0.6625
0.034868421052631576,0.6625
0.03489137590520079,0.6625
0.03491436100131752,0.6625
0.03493737640079104,0.6625
0.03496042216358839,0.6625
0.03498349834983498,0.6625
0.03500660501981506,0.6625
0.03502974223397224,0.6625
0.03505291005291005,0.6625
0.03507610853739246,0.6625
0.035099337748344374,0.6625
0.03512259774685222,0.6625
0.035145888594164454,0.6625
0.035169210351692105,0.6625
0.0351925630810093,0.6625
0.03521594684385382,0.6625
0.03523936170212766,0.6625
0.03526280771789754,0.6625
0.035286284953395475,0.6625
0.03530979347101932,0.6625
0.035333333333333335,0.6625
0.035356904603068715,0.6625
0.035380507343124167,0.6625
0.035404141616566465,0.6625
0.03542780748663102,0.6625
0.03545150501672241,0.6625
0.03547523427041499,0.6625
0.03549899531145345,0.6625
0.035522788203753354,0.6625
0.035546613011401745,0.6625
0.03557046979865772,0.6625
0.035594358629952985,0.6625
0.035618279569892476,0.6625
0.03496973772696705,0.65
0.034993270524899055,0.65
0.035016835016835016,0.65
0.03504043126684636,0.65
0.03506405933917734,0.65
0.03508771929824561,0.65
0.035111411208642807,0.65
0.03513513513513514,0.65
0.03515889114266396,0.65
0.035182679296346414,0.65
0.035206499661475966,0.65
0.03523035230352303,0.65
0.03525423728813559,0.65
0.035278154681139755,0.65
0.035302104548540394,0.65
0.035326086956521736,0.65
0.03535010197144799,0.65
0.03537414965986395,0.65
0.035398230088495575,0.65
0.035422343324250684,0.65
0.0354464894342195,0.65
0.03547066848567531,0.65
0.03549488054607509,0.65
0.03551912568306011,0.65
0.0355434039644566,0.65
0.03556771545827633,0.65
0.03559206023271732,0.65
0.03561643835616438,0.65
0.03564084989718986,0.65
0.03566529492455418,0.65
0.03568977350720659,0.65
0.03571428571428571,0.65
0.03573883161512027,0.65
0.03576341127922971,0.65
0.035788024776324846,0.65
0.03581267217630854,0.65
0.03583735354927636,0.65
0.03586206896551724,0.65
0.035886818495514144,0.65
0.03591160220994475,0.65
0.0359364201796821,0.65
0.035961272475795295,0.65
0.035986159169550176,0.65
0.036011080332409975,0.65
0.036036036036036036,0.65
0.036061026352288486,0.65
0.03608605135322693,0.65
0.03611111111111111,0.65
0.03613620569840167,0.65
0.03616133518776078,0.65
0.03618649965205289,0.65
0.036211699164345405,0.65
0.03623693379790941,0.65
0.03626220362622036,0.65
0.03628750872295883,0.65
0.036312849162011177,0.65
0.0363382250174703,0.65
0.03636363636363636,0.65
0.0363890832750175,0.65
0.036414565826330535,0.65
0.036440084092501754,0.65
0.0364656381486676,0.65
0.036491228070175435,0.65
0.03651685393258427,0.65
0.036542515811665496,0.65
0.03656821378340366,0.65
0.036593947923997186,0.65
0.036619718309859155,0.65
0.036645525017618044,0.65
0.036671368124118475,0.65
0.03669724770642202,0.65
0.03672316384180791,0.65
0.03674911660777385,0.65
0.036775106082036775,0.65
0.03680113234253362,0.65
0.036827195467422094,0.65
0.0368532955350815,0.65
0.03687943262411347,0.65
0.036905606813342796,0.65
0.036931818181818184,0.65
0.03695806680881308,0.65
0.03698435277382646,0.65
0.03701067615658363,0.65
0.037037037037037035,0.65
0.03706343549536707,0.65
0.037089871611982884,0.65
0.037116345467523196,0.65
0.037142857142857144,0.65
0.03716940671908506,0.65
0.03719599427753934,0.65
0.03722261989978525,0.65
0.03724928366762178,0.65
0.03727598566308244,0.65
0.03730272596843615,0.65
0.0366116295764537,0.6375
0.035919540229885055,0.625
0.035945363048166784,0.625
0.03597122302158273,0.625
0.03599712023038157,0.625
0.03602305475504323,0.625
0.03604902667627974,0.625
0.03607503607503607,0.625
0.036101083032490974,0.625
0.036127167630057806,0.625
0.036153289949385395,0.625
0.0361794500723589,0.625
0.036205648081100654,0.625
0.036231884057971016,0.625
0.03625815808556925,0.625
0.036284470246734396,0.625
0.03631082062454612,0.625
0.036337209302325583,0.625
0.03636363636363636,0.625
0.036390101892285295,0.625
0.03641660597232338,0.625
0.03644314868804665,0.625
0.03646973012399708,0.625
0.0364963503649635,0.625
0.036523009495982466,0.625
0.03654970760233918,0.625
0.036576444769568395,0.625
0.036603221083455345,0.625
0.03663003663003663,0.625
0.036656891495601175,0.625
0.036683785766691124,0.625
0.03671071953010279,0.625
0.036737692872887584,0.625
0.03676470588235294,0.625
0.03679175864606328,0.625
0.036818851251840944,0.625
0.036845983787767135,0.625
0.03687315634218289,0.625
0.03690036900369004,0.625
0.03692762186115214,0.625
0.03695491500369549,0.625
0.03698224852071006,0.625
0.037009622501850484,0.625
0.0362962962962963,0.6125
0.0363232023721275,0.6125
0.03635014836795252,0.6125
0.03637713437268003,0.6125
0.036404160475482915,0.6125
0.036431226765799254,0.6125
0.036458333333333336,0.6125
0.03648548026805659,0.6125
0.03651266766020864,0.6125
0.036539895600298286,0.6125
0.03656716417910448,0.6125
0.03659447348767737,0.6125
0.03662182361733931,0.6125
0.03664921465968586,0.6125
0.036676646706586824,0.6125
0.03670411985018727,0.6125
0.03673163418290855,0.6125
0.03675918979744936,0.6125
0.03678678678678678,0.6125
0.03681442524417731,0.6125
0.03684210526315789,0.6125
0.03686982693754703,0.6125
0.036897590361445784,0.6125
0.03692539562923888,0.6125
0.03695324283559578,0.6125
0.0369811320754717,0.6125
0.03700906344410876,0.6125
0.037037037037037035,0.6125
0.037065052950075644,0.6125
0.03709311127933384,0.6125
0.037121212121212124,0.6125
0.037149355572403335,0.6125
0.03717754172989378,0.6125
0.03720577069096431,0.6125
0.03723404255319149,0.6125
0.037262357414448666,0.6125
0.03729071537290715,0.6125
0.037319116527037316,0.6125
0.037347560975609755,0.6125
0.03737604881769641,0.6125
0.03740458015267176,0.6125
0.0374331550802139,0.6125
0.03746177370030581,0.6125
0.03749043611323642,0.6125
0.03751914241960184,0.6125
0.037547892720306515,0.6125
0.037576687116564415,0.6125
0.03760552570990023,0.6125
0.03763440860215054,0.6125
0.03766333589546503,0.6125
0.03769230769230769,0.6125
0.03695150115473441,0.6
0.03697996918335902,0.6
0.03700848111025443,0.6
0.037037037037037035,0.6
0.037065637065637064,0.6
0.03709428129829984,0.6
0.037122969837587005,0.6
0.03715170278637771,0.6
0.037180480247869865,0.6
0.037209302325581395,0.6
0.037238169123351435,0.6
0.037267080745341616,0.6
0.037296037296037296,0.6
0.03732503888024884,0.6
0.03735408560311284,0.6
0.037383177570093455,0.6
0.037412314886983634,0.6
0.0374414976599064,0.6
0.03747072599531616,0.6
0.0375,0.6
0.03752931978107897,0.6
0.03755868544600939,0.6
0.037588097102584185,0.6
0.03761755485893417,0.6
0.03764705882352941,0.6
0.03767660910518053,0.6
0.037706205813040065,0.6
0.03773584905660377,0.6
0.03776553894571204,0.6
0.03700787401574803,0.5875
0.037037037037037035,0.5875
0.03706624605678233,0.5875
0.037095501183898975,0.5875
0.03712480252764613,0.5875
0.03715415019762846,0.5875
0.03639240506329114,0.575
0.03642121931908155,0.575
0.03645007923930269,0.575
0.03647898493259318,0.575
0.03650793650793651,0.575
0.03653693407466243,0.575
0.03577106518282989,0.5625
0.03579952267303103,0.5625
0.035828025477707005,0.5625
0.035856573705179286,0.5625
0.03588516746411483,0.5625
0.035913806863527534,0.5625
0.035942492012779555,0.5625
0.03597122302158273,0.5625
0.036,0.5625
0.036028823058446756,0.5625
0.036057692307692304,0.5625
0.03608660785886127,0.5625
0.036115569823434994,0.5625
0.035341365461847386,0.55
0.03536977491961415,0.55
0.035398230088495575,0.55
0.03542673107890499,0.55
0.035455278001611606,0.55
0.035483870967741936,0.55
0.03551251008878128,0.55
0.035541195476575124,0.55
0.03556992724333064,0.55
0.03559870550161812,0.55
0.03562753036437247,0.55
0.03484602917341977,0.5375
0.034874290348742905,0.5375
0.0349025974025974,0.5375
0.034930950446791224,0.5375
0.034959349593495934,0.5375
0.03498779495524817,0.5375
0.03501628664495114,0.5375
0.03504482477587612,0.5375
0.03507340946166395,0.5375
0.03510204081632653,0.5375
0.035130718954248366,0.5375
0.03515944399018806,0.5375
0.03518821603927987,0.5375
0.03521703521703522,0.5375
0.03524590163934426,0.5375
0.03527481542247744,0.5375
0.035303776683087026,0.5375
0.03533278553820871,0.5375
0.03536184210526316,0.5375
0.03539094650205761,0.5375
0.03542009884678748,0.5375
0.03544929925803792,0.5375
0.03547854785478548,0.5375
0.03550784475639967,0.5375
0.03553719008264463,0.5375
0.03556658395368073,0.5375
0.03559602649006623,0.5375
0.035625517812758904,0.5375
0.03565505804311774,0.5375
0.03568464730290456,0.5375
0.03571428571428571,0.5375
0.03574397339983375,0.5375
0.03577371048252912,0.5375
0.035803497085761866,0.5375
0.035833333333333335,0.5375
0.03586321934945788,0.5375
0.03589315525876461,0.5375
0.03592314118629908,0.5375
0.03595317725752508,0.5375
0.03598326359832636,0.5375
0.036013400335008376,0.5375
0.03604358759430008,0.5375
0.03607382550335571,0.5375
0.03610411418975651,0.5375
0.03613445378151261,0.5375
0.03616484440706476,0.5375
0.0361952861952862,0.5375
0.03622577927548441,0.5375
0.03625632377740304,0.5375
0.036286919831223625,0.5375
0.036317567567567564,0.5375
0.03634826711749789,0.5375
0.03637901861252115,0.5375
0.03640982218458933,0.5375
0.036440677966101696,0.5375
0.0364715860899067,0.5375
0.0365025466893039,0.5375
0.03653355989804588,0.5375
0.036564625850340135,0.5375
0.03659574468085106,0.5375
0.036626916524701875,0.5375
0.03665814151747655,0.5375
0.03668941979522184,0.5375
0.036720751494449186,0.5375
0.03675213675213675,0.5375
0.036783575705731396,0.5375
0.036815068493150686,0.5375
0.03684661525278492,0.5375
0.03687821612349914,0.5375
0.03690987124463519,0.5375
0.036941580756013746,0.5375
0.03697334479793637,0.5375
0.03700516351118761,0.5375
0.037037037037037035,0.5375
0.03706896551724138,0.5375
0.03710094909404659,0.5375
0.037132987910189985,0.5375
0.037165082108902334,0.5375
0.037197231833910036,0.5375
0.03722943722943723,0.5375
0.03726169844020797,0.5375
0.0372940156114484,0.5375
0.03732638888888889,0.5375
0.03735881841876629,0.5375
0.03739130434782609,0.5375
0.03742384682332463,0.5375
0.037456445993031356,0.5375
0.037489102005231034,0.5375
0.037521815008726006,0.5375
0.03755458515283843,0.5375
0.037587412587412584,0.5375
0.03762029746281715,0.5375
0.03765323992994746,0.5375
0.03768624014022787,0.5375
0.037719298245614034,0.5375
0.03775241439859526,0.5375
0.037785588752196834,0.5375
0.03781882145998241,0.5375
0.037852112676056336,0.5375
0.03788546255506608,0.5375
0.03791887125220458,0.5375
0.03795233892321271,0.5375
0.037985865724381625,0.5375
0.03801945181255526,0.5375
0.03805309734513274,0.5375
0.03808680248007086,0.5375
0.038120567375886524,0.5375
0.038154392191659274,0.5375
0.03818827708703375,0.5375
0.03822222222222222,0.5375
0.03825622775800712,0.5375
0.03829029385574354,0.5375
0.03832442067736185,0.5375
0.0383586083853702,0.5375
0.038392857142857145,0.5375
0.03842716711349419,0.5375
0.038461538461538464,0.5375
0.03849597135183527,0.5375
0.03853046594982079,0.5375
0.03856502242152467,0.5375
0.03859964093357271,0.5375
0.03863432165318958,0.5375
0.03866906474820144,0.5375
0.0387038703870387,0.5375
0.03873873873873874,0.5375
0.0387736699729486,0.5375
0.0388086642599278,0.5375
0.037940379403794036,0.525
0.0379746835443038,0.525
0.03800904977375565,0.525
0.03804347826086957,0.525
0.038077969174977334,0.525
0.038112522686025406,0.525
0.03814713896457766,0.525
0.038181818181818185,0.525
0.03821656050955414,0.525
0.03825136612021858,0.525
0.03828623518687329,0.525
0.03832116788321168,0.525
0.038356164383561646,0.525
0.037477148080438755,0.5125
0.03751143641354071,0.5125
0.037545787545787544,0.5125
0.03758020164986251,0.5125
0.03761467889908257,0.5125
0.03764921946740129,0.5125
0.03768382352941176,0.5125
0.03771849126034959,0.5125
0.037753222836095765,0.5125
0.03778801843317972,0.5125
0.03782287822878229,0.5125
0.03785780240073869,0.5125
0.03789279112754159,0.5125
0.037927844588344126,0.5125
0.03796296296296296,0.5125
0.037998146431881374,0.5125
0.038033395176252316,0.5125
0.03806870937790158,0.5125
0.03810408921933085,0.5125
0.03813953488372093,0.5125
0.038175046554934824,0.5125
0.03821062441752097,0.5125
0.03824626865671642,0.5125
0.03828197945845005,0.5125
0.038317757009345796,0.5125
0.03835360149672591,0.5125
0.03838951310861423,0.5125
0.038425492033739454,0.5125
0.038461538461538464,0.5125
0.038497652582159626,0.5125
0.03853383458646616,0.5125
0.03857008466603951,0.5125
0.038606403013182675,0.5125
0.03864278982092366,0.5125
0.038679245283018866,0.5125
0.03871576959395656,0.5125
0.038752362948960305,0.5125
0.03878902554399243,0.5125
0.038825757575757576,0.5125
0.03886255924170616,0.5125
0.03889943074003795,0.5125
0.03798670465337132,0.5
0.03802281368821293,0.5
0.038058991436726926,0.5
0.0380952380952381,0.5
0.03813155386081983,0.5
0.03816793893129771,0.5
0.038204393505253106,0.5
0.03824091778202677,0.5
0.03827751196172249,0.5
0.038314176245210725,0.5
0.038350910834132314,0.5
0.03838771593090211,0.5
0.03842459173871278,0.5
0.038461538461538464,0.5
0.03849855630413859,0.5
0.038535645472061654,0.5
0.03857280617164899,0.5
0.03861003861003861,0.5
0.03864734299516908,0.5
0.03868471953578337,0.5
0.03872216844143272,0.5
0.03875968992248062,0.5
0.038797284190106696,0.5
0.038834951456310676,0.5
0.038872691933916424,0.5
0.038910505836575876,0.5
0.03894839337877313,0.5
0.03898635477582846,0.5
0.03902439024390244,0.5
0.0390625,0.5
0.039100684261974585,0.5
0.03913894324853229,0.5
0.039177277179236046,0.5
0.0392156862745098,0.5
0.03925417075564279,0.5
0.03929273084479371,0.5
0.03933136676499508,0.5
0.03937007874015748,0.5
0.03940886699507389,0.5
0.03944773175542406,0.5
0.039486673247778874,0.5
0.039525691699604744,0.5
0.03956478733926805,0.5
0.03861386138613861,0.4875
0.03865213082259663,0.4875
0.03869047619047619,0.4875
0.038728897715988087,0.4875
0.03876739562624255,0.4875
0.03880597014925373,0.4875
0.03884462151394422,0.4875
0.038883349950149554,0.4875
0.038922155688622756,0.4875
0.03896103896103896,0.4875
0.039,0.4875
0.03903903903903904,0.4875
0.03907815631262525,0.4875
0.03911735205616851,0.4875
0.0391566265060241,0.4875
0.03919597989949749,0.4875
0.039235412474849095,0.4875
0.03927492447129909,0.4875
0.03931451612903226,0.4875
0.039354187689202826,0.4875
0.03939393939393939,0.4875
0.03943377148634985,0.4875
0.039473684210526314,0.4875
0.03951367781155015,0.4875
0.03955375253549696,0.4875
0.03959390862944162,0.4875
0.039634146341463415,0.4875
0.03967446592065107,0.4875
0.03971486761710794,0.4875
0.039755351681957186,0.4875
0.03979591836734694,0.4875
0.03983656792645557,0.4875
0.03987730061349693,0.4875
0.03991811668372569,0.4875
0.039959016393442626,0.4875
0.04,0.4875
0.04004106776180698,0.4875
0.040082219938335044,0.4875
0.040123456790123455,0.4875
0.04016477857878476,0.4875
0.03917525773195876,0.475
0.0392156862745098,0.475
0.03925619834710744,0.475
0.03929679420889348,0.475
0.039337474120082816,0.475
0.039378238341968914,0.475
0.03941908713692946,0.475
0.03946002076843198,0.475
0.0395010395010395,0.475
0.03954214360041623,0.475
0.03958333333333333,0.475
0.03962460896767466,0.475
0.03966597077244259,0.475
0.03970741901776385,0.475
0.0397489539748954,0.475
0.039790575916230364,0.475
0.039832285115303984,0.475
0.03987408184679958,0.475
0.03991596638655462,0.475
0.03995793901156677,0.475
0.04,0.475
0.040042149631190724,0.475
0.04008438818565401,0.475
0.04012671594508976,0.475
0.040169133192389,0.475
0.04021164021164021,0.475
0.04025423728813559,0.475
0.04029692470837752,0.475
0.040339702760084924,0.475
0.040382571732199786,0.475
0.04042553191489362,0.475
0.04046858359957402,0.475
0.04051172707889126,0.475
0.04055496264674493,0.475
0.0405982905982906,0.475
0.040641711229946524,0.475
0.04068522483940043,0.475
0.04072883172561629,0.475
0.0407725321888412,0.475
0.04081632653061224,0.475
0.04086021505376344,0.475
0.04090419806243272,0.475
0.040948275862068964,0.475
0.040992448759439054,0.475
0.04103671706263499,0.475
0.04108108108108108,0.475
0.04112554112554113,0.475
0.041170097508125676,0.475
0.04121475054229935,0.475
0.04125950054288816,0.475
0.041304347826086954,0.475
0.041349292709466814,0.475
0.04139433551198257,0.475
0.04143947655398037,0.475
0.04148471615720524,0.475
0.041530054644808745,0.475
0.04157549234135667,0.475
0.0416210295728368,0.475
0.041666666666666664,0.475
0.04171240395170143,0.475
0.041758241758241756,0.475
0.041804180418041806,0.475
0.04185022026431718,0.475
0.04189636163175303,0.475
0.04194260485651214,0.475
0.041988950276243095,0.475
0.0420353982300885,0.475
0.042081949058693245,0.475
0.04212860310421286,0.475
0.042175360710321866,0.475
0.042222222222222223,0.475
0.041156840934371525,0.4625
0.04120267260579064,0.4625
0.04124860646599777,0.4625
0.041294642857142856,0.4625
0.041340782122905026,0.4625
0.04138702460850112,0.4625
0.04143337066069429,0.4625
0.04147982062780269,0.4625
0.04152637485970819,0.4625
0.04157303370786517,0.4625
0.04161979752530934,0.4625
0.041666666666666664,0.4625
0.04171364148816235,0.4625
0.0417607223476298,0.4625
0.04180790960451977,0.4625
0.0418552036199095,0.4625
0.04190260475651189,0.4625
0.04195011337868481,0.4625
0.04199772985244041,0.4625
0.042045454545454546,0.4625
0.04209328782707622,0.4625
0.04214123006833713,0.4625
0.04104903078677309,0.45
0.0410958904109589,0.45
0.04,0.4375
0.04004576659038902,0.4375
0.04009163802978236,0.4375
0.040137614678899085,0.4375
0.040183696900114814,0.4375
0.040229885057471264,0.4375
0.04027617951668585,0.4375
0.04032258064516129,0.4375
0.040369088811995385,0.4375
0.04041570438799076,0.4375
0.04046242774566474,0.4375
0.04050925925925926,0.4375
0.04055619930475087,0.4375
0.04060324825986079,0.4375
0.04065040650406504,0.4375
0.040697674418604654,0.4375
0.04074505238649592,0.4375
0.04079254079254079,0.4375
0.040840140023337225,0.4375
0.04088785046728972,0.4375
0.04093567251461988,0.4375
0.040983606557377046,0.4375
0.041031652989449004,0.4375
0.04107981220657277,0.4375
0.041128084606345476,0.4375
0.041176470588235294,0.4375
0.04122497055359246,0.4375
0.041273584905660375,0.4375
0.04132231404958678,0.4375
0.041371158392434985,0.4375
0.04142011834319527,0.4375
0.041469194312796206,0.4375
0.04151838671411625,0.4375
0.04156769596199525,0.4375
0.041617122473246136,0.4375
0.04047619047619048,0.425
0.04052443384982122,0.425
0.0405727923627685,0.425
0.04062126642771804,0.425
0.04066985645933014,0.425
0.0407185628742515,0.425
0.0407673860911271,0.425
0.04081632653061224,0.425
0.040865384615384616,0.425
0.039711191335740074,0.4125
0.03975903614457831,0.4125
0.039806996381182146,0.4125
0.03985507246376811,0.4125
0.03990326481257558,0.4125
0.039951573849878935,0.4125
0.04,0.4125
0.04004854368932039,0.4125
0.040097205346294046,0.4125
0.040145985401459854,0.4125
0.040194884287454324,0.4125
0.04024390243902439,0.4125
0.040293040293040296,0.4125
0.040342298288508556,0.4125
0.04039167686658507,0.4125
0.04044117647058824,0.4125
0.04049079754601227,0.4125
0.03931203931203931,0.4
0.03936039360393604,0.4
0.03940886699507389,0.4
0.03945745992601726,0.4
0.03950617283950617,0.4
0.03955500618046971,0.4
0.039603960396039604,0.4
0.03965303593556382,0.4
0.03970223325062035,0.4
0.03975155279503106,0.4
0.03980099502487562,0.4
0.039850560398505604,0.4
0.0399002493765586,0.4
0.039950062421972535,0.4
0.04,0.4
0.04005006257822278,0.4
0.040100250626566414,0.4
0.04015056461731493,0.4
0.038944723618090454,0.3875
0.0389937106918239,0.3875
0.03904282115869018,0.3875
0.03909205548549811,0.3875
0.039141414141414144,0.3875
0.039190897597977246,0.3875
0.039240506329113925,0.3875
0.03929024081115336,0.3875
0.03934010152284264,0.3875
0.03939008894536213,0.3875
0.039440203562340966,0.3875
0.03949044585987261,0.3875
0.039540816326530615,0.3875
0.03959131545338442,0.3875
0.03964194373401535,0.3875
0.03969270166453265,0.3875
0.03974358974358974,0.3875
0.03979460847240052,0.3875
0.03984575835475578,0.3875
0.039897039897039896,0.3875
0.03994845360824742,0.3875
0.04,0.3875
0.040051679586563305,0.3875
0.040103492884864166,0.3875
0.04015544041450777,0.3875
0.040207522697795074,0.3875
0.04025974025974026,0.3875
0.04031209362808843,0.3875
0.040364583333333336,0.3875
0.04041720990873533,0.3875
0.04046997389033943,0.3875
0.040522875816993466,0.3875
0.04057591623036649,0.3875
0.04062909567496723,0.3875
0.04068241469816273,0.3875
0.040735873850197106,0.3875
0.04078947368421053,0.3875
0.04084321475625823,0.3875
0.040897097625329816,0.3875
0.04095112285336856,0.3875
0.041005291005291,0.3875
0.04105960264900662,0.3875
0.04111405835543767,0.3875
0.041168658698539175,0.3875
0.041223404255319146,0.3875
0.041278295605858856,0.3875
0.04133333333333333,0.3875
0.04138851802403204,0.3875
0.04144385026737968,0.3875
0.041499330655957165,0.3875
0.04155495978552279,0.3875
0.04161073825503356,0.3875
0.041666666666666664,0.3875
0.04172274562584118,0.3875
0.04177897574123989,0.3875
0.04183535762483131,0.3875
0.041891891891891894,0.3875
0.04194857916102842,0.3875
0.04200542005420054,0.3875
0.04206241519674356,0.3875
0.042119565217391304,0.3875
0.04217687074829932,0.3875
0.04223433242506812,0.3875
0.04229195088676671,0.3875
0.04234972677595628,0.3875
0.04240766073871409,0.3875
0.04246575342465753,0.3875
0.04252400548696845,0.3875
0.042582417582417584,0.3875
0.04264099037138927,0.3875
0.04269972451790634,0.3875
0.04275862068965517,0.3875
0.04281767955801105,0.3875
0.04149377593360996,0.375
0.04155124653739612,0.375
0.04160887656033287,0.375
0.041666666666666664,0.375
0.04172461752433936,0.375
0.04178272980501393,0.375
0.04184100418410042,0.375
0.04189944134078212,0.375
0.04195804195804196,0.375
0.04201680672268908,0.375
0.04207573632538569,0.375
0.042134831460674156,0.375
0.04219409282700422,0.375
0.04225352112676056,0.375
0.04231311706629055,0.375
0.0423728813559322,0.375
0.042432814710042434,0.375
0.042492917847025496,0.375
0.0425531914893617,0.375
0.04261363636363636,0.375
0.04267425320056899,0.375
0.042735042735042736,0.375
0.042796005706134094,0.375
0.04285714285714286,0.375
0.04148783977110158,0.3625
0.04011461318051576,0.35
0.040172166427546625,0.35
0.040229885057471264,0.35
0.04028776978417266,0.35
0.040345821325648415,0.35
0.04040404040404041,0.35
0.04046242774566474,0.35
0.04052098408104197,0.35
0.04057971014492753,0.35
0.040638606676342524,0.35
0.040697674418604654,0.35
0.040756914119359534,0.35
0.04081632653061224,0.35
0.040875912408759124,0.35
0.04093567251461988,0.35
0.040995607613469986,0.35
0.04105571847507331,0.35
0.039647577092511016,0.3375
0.039705882352941174,0.3375
0.039764359351988215,0.3375
0.03982300884955752,0.3375
0.03988183161004431,0.3375
0.03994082840236687,0.3375
0.04,0.3375
0.040059347181008904,0.3375
0.04011887072808321,0.3375
0.04017857142857143,0.3375
0.040238450074515646,0.3375
0.04029850746268657,0.3375
0.04035874439461883,0.3375
0.040419161676646706,0.3375
0.04047976011994003,0.3375
0.04054054054054054,0.3375
0.0406015037593985,0.3375
0.04066265060240964,0.3375
0.04072398190045249,0.3375
0.04078549848942598,0.3375
0.04084720121028744,0.3375
0.04090909090909091,0.3375
0.0409711684370258,0.3375
0.041033434650455926,0.3375
0.0395738203957382,0.325
0.039634146341463415,0.325
0.03969465648854962,0.325
0.039755351681957186,0.325
0.039816232771822356,0.325
0.03987730061349693,0.325
0.039938556067588324,0.325
0.04,0.325
0.040061633281972264,0.325
0.040123456790123455,0.325
0.0401854714064915,0.325
0.04024767801857585,0.325
0.040310077519379844,0.325
0.040372670807453416,0.325
0.04043545878693624,0.325
0.040498442367601244,0.325
0.0405616224648986,0.325
0.040625,0.325
0.0406885758998435,0.325
0.04075235109717868,0.325
0.04081632653061224,0.325
0.040880503144654086,0.325
0.04094488188976378,0.325
0.04100946372239748,0.325
0.04107424960505529,0.325
0.04113924050632911,0.325
0.04120443740095087,0.325
0.04126984126984127,0.325
0.04133545310015898,0.325
0.041401273885350316,0.325
0.04146730462519936,0.325
0.04153354632587859,0.325
0.0416,0.325
0.041666666666666664,0.325
0.04173354735152488,0.325
0.04180064308681672,0.325
0.04186795491143317,0.325
0.041935483870967745,0.325
0.04038772213247173,0.3125
0.038834951456310676,0.3
0.03889789303079417,0.3
0.03896103896103896,0.3
0.03739837398373984,0.2875
0.03745928338762215,0.2875
0.037520391517128875,0.2875
0.03758169934640523,0.2875
0.03764320785597381,0.2875
0.03770491803278689,0.2875
0.03776683087027915,0.2875
0.03782894736842105,0.2875
0.03789126853377265,0.2875
0.037953795379537955,0.2875
0.03801652892561983,0.2875
0.0380794701986755,0.2875
0.03814262023217247,0.2875
0.03820598006644518,0.2875
0.03826955074875208,0.2875
0.03833333333333333,0.2875
0.038397328881469114,0.2875
0.038461538461538464,0.2875
0.038525963149078725,0.2875
0.03859060402684564,0.2875
0.03865546218487395,0.2875
0.03872053872053872,0.2875
0.0387858347386172,0.2875
0.03885135135135135,0.2875
0.038917089678511,0.2875
0.03898305084745763,0.2875
0.03904923599320883,0.2875
0.0391156462585034,0.2875
0.039182282793867124,0.2875
0.03924914675767918,0.2875
0.039316239316239315,0.2875
0.039383561643835614,0.2875
0.03945111492281304,0.2875
0.03951890034364261,0.2875
0.039586919104991396,0.2875
0.039655172413793106,0.2875
0.039723661485319514,0.2875
0.039792387543252594,0.2875
0.03986135181975736,0.2875
0.03993055555555555,0.2875
0.04,0.2875
0.04006968641114982,0.2875
0.04013961605584642,0.2875
0.04020979020979021,0.2875
0.040280210157618214,0.2875
0.04035087719298246,0.2875
0.040421792618629174,0.2875
0.040492957746478875,0.2875
0.04056437389770723,0.2875
0.04063604240282685,0.2875
0.04070796460176991,0.2875
0.040780141843971635,0.2875
0.04085257548845471,0.2875
0.04092526690391459,0.2875
0.040998217468805706,0.2875
0.04107142857142857,0.2875
0.04114490161001789,0.2875
0.04121863799283154,0.2875
0.04129263913824058,0.2875
0.04136690647482014,0.2875
0.04144144144144144,0.2875
0.04151624548736462,0.2875
0.04159132007233273,0.2875
0.041666666666666664,0.2875
0.041742286751361164,0.2875
0.04181818181818182,0.2875
0.04189435336976321,0.2875
0.041970802919708027,0.2875
0.04204753199268738,0.2875
0.04212454212454213,0.2875
0.04220183486238532,0.2875
0.042279411764705885,0.2875
0.0423572744014733,0.2875
0.042435424354243544,0.2875
0.04251386321626617,0.2875
0.04259259259259259,0.2875
0.04267161410018553,0.2875
0.04275092936802974,0.2875
0.04283054003724395,0.2875
0.04291044776119403,0.2875
0.041121495327102804,0.275
0.04119850187265917,0.275
0.04127579737335835,0.275
0.041353383458646614,0.275
0.04143126177024482,0.275
0.04150943396226415,0.275
0.04158790170132325,0.275
0.03977272727272727,0.2625
0.03984819734345351,0.2625
0.039923954372623575,0.2625
0.04,0.2625
0.04007633587786259,0.2625
0.040152963671128104,0.2625
0.040229885057471264,0.2625
0.04030710172744722,0.2625
0.04038461538461539,0.2625
0.038535645472061654,0.25
0.03861003861003861,0.25
0.03868471953578337,0.25
0.03875968992248062,0.25
0.038834951456310676,0.25
0.038910505836575876,0.25
0.03898635477582846,0.25
0.0390625,0.25
0.03913894324853229,0.25
0.0392156862745098,0.25
0.03929273084479371,0.25
0.03937007874015748,0.25
0.03944773175542406,0.25
0.039525691699604744,0.25
0.039603960396039604,0.25
0.03968253968253968,0.25
0.039761431411530816,0.25
0.0398406374501992,0.25
0.03992015968063872,0.25
0.04,0.25
0.04008016032064128,0.25
0.040160642570281124,0.25
0.04024144869215292,0.25
0.04032258064516129,0.25
0.04040404040404041,0.25
0.04048582995951417,0.25
0.04056795131845842,0.25
0.04065040650406504,0.25
0.04073319755600815,0.25
0.04081632653061224,0.25
0.0408997955010225,0.25
0.040983606557377046,0.25
0.04106776180698152,0.25
0.0411522633744856,0.25
0.041237113402061855,0.25
0.04132231404958678,0.25
0.041407867494824016,0.25
0.04149377593360996,0.25
0.04158004158004158,0.25
0.041666666666666664,0.25
0.04175365344467641,0.25
0.04184100418410042,0.25
0.041928721174004195,0.25
0.04201680672268908,0.25
0.042105263157894736,0.25
0.04219409282700422,0.25
0.042283298097251586,0.25
0.0423728813559322,0.25
0.04246284501061571,0.25
0.0425531914893617,0.25
0.042643923240938165,0.25
0.042735042735042736,0.25
0.042826552462526764,0.25
0.04291845493562232,0.25
0.043010752688172046,0.25
0.04310344827586207,0.25
0.04319654427645788,0.25
0.04329004329004329,0.25
0.04338394793926247,0.25
0.043478260869565216,0.25
0.04357298474945534,0.25
0.043668122270742356,0.25
0.0437636761487965,0.25
0.043859649122807015,0.25
0.04395604395604396,0.25
0.04405286343612335,0.25
0.04415011037527594,0.25
0.04424778761061947,0.25
0.04434589800443459,0.25
0.044444444444444446,0.25
0.044543429844097995,0.25
0.044642857142857144,0.25
0.0447427293064877,0.25
0.04484304932735426,0.25
0.0449438202247191,0.25
0.04504504504504504,0.25
0.045146726862302484,0.25
0.04524886877828054,0.25
0.045351473922902494,0.25
0.045454545454545456,0.25
0.04555808656036447,0.25
0.045662100456621,0.25
0.04576659038901602,0.25
0.045871559633027525,0.25
0.04597701149425287,0.25
0.04608294930875576,0.25
0.046189376443418015,0.25
0.046296296296296294,0.25
0.04640371229698376,0.25
0.046511627906976744,0.25
0.046620046620046623,0.25
0.04672897196261682,0.25
0.0468384074941452,0.25
0.046948356807511735,0.25
0.047058823529411764,0.25
0.04716981132075472,0.25
0.04728132387706856,0.25
0.04739336492890995,0.25
0.047505938242280284,0.25
0.047619047619047616,0.25
0.0477326968973747,0.25
0.04784688995215311,0.25
0.047961630695443645,0.25
0.04807692307692308,0.25
0.04819277108433735,0.25
0.04830917874396135,0.25
0.048426150121065374,0.25
0.04854368932038835,0.25
0.04866180048661801,0.25
0.04878048780487805,0.25
0.0488997555012225,0.25
0.049019607843137254,0.25
0.04914004914004914,0.25
0.046798029556650245,0.2375
0.04691358024691358,0.2375
0.04702970297029703,0.2375
0.04714640198511166,0.2375
0.0472636815920398,0.2375
0.04738154613466334,0.2375
0.0475,0.2375
0.047619047619047616,0.2375
0.04773869346733668,0.2375
0.04785894206549118,0.2375
0.047979797979797977,0.2375
0.04810126582278481,0.2375
0.048223350253807105,0.2375
0.04834605597964377,0.2375
0.04846938775510204,0.2375
0.04859335038363171,0.2375
0.04871794871794872,0.2375
0.04884318766066838,0.2375
0.04896907216494845,0.2375
0.04909560723514212,0.2375
0.04922279792746114,0.2375
0.04935064935064935,0.2375
0.049479166666666664,0.2375
0.04960835509138381,0.2375
0.049738219895287955,0.2375
0.049868766404199474,0.2375
0.05,0.2375
0.05013192612137203,0.2375
0.05026455026455026,0.2375
0.050397877984084884,0.2375
0.05053191489361702,0.2375
0.050666666666666665,0.2375
0.05080213903743316,0.2375
0.05093833780160858,0.2375
0.051075268817204304,0.2375
0.05121293800539083,0.2375
0.051351351351351354,0.2375
0.04878048780487805,0.225
0.04891304347826087,0.225
0.04904632152588556,0.225
0.04918032786885246,0.225
0.049315068493150684,0.225
0.04945054945054945,0.225
0.049586776859504134,0.225
0.049723756906077346,0.225
0.04986149584487535,0.225
0.05,0.225
0.05013927576601671,0.225
0.05027932960893855,0.225
0.05042016806722689,0.225
0.05056179775280899,0.225
0.05070422535211268,0.225
0.0480225988700565,0.2125
0.04815864022662889,0.2125
0.048295454545454544,0.2125
0.04843304843304843,0.2125
0.04857142857142857,0.2125
0.04871060171919771,0.2125
0.04885057471264368,0.2125
0.04899135446685879,0.2125
0.049132947976878616,0.2125
0.04927536231884058,0.2125
0.046511627906976744,0.2
0.043731778425655975,0.1875
0.043859649122807015,0.1875
0.04398826979472141,0.1875
0.04411764705882353,0.1875
0.04424778761061947,0.1875
0.04437869822485207,0.1875
0.04451038575667656,0.1875
0.044642857142857144,0.1875
0.04477611940298507,0.1875
0.04491017964071856,0.1875
0.04504504504504504,0.1875
0.045180722891566265,0.1875
0.045317220543806644,0.1875
0.045454545454545456,0.1875
0.04559270516717325,0.1875
0.04573170731707317,0.1875
0.045871559633027525,0.1875
0.046012269938650305,0.1875
0.046153846153846156,0.1875
0.046296296296296294,0.1875
0.04643962848297214,0.1875
0.046583850931677016,0.1875
0.04672897196261682,0.1875
0.046875,0.1875
0.047021943573667714,0.1875
0.04716981132075472,0.1875
0.0473186119873817,0.1875
0.04746835443037975,0.1875
0.047619047619047616,0.1875
0.04777070063694268,0.1875
0.04792332268370607,0.1875
0.04807692307692308,0.1875
0.04823151125401929,0.1875
0.04838709677419355,0.1875
0.045307443365695796,0.175
0.045454545454545456,0.175
0.04560260586319218,0.175
0.0457516339869281,0.175
0.04590163934426229,0.175
0.046052631578947366,0.175
0.0462046204620462,0.175
0.046357615894039736,0.175
0.04318936877076412,0.1625
0.043333333333333335,0.1625
0.043478260869565216,0.1625
0.0436241610738255,0.1625
0.04377104377104377,0.1625
0.04391891891891892,0.1625
0.04406779661016949,0.1625
0.04421768707482993,0.1625
0.04436860068259386,0.1625
0.04452054794520548,0.1625
0.044673539518900345,0.1625
0.04482758620689655,0.1625
0.04498269896193772,0.1625
0.04513888888888889,0.1625
0.04529616724738676,0.1625
0.045454545454545456,0.1625
0.0456140350877193,0.1625
0.045774647887323945,0.1625
0.045936395759717315,0.1625
0.04609929078014184,0.1625
0.046263345195729534,0.1625
0.04642857142857143,0.1625
0.04659498207885305,0.1625
0.046762589928057555,0.1625
0.04693140794223827,0.1625
0.04710144927536232,0.1625
0.04727272727272727,0.1625
0.04744525547445255,0.1625
0.047619047619047616,0.1625
0.04779411764705882,0.1625
0.04797047970479705,0.1625
0.04814814814814815,0.1625
0.048327137546468404,0.1625
0.048507462686567165,0.1625
0.04868913857677903,0.1625
0.04887218045112782,0.1625
0.04905660377358491,0.1625
0.04924242424242424,0.1625
0.049429657794676805,0.1625
0.04961832061068702,0.1625
0.04980842911877394,0.1625
0.05,0.1625
0.05019305019305019,0.1625
0.050387596899224806,0.1625
0.05058365758754864,0.1625
0.05078125,0.1625
0.050980392156862744,0.1625
0.051181102362204724,0.1625
0.05138339920948617,0.1625
0.051587301587301584,0.1625
0.05179282868525897,0.1625
0.052,0.1625
0.05220883534136546,0.1625
0.05241935483870968,0.1625
0.05263157894736842,0.1625
0.052845528455284556,0.1625
0.053061224489795916,0.1625
0.05327868852459016,0.1625
0.053497942386831275,0.1625
0.05371900826446281,0.1625
0.05394190871369295,0.1625
0.05416666666666667,0.1625
0.05439330543933055,0.1625
0.0546218487394958,0.1625
0.05485232067510549,0.1625
0.05508474576271186,0.1625
0.05531914893617021,0.1625
0.05555555555555555,0.1625
0.05150214592274678,0.15
0.05172413793103448,0.15
0.05194805194805195,0.15
0.05217391304347826,0.15
0.05240174672489083,0.15
0.05263157894736842,0.15
0.05286343612334802,0.15
0.05309734513274336,0.15
0.05333333333333334,0.15
0.05357142857142857,0.15
0.053811659192825115,0.15
0.05405405405405406,0.15
0.05429864253393665,0.15
0.05454545454545454,0.15
0.0547945205479452,0.15
0.05504587155963303,0.15
0.055299539170506916,0.15
0.05555555555555555,0.15
0.05581395348837209,0.15
0.056074766355140186,0.15
0.056338028169014086,0.15
0.05660377358490566,0.15
0.05687203791469194,0.15
0.05714285714285714,0.15
0.05741626794258373,0.15
0.057692307692307696,0.15
0.057971014492753624,0.15
0.05825242718446602,0.15
0.05853658536585366,0.15
0.05392156862745098,0.1375
0.054187192118226604,0.1375
0.054455445544554455,0.1375
0.05472636815920398,0.1375
0.055,0.1375
0.05527638190954774,0.1375
0.05555555555555555,0.1375
0.05583756345177665,0.1375
0.05612244897959184,0.1375
0.05641025641025641,0.1375
0.05670103092783505,0.1375
0.05699481865284974,0.1375
0.057291666666666664,0.1375
0.05759162303664921,0.1375
0.05789473684210526,0.1375
0.0582010582010582,0.1375
0.05851063829787234,0.1375
0.058823529411764705,0.1375
0.05913978494623656,0.1375
0.05945945945945946,0.1375
0.059782608695652176,0.1375
0.060109289617486336,0.1375
0.06043956043956044,0.1375
0.06077348066298342,0.1375
0.06111111111111111,0.1375
0.061452513966480445,0.1375
0.06179775280898876,0.1375
0.062146892655367235,0.1375
0.0625,0.1375
0.06285714285714286,0.1375
0.06321839080459771,0.1375
0.057803468208092484,0.125
0.05813953488372093,0.125
0.05847953216374269,0.125
0.058823529411764705,0.125
0.05917159763313609,0.125
0.05952380952380952,0.125
0.059880239520958084,0.125
0.060240963855421686,0.125
0.06060606060606061,0.125
0.06097560975609756,0.125
0.06134969325153374,0.125
0.06172839506172839,0.125
0.062111801242236024,0.125
0.05625,0.1125
0.05660377358490566,0.1125
0.056962025316455694,0.1125
0.05732484076433121,0.1125
0.057692307692307696,0.1125
0.05806451612903226,0.1125
0.05844155844155844,0.1125
0.058823529411764705,0.1125
0.05921052631578947,0.1125
0.052980132450331126,0.1
0.05333333333333334,0.1
0.053691275167785234,0.1
0.05405405405405406,0.1
0.05442176870748299,0.1
0.0547945205479452,0.1
0.04827586206896552,0.0875
0.04861111111111111,0.0875
0.04895104895104895,0.0875
0.04929577464788732,0.0875
0.04964539007092199,0.0875
0.05,0.0875
0.050359712230215826,0.0875
0.050724637681159424,0.0875
0.051094890510948905,0.0875
0.04411764705882353,0.075
0.044444444444444446,0.075
0.04477611940298507,0.075
0.045112781954887216,0.075
0.03787878787878788,0.0625
0.03816793893129771,0.0625
0.038461538461538464,0.0625
0.03875968992248062,0.0625
0.0390625,0.0625
0.03937007874015748,0.0625
0.03968253968253968,0.0625
0.04,0.0625
0.04032258064516129,0.0625
0.04065040650406504,0.0625
0.040983606557377046,0.0625
0.04132231404958678,0.0625
0.041666666666666664,0.0625
0.04201680672268908,0.0625
0.0423728813559322,0.0625
0.03418803418803419,0.05
0.034482758620689655,0.05
0.034782608695652174,0.05
0.03508771929824561,0.05
0.035398230088495575,0.05
0.03571428571428571,0.05
0.036036036036036036,0.05
0.03636363636363636,0.05
0.03669724770642202,0.05
0.037037037037037035,0.05
0.037383177570093455,0.05
0.03773584905660377,0.05
0.0380952380952381,0.05
0.038461538461538464,0.05
0.038834951456310676,0.05
0.0392156862745098,0.05
0.039603960396039604,0.05
0.04,0.05
0.04040404040404041,0.05
0.04081632653061224,0.05
0.041237113402061855,0.05
0.041666666666666664,0.05
0.042105263157894736,0.05
0.0425531914893617,0.05
0.043010752688172046,0.05
0.043478260869565216,0.05
0.04395604395604396,0.05
0.044444444444444446,0.05
0.0449438202247191,0.05
0.045454545454545456,0.05
0.04597701149425287,0.05
0.046511627906976744,0.05
0.047058823529411764,0.05
0.047619047619047616,0.05
0.04819277108433735,0.05
0.04878048780487805,0.05
0.04938271604938271,0.05
0.05,0.05
0.05063291139240506,0.05
0.05128205128205128,0.05
0.05194805194805195,0.05
0.05263157894736842,0.05
0.05333333333333334,0.05
0.05405405405405406,0.05
0.0547945205479452,0.05
0.05555555555555555,0.05
0.056338028169014086,0.05
0.05714285714285714,0.05
0.057971014492753624,0.05
0.058823529411764705,0.05
0.05970149253731343,0.05
0.06060606060606061,0.05
0.06153846153846154,0.05
0.0625,0.05
0.06349206349206349,0.05
0.06451612903225806,0.05
0.06557377049180328,0.05
0.06666666666666667,0.05
0.06779661016949153,0.05
0.06896551724137931,0.05
0.05263157894736842,0.0375
0.05357142857142857,0.0375
0.03636363636363636,0.025
0.037037037037037035,0.025
0.03773584905660377,0.025
0.038461538461538464,0.025
0.0196078431372549,0.0125
0.02,0.0125
0.02040816326530612,0.0125
0.020833333333333332,0.0125
0.02127659574468085,0.0125
0.021739130434782608,0.0125
0.022222222222222223,0.0125
0.022727272727272728,0.0125
0.023255813953488372,0.0125
0.023809523809523808,0.0125
0.024390243902439025,0.0125
0.025,0.0125
0.02564102564102564,0.0125
0.02631578947368421,0.0125
0.02702702702702703,0.0125
0.027777777777777776,0.0125
0.02857142857142857,0.0125
0.029411764705882353,0.0125
0.030303030303030304,0.0125
0.03125,0.0125
0.03225806451612903,0.0125
0.03333333333333333,0.0125
0.034482758620689655,0.0125
0.03571428571428571,0.0125
0.037037037037037035,0.0125
0.038461538461538464,0.0125
0.04,0.0125
0.041666666666666664,0.0125
0.043478260869565216,0.0125
0.045454545454545456,0.0125
0.047619047619047616,0.0125
0.05,0.0125
0.05263157894736842,0.0125
0.05555555555555555,0.0125
0.0,0.0
0.0,0.0
0.0,0.0
0.0,0.0
0.0,0.0
0.0,0.0
0.0,0.0
0.0,0.0
0.0,0.0
0.0,0.0
0.0,0.0
0.0,0.0
0.0,0.0
0.0,0.0
0.0,0.0
0.0,0.0
0.0,0.0
1.0,0.0
