Precision,Recall
0.038040893961008085,1.0
0.03758325404376784,0.9875
0.03712517848643503,0.975
0.037142857142857144,0.975
0.037160552644116246,0.975
0.037178265014299335,0.975
0.03719599427753934,0.975
0.03721374045801527,0.975
0.037231503579952266,0.975
0.03724928366762178,0.975
0.037267080745341616,0.975
0.0372848948374761,0.975
0.03730272596843615,0.975
0.03732057416267943,0.975
0.03733843944471039,0.975
0.03735632183908046,0.975
0.037374221370388115,0.975
0.037392138063279005,0.975
0.03741007194244604,0.975
0.03742802303262956,0.975
0.03744599135861738,0.975
0.037463976945244955,0.975
0.03748197981739548,0.975
0.0375,0.975
0.03751803751803752,0.975
0.03753609239653513,0.975
0.03755416466056813,0.975
0.03757225433526012,0.975
0.037590361445783135,0.975
0.037608486017357765,0.975
0.03762662807525326,0.975
0.037644787644787646,0.975
0.03766296475132786,0.975
0.03768115942028986,0.975
0.037699371677138716,0.975
0.037717601547388784,0.975
0.03773584905660377,0.975
0.0377541142303969,0.975
0.03777239709443099,0.975
0.0377906976744186,0.975
0.03780901599612215,0.975
0.037827352085354024,0.975
0.03784570596797671,0.975
0.037864077669902914,0.975
0.03788246721709568,0.975
0.037900874635568516,0.975
0.037919299951385516,0.975
0.037937743190661476,0.975
0.03795620437956204,0.975
0.0379746835443038,0.975
0.03799318071115441,0.975
0.038011695906432746,0.975
0.03803022915650902,0.975
0.03804878048780488,0.975
0.03806734992679356,0.975
0.0380859375,0.975
0.038104543234000976,0.975
0.03812316715542522,0.975
0.038141809290953545,0.975
0.03816046966731898,0.975
0.0381791483113069,0.975
0.03819784524975514,0.975
0.03821656050955414,0.975
0.03823529411764706,0.975
0.038254046101029913,0.975
0.038272816486751716,0.975
0.03829160530191458,0.975
0.03831041257367387,0.975
0.03832923832923833,0.975
0.038348082595870206,0.975
0.038366945400885394,0.975
0.038385826771653545,0.975
0.03840472673559823,0.975
0.03842364532019704,0.975
0.03844258255298177,0.975
0.038461538461538464,0.975
0.038480513073507645,0.975
0.0384995064165844,0.975
0.03851851851851852,0.975
0.038537549407114624,0.975
0.03855659911023233,0.975
0.03857566765578635,0.975
0.03859475507174666,0.975
0.03861386138613861,0.975
0.03863298662704309,0.975
0.03865213082259663,0.975
0.03867129400099157,0.975
0.03869047619047619,0.975
0.03870967741935484,0.975
0.038728897715988087,0.975
0.038748137108792845,0.975
0.03876739562624255,0.975
0.03880597014925373,0.975
0.03882528621204579,0.975
0.03884462151394422,0.975
0.03886397608370702,0.975
0.038883349950149554,0.975
0.03890274314214464,0.975
0.038922155688622756,0.975
0.038941587618572145,0.975
0.03896103896103896,0.975
0.038980509745127435,0.975
0.039,0.975
0.03901950975487744,0.975
0.03903903903903904,0.975
0.03905858788182273,0.975
0.03907815631262525,0.975
0.039097744360902256,0.975
0.03911735205616851,0.975
0.039136979427997994,0.975
0.0391566265060241,0.975
0.03917629331993973,0.975
0.03919597989949749,0.975
0.0392156862745098,0.975
0.039235412474849095,0.975
0.03925515853044791,0.975
0.03927492447129909,0.975
0.03929471032745592,0.975
0.03931451612903226,0.975
0.039334341906202726,0.975
0.039354187689202826,0.975
0.03937405350832913,0.975
0.03939393939393939,0.975
0.039413845376452754,0.975
0.03943377148634985,0.975
0.03945371775417299,0.975
0.039473684210526314,0.975
0.03949367088607595,0.975
0.03951367781155015,0.975
0.039533705017739486,0.975
0.03955375253549696,0.975
0.0395738203957382,0.975
0.03959390862944162,0.975
0.03961401726764855,0.975
0.039634146341463415,0.975
0.03965429588205389,0.975
0.03967446592065107,0.975
0.03918575063613232,0.9625
0.03920570264765784,0.9625
0.03922567498726439,0.9625
0.03924566768603466,0.9625
0.03926568077511474,0.9625
0.039285714285714285,0.9625
0.039305768249106685,0.9625
0.03932584269662921,0.9625
0.03934593765968319,0.9625
0.03936605316973415,0.9625
0.03938618925831202,0.9625
0.03940634595701126,0.9625
0.03942652329749104,0.9625
0.03944672131147541,0.9625
0.03946694003075346,0.9625
0.03948717948717949,0.9625
0.03950743971267317,0.9625
0.039527720739219716,0.9625
0.03954802259887006,0.9625
0.039568345323741004,0.9625
0.03958868894601542,0.9625
0.03960905349794239,0.9625
0.0391147709727226,0.95
0.03913491246138002,0.95
0.03915507470376095,0.95
0.03917525773195876,0.95
0.039195461578133056,0.95
0.0392156862745098,0.95
0.03923593185338152,0.95
0.03925619834710744,0.95
0.03927648578811369,0.95
0.03929679420889348,0.95
0.03931712364200724,0.95
0.039337474120082816,0.95
0.03935784567581564,0.95
0.039378238341968914,0.95
0.03939865215137377,0.95
0.03941908713692946,0.95
0.03943954333160353,0.95
0.03946002076843198,0.95
0.039480519480519484,0.95
0.0395010395010395,0.95
0.039521580863234526,0.95
0.03954214360041623,0.95
0.03956272774596564,0.95
0.03958333333333333,0.95
0.039603960396039604,0.95
0.03962460896767466,0.95
0.0396452790818988,0.95
0.03966597077244259,0.95
0.03968668407310705,0.95
0.03970741901776385,0.95
0.03972817564035546,0.95
0.0397489539748954,0.95
0.03976975405546834,0.95
0.039790575916230364,0.95
0.03981141959140912,0.95
0.039832285115303984,0.95
0.03985317252228631,0.95
0.03987408184679958,0.95
0.03989501312335958,0.95
0.03991596638655462,0.95
0.039936941671045716,0.95
0.03995793901156677,0.95
0.039978958442924775,0.95
0.04,0.95
0.03949447077409163,0.9375
0.03951527924130664,0.9375
0.03953610964681075,0.9375
0.03955696202531646,0.9375
0.0395778364116095,0.9375
0.0395987328405491,0.9375
0.039619651347068144,0.9375
0.03964059196617336,0.9375
0.03966155473294553,0.9375
0.03968253968253968,0.9375
0.03970354685018528,0.9375
0.03972457627118644,0.9375
0.0397456279809221,0.9375
0.039766702014846236,0.9375
0.03978779840848806,0.9375
0.03980891719745223,0.9375
0.03983005841741901,0.9375
0.039851222104144525,0.9375
0.03987240829346093,0.9375
0.0398936170212766,0.9375
0.03991484832357637,0.9375
0.039936102236421724,0.9375
0.03995737879595099,0.9375
0.03997867803837953,0.9375
0.04,0.9375
0.040021344717182494,0.9375
0.0400427122263748,0.9375
0.04006410256410257,0.9375
0.04008551576696953,0.9375
0.040106951871657755,0.9375
0.04012841091492777,0.9375
0.04014989293361884,0.9375
0.04017139796464917,0.9375
0.04019292604501608,0.9375
0.040214477211796246,0.9375
0.040236051502145924,0.9375
0.040257648953301126,0.9375
0.040279269602577876,0.9375
0.04030091348737238,0.9375
0.04032258064516129,0.9375
0.04034427111350188,0.9375
0.040365984930032295,0.9375
0.04038772213247173,0.9375
0.04040948275862069,0.9375
0.04043126684636118,0.9375
0.040453074433656956,0.9375
0.040474905558553695,0.9375
0.04049676025917927,0.9375
0.04051863857374392,0.9375
0.04054054054054054,0.9375
0.04056246619794483,0.9375
0.04004329004329004,0.925
0.04006497022198159,0.925
0.04008667388949079,0.925
0.04010840108401084,0.925
0.04013015184381779,0.925
0.040151926207270754,0.925
0.04017372421281216,0.925
0.040195545898967955,0.925
0.04021739130434782,0.925
0.04023926046764546,0.925
0.04026115342763874,0.925
0.040283070223189985,0.925
0.04030501089324619,0.925
0.040326975476839236,0.925
0.04034896401308615,0.925
0.040370976541189305,0.925
0.04039301310043668,0.925
0.040415073730202075,0.925
0.040437158469945354,0.925
0.04045926735921269,0.925
0.04048140043763676,0.925
0.04050355774493705,0.925
0.040525739320920046,0.925
0.040547945205479455,0.925
0.04057017543859649,0.925
0.0405924300603401,0.925
0.04061470911086718,0.925
0.040637012630422846,0.925
0.04065934065934066,0.925
0.040131940626717974,0.9125
0.040154015401540157,0.9125
0.040198237885462555,0.9125
0.04022038567493113,0.9125
0.0402425578831312,0.9125
0.04026475455046884,0.9125
0.04028697571743929,0.9125
0.04030922142462728,0.9125
0.04033149171270718,0.9125
0.040353786622443336,0.9125
0.040376106194690266,0.9125
0.040398450470392915,0.9125
0.040420819490586936,0.9125
0.04044321329639889,0.9125
0.040465631929046564,0.9125
0.040488075429839156,0.9125
0.04051054384017758,0.9125
0.04053303720155469,0.9125
0.04055555555555555,0.9125
0.0405780989438577,0.9125
0.040600667408231365,0.9125
0.04006677796327212,0.9
0.0400890868596882,0.9
0.04011142061281337,0.9
0.04013377926421405,0.9
0.040156162855549356,0.9
0.04017857142857143,0.9
0.04020100502512563,0.9
0.04022346368715084,0.9
0.04024594745667971,0.9
0.040268456375838924,0.9
0.04029099048684947,0.9
0.040313549832026875,0.9
0.040336134453781515,0.9
0.04035874439461883,0.9
0.040381379697139654,0.9
0.04040404040404041,0.9
0.04042672655811342,0.9
0.04044943820224719,0.9
0.04047217537942664,0.9
0.04049493813273341,0.9
0.04051772650534609,0.9
0.04054054054054054,0.9
0.04056338028169014,0.9
0.040586245772266064,0.9
0.04060913705583756,0.9
0.040632054176072234,0.9
0.040654997176736304,0.9
0.04067796610169491,0.9
0.04070096099491238,0.9
0.04072398190045249,0.9
0.04074702886247878,0.9
0.04077010192525481,0.9
0.040793201133144476,0.9
0.04081632653061224,0.9
0.04083947816222348,0.9
0.04086265607264472,0.9
0.04088586030664395,0.9
0.04090909090909091,0.9
0.04093234792495736,0.9
0.040955631399317405,0.9
0.040978941377347755,0.9
0.04100227790432802,0.9
0.041025641025641026,0.9
0.04104903078677309,0.9
0.04107244723331432,0.9
0.0410958904109589,0.9
0.041119360365505425,0.9
0.04114285714285714,0.9
0.0411663807890223,0.9
0.041189931350114416,0.9
0.0412135088723526,0.9
0.041237113402061855,0.9
0.04126074498567335,0.9
0.04128440366972477,0.9
0.04130808950086059,0.9
0.04133180252583238,0.9
0.04135554279149914,0.9
0.041379310344827586,0.9
0.041403105232892465,0.9
0.04142692750287687,0.9
0.04145077720207254,0.9
0.041474654377880185,0.9
0.0414985590778098,0.9
0.04152249134948097,0.9
0.0415464512406232,0.9
0.04157043879907621,0.9
0.0415944540727903,0.9
0.04161849710982659,0.9
0.04164256795835743,0.9
0.041666666666666664,0.9
0.04169079328314997,0.9
0.04171494785631518,0.9
0.04173913043478261,0.9
0.04176334106728538,0.9
0.04178757980266976,0.9
0.041811846689895474,0.9
0.041836141778036025,0.9
0.04186046511627907,0.9
0.041884816753926704,0.9
0.04190919674039581,0.9
0.041933605125218404,0.9
0.04195804195804196,0.9
0.04198250728862974,0.9
0.042007001166861145,0.9
0.04203152364273205,0.9
0.04205607476635514,0.9
0.04208065458796026,0.9
0.042105263157894736,0.9
0.042129900526623756,0.9
0.04215456674473068,0.9
0.0421792618629174,0.9
0.04220398593200469,0.9
0.04222873900293255,0.9
0.04225352112676056,0.9
0.042278332354668234,0.9
0.04230317273795535,0.9
0.042328042328042326,0.9
0.042352941176470586,0.9
0.04237786933490288,0.9
0.04240282685512368,0.9
0.04242781378903948,0.9
0.04245283018867924,0.9
0.04247787610619469,0.9
0.04250295159386069,0.9
0.042528056704075605,0.9
0.0425531914893617,0.9
0.04257835600236547,0.9
0.04260355029585799,0.9
0.04262877442273535,0.9
0.04265402843601896,0.9
0.04267931238885596,0.9
0.042704626334519574,0.9
0.042729970326409496,0.9
0.04275534441805225,0.9
0.0427807486631016,0.9
0.04280618311533888,0.9
0.04283164782867341,0.9
0.04285714285714286,0.9
0.04288266825491364,0.9
0.04290822407628129,0.9
0.04293381037567084,0.9
0.04295942720763723,0.9
0.04298507462686567,0.9
0.043010752688172046,0.9
0.04303646144650329,0.9
0.0430622009569378,0.9
0.04308797127468582,0.9
0.04311377245508982,0.9
0.04313960455362492,0.9
0.04316546762589928,0.9
0.04319136172765447,0.9
0.04321728691476591,0.9
0.043243243243243246,0.9
0.04326923076923077,0.9
0.04329524954900782,0.9
0.04332129963898917,0.9
0.04334738109572547,0.9
0.043373493975903614,0.9
0.0433996383363472,0.9
0.04342581423401689,0.9
0.04345202172601086,0.9
0.043478260869565216,0.9
0.04350453172205438,0.9
0.04353083434099154,0.9
0.043557168784029036,0.9
0.043583535108958835,0.9
0.043609933373712904,0.9
0.04363636363636364,0.9
0.043662825955124315,0.9
0.043689320388349516,0.9
0.04371584699453552,0.9
0.04374240583232078,0.9
0.04376899696048632,0.9
0.043795620437956206,0.9
0.04382227632379793,0.9
0.0438489646772229,0.9
0.043875685557586835,0.9
0.04390243902439024,0.9
0.04392922513727883,0.9
0.04395604395604396,0.9
0.04398289554062309,0.9
0.044009779951100246,0.9
0.044036697247706424,0.9
0.044063647490820076,0.9
0.04409063074096754,0.9
0.04411764705882353,0.9
0.04414469650521153,0.9
0.044171779141104296,0.9
0.04419889502762431,0.9
0.044226044226044224,0.9
0.044253226797787336,0.9
0.04428044280442804,0.9
0.044307692307692305,0.9
0.04433497536945813,0.9
0.04436229205175601,0.9
0.04438964241676942,0.9
0.04441702652683529,0.9
0.044444444444444446,0.9
0.044471896232242125,0.9
0.04449938195302843,0.9
0.04452690166975881,0.9
0.04455445544554455,0.9
0.04458204334365325,0.9
0.04460966542750929,0.9
0.044637321760694355,0.9
0.04466501240694789,0.9
0.0446927374301676,0.9
0.04472049689440994,0.9
0.044748290863890615,0.9
0.04477611940298507,0.9
0.044803982576229,0.9
0.0448318804483188,0.9
0.044859813084112146,0.9
0.04488778054862843,0.9
0.044915782907049284,0.9
0.0449438202247191,0.9
0.04497189256714553,0.9
0.045,0.9
0.0450281425891182,0.9
0.04505632040050062,0.9
0.045084533500313086,0.9
0.045112781954887216,0.9
0.045141065830721,0.9
0.0451693851944793,0.9
0.04519774011299435,0.9
0.04522613065326633,0.9
0.04525455688246386,0.9
0.045283018867924525,0.9
0.045311516677155446,0.9
0.04534005037783375,0.9
0.045368620037807186,0.9
0.04539722572509458,0.9
0.045425867507886436,0.9
0.045454545454545456,0.9
0.045483259633607075,0.9
0.045512010113780026,0.9
0.04554079696394687,0.9
0.04556962025316456,0.9
0.045598480050664976,0.9
0.045627376425855515,0.9
0.045656309448319596,0.9
0.04568527918781726,0.9
0.045714285714285714,0.9
0.045743329097839895,0.9
0.04577240940877304,0.9
0.04580152671755725,0.9
0.04583068109484405,0.9
0.045859872611464965,0.9
0.045889101338432124,0.9
0.04591836734693878,0.9
0.04594767070835992,0.9
0.04597701149425287,0.9
0.04600638977635783,0.9
0.04603580562659847,0.9
0.046065259117082535,0.9
0.046094750320102434,0.9
0.04612427930813581,0.9
0.046153846153846156,0.9
0.046183450930083386,0.9
0.04621309370988447,0.9
0.045600513808606295,0.8875
0.04562982005141388,0.8875
0.04565916398713826,0.8875
0.04568854568854569,0.8875
0.04571796522858983,0.8875
0.04574742268041237,0.8875
0.04577691811734365,0.8875
0.045806451612903226,0.8875
0.045836023240800515,0.8875
0.0458656330749354,0.8875
0.04589528118939883,0.8875
0.04592496765847348,0.8875
0.045954692556634306,0.8875
0.04598445595854922,0.8875
0.04601425793907971,0.8875
0.046044098573281456,0.8875
0.046073977936404935,0.8875
0.046103896103896105,0.8875
0.04613385315139701,0.8875
0.046163849154746424,0.8875
0.04619388418998048,0.8875
0.046223958333333336,0.8875
0.04625407166123779,0.8875
0.046284224250325946,0.8875
0.046314416177429873,0.8875
0.04634464751958225,0.8875
0.046374918354016983,0.8875
0.046405228758169936,0.8875
0.04643557880967953,0.8875
0.046465968586387435,0.8875
0.04649639816633923,0.8875
0.04652686762778506,0.8875
0.04655737704918033,0.8875
0.046587926509186355,0.8875
0.046618516086671044,0.8875
0.04664914586070959,0.8875
0.04667981591058514,0.8875
0.04671052631578947,0.8875
0.0467412771560237,0.8875
0.046772068511198944,0.8875
0.04680290046143705,0.8875
0.04683377308707124,0.8875
0.04686468646864687,0.8875
0.04689564068692206,0.8875
0.046926635822868476,0.8875
0.046957671957671955,0.8875
0.04698874917273329,0.8875
0.04701986754966887,0.8875
0.04705102717031146,0.8875
0.047082228116710874,0.8875
0.047113470471134705,0.8875
0.04714475431606906,0.8875
0.04717607973421927,0.8875
0.04720744680851064,0.8875
0.047238855622089154,0.8875
0.04727030625832224,0.8875
0.04730179880079947,0.8875
0.04733333333333333,0.8875
0.047364909939959975,0.8875
0.04739652870493992,0.8875
0.047428189712758854,0.8875
0.047459893048128345,0.8875
0.04749163879598662,0.8875
0.04752342704149933,0.8875
0.047555257870060284,0.8875
0.04758713136729222,0.8875
0.047619047619047616,0.8875
0.0476510067114094,0.8875
0.04768300873069174,0.8875
0.04771505376344086,0.8875
0.04707464694014795,0.875
0.047106325706594884,0.875
0.04713804713804714,0.875
0.04716981132075472,0.875
0.04720161834120027,0.875
0.04723346828609987,0.875
0.04726536124240378,0.875
0.0472972972972973,0.875
0.04732927653820149,0.875
0.04736129905277402,0.875
0.04739336492890995,0.875
0.04742547425474255,0.875
0.04745762711864407,0.875
0.04748982360922659,0.875
0.04752206381534284,0.875
0.04755434782608696,0.875
0.04758667573079538,0.875
0.047619047619047616,0.875
0.047651463580667124,0.875
0.047683923705722074,0.875
0.047716428084526245,0.875
0.047748976807639835,0.875
0.04778156996587031,0.875
0.04781420765027322,0.875
0.04784688995215311,0.875
0.047879616963064295,0.875
0.04791238877481177,0.875
0.04794520547945205,0.875
0.047978067169294036,0.875
0.04801097393689986,0.875
0.04804392587508579,0.875
0.04807692307692308,0.875
0.048109965635738834,0.875
0.048143053645116916,0.875
0.04817618719889883,0.875
0.048209366391184574,0.875
0.048242591316333565,0.875
0.04827586206896552,0.875
0.04830917874396135,0.875
0.04834254143646409,0.875
0.04837595024187975,0.875
0.048409405255878286,0.875
0.04775086505190312,0.8625
0.04778393351800554,0.8625
0.04781704781704782,0.8625
0.0478502080443828,0.8625
0.047883414295628035,0.8625
0.04791666666666667,0.8625
0.04794996525364837,0.8625
0.04798331015299027,0.8625
0.04801670146137787,0.8625
0.04805013927576602,0.8625
0.04808362369337979,0.8625
0.04811715481171548,0.8625
0.04815073272854152,0.8625
0.04818435754189944,0.8625
0.04821802935010482,0.8625
0.04825174825174825,0.8625
0.04828551434569629,0.8625
0.04831932773109244,0.8625
0.04835318850735809,0.8625
0.04838709677419355,0.8625
0.04842105263157895,0.8625
0.04845505617977528,0.8625
0.04848910751932537,0.8625
0.04852320675105485,0.8625
0.048557353976073185,0.8625
0.048591549295774646,0.8625
0.048625792811839326,0.8625
0.04866008462623413,0.8625
0.048694424841213835,0.8625
0.048728813559322036,0.8625
0.04876325088339223,0.8625
0.048797736916548796,0.8625
0.04883227176220807,0.8625
0.04886685552407932,0.8625
0.04890148830616584,0.8625
0.04893617021276596,0.8625
0.048970901348474094,0.8625
0.049005681818181816,0.8625
0.04904051172707889,0.8625
0.04907539118065434,0.8625
0.04911032028469751,0.8625
0.049145299145299144,0.8625
0.04918032786885246,0.8625
0.049215406562054205,0.8625
0.04925053533190578,0.8625
0.04928571428571429,0.8625
0.04932094353109364,0.8625
0.04935622317596566,0.8625
0.049391553328561204,0.8625
0.0494269340974212,0.8625
0.04946236559139785,0.8625
0.04949784791965567,0.8625
0.04953338119167265,0.8625
0.04956896551724138,0.8625
0.04960460100647016,0.8625
0.04964028776978417,0.8625
0.04967602591792657,0.8625
0.04971181556195965,0.8625
0.04974765681326604,0.8625
0.049783549783549784,0.8625
0.049819494584837545,0.8625
0.04985549132947977,0.8625
0.049891540130151846,0.8625
0.049927641099855286,0.8625
0.0499637943519189,0.8625
0.05,0.8625
0.05003625815808557,0.8625
0.050072568940493466,0.8625
0.05010893246187364,0.8625
0.0501453488372093,0.8625
0.05018181818181818,0.8625
0.05021834061135371,0.8625
0.050254916241806266,0.8625
0.05029154518950437,0.8625
0.05032822757111598,0.8625
0.050364963503649635,0.8625
0.050401753104455806,0.8625
0.05043859649122807,0.8625
0.05047549378200439,0.8625
0.050512445095168376,0.8625
0.05054945054945055,0.8625
0.050586510263929615,0.8625
0.05062362435803375,0.8625
0.05066079295154185,0.8625
0.050698016164584865,0.8625
0.05073529411764706,0.8625
0.05077262693156733,0.8625
0.0508100147275405,0.8625
0.05084745762711865,0.8625
0.05088495575221239,0.8625
0.05018450184501845,0.85
0.050221565731166914,0.85
0.05025868440502587,0.85
0.05029585798816568,0.85
0.050333086602516654,0.85
0.05037037037037037,0.85
0.050407709414381024,0.85
0.050445103857566766,0.85
0.050482553823311065,0.85
0.05052005943536404,0.85
0.05055762081784387,0.85
0.050595238095238096,0.85
0.05063291139240506,0.85
0.05067064083457526,0.85
0.05070842654735272,0.85
0.050746268656716415,0.85
0.05078416728902166,0.85
0.05082212257100149,0.85
0.050860134629768135,0.85
0.05089820359281437,0.85
0.05093632958801498,0.85
0.050974512743628186,0.85
0.05101275318829707,0.85
0.05105105105105105,0.85
0.05108940646130729,0.85
0.05112781954887218,0.85
0.051166290443942816,0.85
0.05120481927710843,0.85
0.05124340617935192,0.85
0.05128205128205128,0.85
0.05132075471698113,0.85
0.0513595166163142,0.85
0.05139833711262283,0.85
0.05143721633888049,0.85
0.05147615442846329,0.85
0.051515151515151514,0.85
0.05155420773313116,0.85
0.051593323216995446,0.85
0.051632498101746395,0.85
0.05167173252279635,0.85
0.05171102661596958,0.85
0.0517503805175038,0.85
0.05178979436405179,0.85
0.051829268292682924,0.85
0.05186880244088482,0.85
0.051908396946564885,0.85
0.05194805194805195,0.85
0.05198776758409786,0.85
0.05202754399387911,0.85
0.05206738131699847,0.85
0.05210727969348659,0.85
0.05214723926380368,0.85
0.052187260168841135,0.85
0.05222734254992319,0.85
0.05226748654880861,0.85
0.052307692307692305,0.85
0.05234795996920708,0.85
0.05238828967642527,0.85
0.052428681572860444,0.85
0.05246913580246913,0.85
0.05250965250965251,0.85
0.05255023183925812,0.85
0.05259087393658159,0.85
0.05263157894736842,0.85
0.052672347017815646,0.85
0.05271317829457364,0.85
0.05275407292474787,0.85
0.052795031055900624,0.85
0.052059052059052056,0.8375
0.052099533437014,0.8375
0.052140077821011675,0.8375
0.05218068535825545,0.8375
0.05222135619641465,0.8375
0.05226209048361934,0.8375
0.05230288836846214,0.8375
0.05234375,0.8375
0.05238467552775606,0.8375
0.05242566510172144,0.8375
0.052466718872357085,0.8375
0.052507836990595615,0.8375
0.05254901960784314,0.8375
0.05259026687598116,0.8375
0.05263157894736842,0.8375
0.05267295597484277,0.8375
0.05271439811172305,0.8375
0.05275590551181102,0.8375
0.05279747832939322,0.8375
0.0528391167192429,0.8375
0.05288082083662194,0.8375
0.05292259083728278,0.8375
0.052964426877470355,0.8375
0.05300632911392405,0.8375
0.05304829770387965,0.8375
0.05309033280507131,0.8375
0.05313243457573354,0.8375
0.05317460317460317,0.8375
0.05321683876092136,0.8375
0.05325914149443561,0.8375
0.053301511535401754,0.8375
0.05334394904458599,0.8375
0.05338645418326693,0.8375
0.05263157894736842,0.825
0.052673583399840386,0.825
0.052715654952076675,0.825
0.05275779376498801,0.825
0.0528,0.825
0.05284227381905524,0.825
0.052884615384615384,0.825
0.05292702485966319,0.825
0.052969502407704656,0.825
0.05301204819277108,0.825
0.05305466237942122,0.825
0.05309734513274336,0.825
0.05314009661835749,0.825
0.0531829170024174,0.825
0.0532258064516129,0.825
0.053268765133171914,0.825
0.05331179321486268,0.825
0.05335489086499596,0.825
0.05339805825242718,0.825
0.05344129554655871,0.825
0.05348460291734198,0.825
0.0535279805352798,0.825
0.05357142857142857,0.825
0.05361494719740049,0.825
0.05365853658536585,0.825
0.05370219690805533,0.825
0.05374592833876222,0.825
0.05378973105134474,0.825
0.053833605220228384,0.825
0.053877551020408164,0.825
0.05392156862745098,0.825
0.05396565821749796,0.825
0.054009819967266774,0.825
0.05405405405405406,0.825
0.054098360655737705,0.825
0.054142739950779326,0.825
0.054187192118226604,0.825
0.054231717337715694,0.825
0.054276315789473686,0.825
0.05432098765432099,0.825
0.054365733113673806,0.825
0.05441055234954658,0.825
0.054455445544554455,0.825
0.054500412881915775,0.825
0.05454545454545454,0.825
0.05459057071960298,0.825
0.054635761589403975,0.825
0.05468102734051367,0.825
0.05472636815920398,0.825
0.054771784232365145,0.825
0.054817275747508304,0.825
0.05486284289276808,0.825
0.05490848585690516,0.825
0.054954204829308906,0.825
0.055,0.825
0.05504587155963303,0.825
0.05509181969949917,0.825
0.05513784461152882,0.825
0.05518394648829431,0.825
0.055230125523012555,0.825
0.05527638190954774,0.825
0.055322715842414084,0.825
0.05536912751677853,0.825
0.055415617128463476,0.825
0.05546218487394958,0.825
0.05550883095037847,0.825
0.05555555555555555,0.825
0.05560235888795282,0.825
0.05564924114671164,0.825
0.05569620253164557,0.825
0.05574324324324324,0.825
0.055790363482671176,0.825
0.05583756345177665,0.825
0.0558848433530906,0.825
0.05593220338983051,0.825
0.05597964376590331,0.825
0.05602716468590832,0.825
0.056074766355140186,0.825
0.05612244897959184,0.825
0.05617021276595745,0.825
0.056218057921635436,0.825
0.056265984654731455,0.825
0.05631399317406143,0.825
0.05636208368915457,0.825
0.05641025641025641,0.825
0.05645851154833191,0.825
0.05650684931506849,0.825
0.056555269922879174,0.825
0.05660377358490566,0.825
0.05665236051502146,0.825
0.05670103092783505,0.825
0.05674978503869303,0.825
0.05679862306368331,0.825
0.056847545219638244,0.825
0.056896551724137934,0.825
0.056945642795513375,0.825
0.05699481865284974,0.825
0.05704407951598963,0.825
0.05709342560553633,0.825
0.05714285714285714,0.825
0.05719237435008666,0.825
0.05724197745013009,0.825
0.057291666666666664,0.825
0.05734144222415291,0.825
0.057391304347826085,0.825
0.057441253263707574,0.825
0.05749128919860627,0.825
0.05754141238012206,0.825
0.05759162303664921,0.825
0.05764192139737991,0.825
0.057692307692307696,0.825
0.05774278215223097,0.825
0.05779334500875657,0.825
0.057843996494303246,0.825
0.05789473684210526,0.825
0.05794556628621598,0.825
0.05711775043936731,0.8125
0.05716798592788039,0.8125
0.05721830985915493,0.8125
0.05726872246696035,0.8125
0.05731922398589065,0.8125
0.05736981465136805,0.8125
0.05742049469964664,0.8125
0.05747126436781609,0.8125
0.05752212389380531,0.8125
0.05757307351638618,0.8125
0.057624113475177305,0.8125
0.05767524401064774,0.8125
0.05772646536412078,0.8125
0.057777777777777775,0.8125
0.05782918149466192,0.8125
0.0578806767586821,0.8125
0.057932263814616754,0.8125
0.05798394290811775,0.8125
0.05803571428571429,0.8125
0.0580875781948168,0.8125
0.05813953488372093,0.8125
0.05819158460161146,0.8125
0.05824372759856631,0.8125
0.05829596412556054,0.8125
0.05834829443447038,0.8125
0.05840071877807727,0.8125
0.05845323741007194,0.8125
0.05850585058505851,0.8125
0.05855855855855856,0.8125
0.058611361587015326,0.8125
0.058664259927797835,0.8125
0.05871725383920506,0.8125
0.05877034358047016,0.8125
0.058823529411764705,0.8125
0.058876811594202896,0.8125
0.05893019038984588,0.8125
0.05898366606170599,0.8125
0.05903723887375113,0.8125
0.05909090909090909,0.8125
0.059144676979071886,0.8125
0.05919854280510018,0.8125
0.059252506836827715,0.8125
0.05930656934306569,0.8125
0.0593607305936073,0.8125
0.05941499085923217,0.8125
0.059469350411710885,0.8125
0.05952380952380952,0.8125
0.05957836846929423,0.8125
0.05963302752293578,0.8125
0.05968778696051423,0.8125
0.05974264705882353,0.8125
0.05979760809567617,0.8125
0.05985267034990792,0.8125
0.059907834101382486,0.8125
0.05996309963099631,0.8125
0.06001846722068329,0.8125
0.06007393715341959,0.8125
0.060129509713228495,0.8125
0.06018518518518518,0.8125
0.060240963855421686,0.8125
0.06029684601113173,0.8125
0.060352831940575676,0.8125
0.0604089219330855,0.8125
0.06046511627906977,0.8125
0.06052141527001862,0.8125
0.06057781919850885,0.8125
0.06063432835820896,0.8125
0.06069094304388422,0.8125
0.06074766355140187,0.8125
0.0608044901777362,0.8125
0.060861423220973786,0.8125
0.06091846298031865,0.8125
0.06097560975609756,0.8125
0.06103286384976526,0.8125
0.06109022556390977,0.8125
0.06114769520225776,0.8125
0.06120527306967985,0.8125
0.061262959472196045,0.8125
0.06132075471698113,0.8125
0.061378659112370164,0.8125
0.06143667296786389,0.8125
0.06054872280037843,0.8
0.06060606060606061,0.8
0.06066350710900474,0.8
0.06072106261859583,0.8
0.060778727445394115,0.8
0.060836501901140684,0.8
0.060894386298763085,0.8
0.06095238095238095,0.8
0.061010486177311724,0.8
0.061068702290076333,0.8
0.061127029608404965,0.8
0.06118546845124283,0.8
0.06124401913875598,0.8
0.06130268199233716,0.8
0.061361457334611694,0.8
0.061420345489443376,0.8
0.06051873198847262,0.7875
0.06057692307692308,0.7875
0.059672762271414825,0.775
0.05973025048169557,0.775
0.05978784956605593,0.775
0.059845559845559844,0.775
0.05893719806763285,0.7625
0.05899419729206963,0.7625
0.0590513068731849,0.7625
0.05910852713178295,0.7625
0.05916585838991271,0.7625
0.059223300970873784,0.7625
0.05928085519922255,0.7625
0.05933852140077821,0.7625
0.05939629990262902,0.7625
0.0594541910331384,0.7625
0.05951219512195122,0.7625
0.0595703125,0.7625
0.059628543499511244,0.7625
0.05968688845401174,0.7625
0.059745347698334964,0.7625
0.059803921568627454,0.7625
0.05986261040235525,0.7625
0.05992141453831041,0.7625
0.0599803343166175,0.7625
0.060039370078740155,0.7625
0.060098522167487685,0.7625
0.0601577909270217,0.7625
0.060217176702862786,0.7625
0.06027667984189723,0.7625
0.06033630069238378,0.7625
0.060396039603960394,0.7625
0.06045589692765114,0.7625
0.060515873015873016,0.7625
0.0605759682224429,0.7625
0.06063618290258449,0.7625
0.06069651741293532,0.7625
0.060756972111553786,0.7625
0.06081754735792622,0.7625
0.06087824351297405,0.7625
0.060939060939060936,0.7625
0.061,0.7625
0.06106106106106106,0.7625
0.061122244488977955,0.7625
0.06118355065195587,0.7625
0.06124497991967871,0.7625
0.061306532663316586,0.7625
0.0613682092555332,0.7625
0.06143001007049345,0.7625
0.06149193548387097,0.7625
0.0615539858728557,0.7625
0.06161616161616162,0.7625
0.06066734074823053,0.75
0.06072874493927125,0.75
0.060790273556231005,0.75
0.060851926977687626,0.75
0.06091370558375635,0.75
0.06097560975609756,0.75
0.061037639877924724,0.75
0.06109979633401222,0.75
0.06116207951070336,0.75
0.061224489795918366,0.75
0.06128702757916241,0.75
0.06134969325153374,0.75
0.06141248720573183,0.75
0.06147540983606557,0.75
0.06153846153846154,0.75
0.061601642710472276,0.75
0.06166495375128469,0.75
0.06172839506172839,0.75
0.061791967044284246,0.75
0.061855670103092786,0.75
0.0608875128998968,0.7375
0.060950413223140494,0.7375
0.06101344364012409,0.7375
0.061076604554865424,0.7375
0.061139896373056994,0.7375
0.061203319502074686,0.7375
0.0612668743509865,0.7375
0.061330561330561334,0.7375
0.061394380853277836,0.7375
0.06145833333333333,0.7375
0.061522419186652764,0.7375
0.061586638830897704,0.7375
0.06165099268547544,0.7375
0.06171548117154812,0.7375
0.061780104712041886,0.7375
0.06184486373165619,0.7375
0.06190975865687303,0.7375
0.06197478991596639,0.7375
0.06203995793901157,0.7375
0.06210526315789474,0.7375
0.06217070600632244,0.7375
0.06223628691983123,0.7375
0.061246040126715945,0.725
0.0613107822410148,0.725
0.061375661375661375,0.725
0.0614406779661017,0.725
0.061505832449628844,0.725
0.06157112526539278,0.725
0.061636556854410204,0.725
0.06170212765957447,0.725
0.0617678381256656,0.725
0.06183368869936034,0.725
0.061899679829242264,0.725
0.06196581196581197,0.725
0.06203208556149733,0.725
0.06209850107066381,0.725
0.06216505894962487,0.725
0.06223175965665236,0.725
0.06229860365198711,0.725
0.06236559139784946,0.725
0.062432723358449946,0.725
0.0625,0.725
0.06256742179072276,0.725
0.06263498920086392,0.725
0.0627027027027027,0.725
0.06277056277056277,0.725
0.0628385698808234,0.725
0.06290672451193059,0.725
0.06297502714440825,0.725
0.06304347826086956,0.725
0.06311207834602829,0.725
0.06318082788671024,0.725
0.06324972737186478,0.725
0.06331877729257641,0.725
0.0633879781420765,0.725
0.06345733041575492,0.725
0.06352683461117196,0.725
0.06359649122807018,0.725
0.06366630076838639,0.725
0.06263736263736264,0.7125
0.0627062706270627,0.7125
0.06277533039647577,0.7125
0.06284454244762955,0.7125
0.06291390728476821,0.7125
0.06298342541436464,0.7125
0.06305309734513274,0.7125
0.06312292358803986,0.7125
0.06319290465631928,0.7125
0.06326304106548279,0.7125
0.06333333333333334,0.7125
0.06340378197997776,0.7125
0.06347438752783964,0.7125
0.06354515050167224,0.7125
0.06361607142857142,0.7125
0.06368715083798883,0.7125
0.06375838926174497,0.7125
0.06382978723404255,0.7125
0.06390134529147982,0.7125
0.06285072951739619,0.7
0.06292134831460675,0.7
0.06299212598425197,0.7
0.06306306306306306,0.7
0.06313416009019165,0.7
0.06320541760722348,0.7
0.06327683615819209,0.7
0.06334841628959276,0.7
0.06342015855039637,0.7
0.06349206349206349,0.7
0.06356413166855845,0.7
0.06363636363636363,0.7
0.06370875995449374,0.7
0.06378132118451026,0.7
0.06385404789053592,0.7
0.0639269406392694,0.7
0.064,0.7
0.06407322654462243,0.7
0.06414662084765177,0.7
0.06307339449541284,0.6875
0.06314580941446613,0.6875
0.06321839080459771,0.6875
0.06329113924050633,0.6875
0.06221198156682028,0.675
0.06228373702422145,0.675
0.06235565819861432,0.675
0.06242774566473988,0.675
0.061342592592592594,0.6625
0.06141367323290846,0.6625
0.06148491879350348,0.6625
0.06155632984901278,0.6625
0.06162790697674419,0.6625
0.06169965075669383,0.6625
0.06177156177156177,0.6625
0.061843640606767794,0.6625
0.06191588785046729,0.6625
0.06198830409356725,0.6625
0.06206088992974239,0.6625
0.06213364595545135,0.6625
0.062206572769953054,0.6625
0.06227967097532315,0.6625
0.06235294117647059,0.6625
0.0624263839811543,0.6625
0.0625,0.6625
0.06257378984651712,0.6625
0.06264775413711583,0.6625
0.06272189349112427,0.6625
0.06279620853080568,0.6625
0.06287069988137604,0.6625
0.06294536817102138,0.6625
0.06302021403091558,0.6625
0.0630952380952381,0.6625
0.0631704410011919,0.6625
0.06324582338902147,0.6625
0.06332138590203107,0.6625
0.06220095693779904,0.65
0.06227544910179641,0.65
0.06235011990407674,0.65
0.062424969987995196,0.65
0.0625,0.65
0.06257521058965103,0.65
0.06265060240963856,0.65
0.06272617611580217,0.65
0.06280193236714976,0.65
0.06287787182587666,0.65
0.06295399515738499,0.65
0.06310679611650485,0.65
0.06318347509113001,0.65
0.06326034063260341,0.65
0.06333739342265529,0.65
0.06341463414634146,0.65
0.06349206349206349,0.65
0.06356968215158924,0.65
0.06364749082007344,0.65
0.06372549019607843,0.65
0.0638036809815951,0.65
0.06388206388206388,0.65
0.06396063960639606,0.65
0.06403940886699508,0.65
0.06411837237977805,0.65
0.06419753086419754,0.65
0.06427688504326329,0.65
0.06435643564356436,0.65
0.0644361833952912,0.65
0.06451612903225806,0.65
0.06459627329192547,0.65
0.06467661691542288,0.65
0.0647571606475716,0.65
0.06483790523690773,0.65
0.06367041198501873,0.6375
0.0625,0.625
0.0625782227784731,0.625
0.06265664160401002,0.625
0.06273525721455459,0.625
0.06281407035175879,0.625
0.06289308176100629,0.625
0.06297229219143577,0.625
0.06305170239596469,0.625
0.06313131313131314,0.625
0.0632111251580278,0.625
0.06329113924050633,0.625
0.06337135614702155,0.625
0.06345177664974619,0.625
0.06353240152477764,0.625
0.06361323155216285,0.625
0.06369426751592357,0.625
0.06377551020408163,0.625
0.06385696040868455,0.625
0.0639386189258312,0.625
0.06402048655569782,0.625
0.0641025641025641,0.625
0.06418485237483953,0.625
0.06426735218508997,0.625
0.06435006435006435,0.625
0.06443298969072164,0.625
0.06451612903225806,0.625
0.06459948320413436,0.625
0.0646830530401035,0.625
0.06476683937823834,0.625
0.0648508430609598,0.625
0.06493506493506493,0.625
0.06501950585175553,0.625
0.06510416666666667,0.625
0.0651890482398957,0.625
0.0639686684073107,0.6125
0.06405228758169934,0.6125
0.06413612565445026,0.6125
0.06422018348623854,0.6125
0.06430446194225722,0.6125
0.06438896189224705,0.6125
0.06447368421052632,0.6125
0.06455862977602109,0.6125
0.06464379947229551,0.6125
0.06472919418758256,0.6125
0.06481481481481481,0.6125
0.06490066225165562,0.6125
0.0649867374005305,0.6125
0.06374501992031872,0.6
0.06382978723404255,0.6
0.06391478029294274,0.6
0.064,0.6
0.06408544726301736,0.6
0.06417112299465241,0.6
0.0642570281124498,0.6
0.064343163538874,0.6
0.06442953020134229,0.6
0.06451612903225806,0.6
0.06460296096904442,0.6
0.0646900269541779,0.6
0.06477732793522267,0.6
0.06486486486486487,0.6
0.06495263870094722,0.6
0.06504065040650407,0.6
0.06512890094979647,0.6
0.06521739130434782,0.6
0.0653061224489796,0.6
0.0653950953678474,0.6
0.06548431105047749,0.6
0.06557377049180328,0.6
0.06566347469220246,0.6
0.06575342465753424,0.6
0.06584362139917696,0.6
0.06593406593406594,0.6
0.06602475928473177,0.6
0.06611570247933884,0.6
0.06620689655172414,0.6
0.06629834254143646,0.6
0.06500691562932227,0.5875
0.06509695290858726,0.5875
0.0651872399445215,0.5875
0.06527777777777778,0.5875
0.06536856745479833,0.5875
0.06545961002785515,0.5875
0.06555090655509066,0.5875
0.06564245810055866,0.5875
0.06573426573426573,0.5875
0.06582633053221289,0.5875
0.06591865357643759,0.5875
0.06601123595505617,0.5875
0.06610407876230662,0.5875
0.06619718309859154,0.5875
0.06629055007052186,0.5875
0.06497175141242938,0.575
0.06506364922206506,0.575
0.06515580736543909,0.575
0.06524822695035461,0.575
0.06534090909090909,0.575
0.06543385490753911,0.575
0.0641025641025641,0.5625
0.06419400855920114,0.5625
0.06428571428571428,0.5625
0.06437768240343347,0.5625
0.06446991404011461,0.5625
0.06456241032998565,0.5625
0.06465517241379311,0.5625
0.06474820143884892,0.5625
0.06484149855907781,0.5625
0.06493506493506493,0.5625
0.06502890173410404,0.5625
0.06512301013024602,0.5625
0.06521739130434782,0.5625
0.06531204644412192,0.5625
0.06395348837209303,0.55
0.06404657933042213,0.55
0.0641399416909621,0.55
0.06277372262773723,0.5375
0.06286549707602339,0.5375
0.0629575402635432,0.5375
0.06304985337243402,0.5375
0.0631424375917768,0.5375
0.06323529411764706,0.5375
0.06332842415316642,0.5375
0.06342182890855458,0.5375
0.06351550960118169,0.5375
0.06360946745562131,0.5375
0.0637037037037037,0.5375
0.06379821958456973,0.5375
0.0638930163447251,0.5375
0.06398809523809523,0.5375
0.06408345752608048,0.5375
0.06417910447761194,0.5375
0.06427503736920777,0.5375
0.06287425149700598,0.525
0.06296851574212893,0.525
0.06306306306306306,0.525
0.06315789473684211,0.525
0.06325301204819277,0.525
0.06334841628959276,0.525
0.0634441087613293,0.525
0.06354009077155824,0.525
0.06363636363636363,0.525
0.0637329286798179,0.525
0.06382978723404255,0.525
0.0639269406392694,0.525
0.06402439024390244,0.525
0.06412213740458016,0.525
0.06422018348623854,0.525
0.06431852986217458,0.525
0.06441717791411043,0.525
0.06451612903225806,0.525
0.06307692307692307,0.5125
0.06317411402157165,0.5125
0.06327160493827161,0.5125
0.0633693972179289,0.5125
0.06346749226006192,0.5125
0.06356589147286822,0.5125
0.06366459627329192,0.5125
0.06376360808709176,0.5125
0.06386292834890965,0.5125
0.062402496099843996,0.5
0.0625,0.5
0.06259780907668232,0.5
0.06269592476489028,0.5
0.06279434850863422,0.5
0.06289308176100629,0.5
0.06299212598425197,0.5
0.06309148264984227,0.5
0.061611374407582936,0.4875
0.061708860759493674,0.4875
0.061806656101426306,0.4875
0.06190476190476191,0.4875
0.06200317965023847,0.4875
0.06210191082802548,0.4875
0.06220095693779904,0.4875
0.06230031948881789,0.4875
0.0624,0.4875
0.0625,0.4875
0.06260032102728733,0.4875
0.06270096463022508,0.4875
0.06280193236714976,0.4875
0.06290322580645161,0.4875
0.0630048465266559,0.4875
0.06310679611650485,0.4875
0.06320907617504051,0.4875
0.0633116883116883,0.4875
0.06341463414634146,0.4875
0.06351791530944625,0.4875
0.06199021207177814,0.475
0.06209150326797386,0.475
0.062193126022913256,0.475
0.06229508196721312,0.475
0.06239737274220033,0.475
0.06085526315789474,0.4625
0.060955518945634266,0.4625
0.06105610561056106,0.4625
0.06115702479338843,0.4625
0.061258278145695365,0.4625
0.06135986733001658,0.4625
0.061461794019933555,0.4625
0.06156405990016639,0.4625
0.06,0.45
0.06010016694490818,0.45
0.06020066889632107,0.45
0.06030150753768844,0.45
0.06040268456375839,0.45
0.06050420168067227,0.45
0.06060606060606061,0.45
0.06070826306913996,0.45
0.060810810810810814,0.45
0.06091370558375635,0.45
0.061016949152542375,0.45
0.06112054329371817,0.45
0.061224489795918366,0.45
0.06132879045996593,0.45
0.059726962457337884,0.4375
0.05982905982905983,0.4375
0.059931506849315065,0.4375
0.060034305317324184,0.4375
0.06013745704467354,0.4375
0.060240963855421686,0.4375
0.0603448275862069,0.4375
0.06044905008635579,0.4375
0.06055363321799308,0.4375
0.060658578856152515,0.4375
0.06076388888888889,0.4375
0.06086956521739131,0.4375
0.06097560975609756,0.4375
0.06108202443280977,0.4375
0.05944055944055944,0.425
0.0595446584938704,0.425
0.05964912280701754,0.425
0.05975395430579965,0.425
0.05985915492957746,0.425
0.059964726631393295,0.425
0.06007067137809187,0.425
0.06017699115044248,0.425
0.06028368794326241,0.425
0.0586145648312611,0.4125
0.05871886120996441,0.4125
0.058823529411764705,0.4125
0.05892857142857143,0.4125
0.059033989266547404,0.4125
0.05913978494623656,0.4125
0.059245960502693,0.4125
0.05935251798561151,0.4125
0.05945945945945946,0.4125
0.05956678700361011,0.4125
0.059674502712477394,0.4125
0.059782608695652176,0.4125
0.05989110707803993,0.4125
0.06,0.4125
0.060109289617486336,0.4125
0.060218978102189784,0.4125
0.0603290676416819,0.4125
0.06043956043956044,0.4125
0.060550458715596334,0.4125
0.06066176470588235,0.4125
0.06077348066298342,0.4125
0.06088560885608856,0.4125
0.06099815157116451,0.4125
0.06111111111111111,0.4125
0.061224489795918366,0.4125
0.06133828996282528,0.4125
0.061452513966480445,0.4125
0.061567164179104475,0.4125
0.0616822429906542,0.4125
0.06179775280898876,0.4125
0.06191369606003752,0.4125
0.06203007518796992,0.4125
0.062146892655367235,0.4125
0.062264150943396226,0.4125
0.062381852551984876,0.4125
0.0625,0.4125
0.06261859582542695,0.4125
0.06273764258555133,0.4125
0.06285714285714286,0.4125
0.06297709923664122,0.4125
0.06309751434034416,0.4125
0.06321839080459771,0.4125
0.06333973128598848,0.4125
0.06346153846153846,0.4125
0.06358381502890173,0.4125
0.0637065637065637,0.4125
0.06382978723404255,0.4125
0.06395348837209303,0.4125
0.06407766990291262,0.4125
0.06420233463035019,0.4125
0.06432748538011696,0.4125
0.064453125,0.4125
0.06457925636007827,0.4125
0.06470588235294118,0.4125
0.06483300589390963,0.4125
0.06496062992125984,0.4125
0.0650887573964497,0.4125
0.06324110671936758,0.4
0.06336633663366337,0.4
0.06349206349206349,0.4
0.0636182902584493,0.4
0.06374501992031872,0.4
0.06387225548902195,0.4
0.064,0.4
0.06412825651302605,0.4
0.0642570281124498,0.4
0.06438631790744467,0.4
0.06451612903225806,0.4
0.06464646464646465,0.4
0.06477732793522267,0.4
0.06490872210953347,0.4
0.06504065040650407,0.4
0.06517311608961303,0.4
0.0653061224489796,0.4
0.065439672801636,0.4
0.06557377049180328,0.4
0.06570841889117043,0.4
0.06584362139917696,0.4
0.06597938144329897,0.4
0.06611570247933884,0.4
0.06625258799171843,0.4
0.06639004149377593,0.4
0.06652806652806653,0.4
0.06666666666666667,0.4
0.06680584551148225,0.4
0.06694560669456066,0.4
0.06708595387840671,0.4
0.06722689075630252,0.4
0.06736842105263158,0.4
0.06751054852320675,0.4
0.06765327695560254,0.4
0.06779661016949153,0.4
0.06794055201698514,0.4
0.06808510638297872,0.4
0.06823027718550106,0.4
0.06837606837606838,0.4
0.06852248394004283,0.4
0.06866952789699571,0.4
0.06881720430107527,0.4
0.06896551724137931,0.4
0.06911447084233262,0.4
0.06926406926406926,0.4
0.06941431670281996,0.4
0.06956521739130435,0.4
0.06971677559912855,0.4
0.06986899563318777,0.4
0.0700218818380744,0.4
0.07017543859649122,0.4
0.07032967032967033,0.4
0.06828193832599119,0.3875
0.0684326710816777,0.3875
0.06858407079646017,0.3875
0.06873614190687362,0.3875
0.06888888888888889,0.3875
0.06904231625835189,0.3875
0.06919642857142858,0.3875
0.06935123042505593,0.3875
0.06950672645739911,0.3875
0.0696629213483146,0.3875
0.06981981981981981,0.3875
0.06997742663656885,0.3875
0.07013574660633484,0.3875
0.06802721088435375,0.375
0.06818181818181818,0.375
0.0683371298405467,0.375
0.0684931506849315,0.375
0.06864988558352403,0.375
0.06880733944954129,0.375
0.06896551724137931,0.375
0.06912442396313365,0.375
0.06928406466512702,0.375
0.06712962962962964,0.3625
0.06728538283062645,0.3625
0.06744186046511629,0.3625
0.0675990675990676,0.3625
0.06775700934579439,0.3625
0.06791569086651054,0.3625
0.06807511737089202,0.3625
0.06823529411764706,0.3625
0.06839622641509434,0.3625
0.06855791962174941,0.3625
0.06872037914691943,0.3625
0.0688836104513064,0.3625
0.06904761904761905,0.3625
0.06921241050119331,0.3625
0.06937799043062201,0.3625
0.06954436450839328,0.3625
0.06971153846153846,0.3625
0.06987951807228916,0.3625
0.07004830917874397,0.3625
0.07021791767554479,0.3625
0.0703883495145631,0.3625
0.0705596107055961,0.3625
0.07073170731707316,0.3625
0.07090464547677261,0.3625
0.07107843137254902,0.3625
0.07125307125307126,0.3625
0.07142857142857142,0.3625
0.07160493827160494,0.3625
0.07178217821782178,0.3625
0.07196029776674938,0.3625
0.07213930348258707,0.3625
0.07231920199501247,0.3625
0.0725,0.3625
0.07268170426065163,0.3625
0.0728643216080402,0.3625
0.07304785894206549,0.3625
0.07323232323232323,0.3625
0.07341772151898734,0.3625
0.07360406091370558,0.3625
0.0737913486005089,0.3625
0.07397959183673469,0.3625
0.0741687979539642,0.3625
0.07435897435897436,0.3625
0.07455012853470437,0.3625
0.07216494845360824,0.35
0.07235142118863049,0.35
0.07253886010362694,0.35
0.07272727272727272,0.35
0.07291666666666667,0.35
0.0731070496083551,0.35
0.07329842931937172,0.35
0.07349081364829396,0.35
0.07368421052631578,0.35
0.07387862796833773,0.35
0.07407407407407407,0.35
0.07427055702917772,0.35
0.07446808510638298,0.35
0.07466666666666667,0.35
0.0748663101604278,0.35
0.07506702412868632,0.35
0.07526881720430108,0.35
0.07547169811320754,0.35
0.07567567567567568,0.35
0.07588075880758807,0.35
0.07608695652173914,0.35
0.07629427792915532,0.35
0.07650273224043716,0.35
0.07671232876712329,0.35
0.07692307692307693,0.35
0.07713498622589532,0.35
0.07734806629834254,0.35
0.07479224376731301,0.3375
0.075,0.3375
0.07520891364902507,0.3375
0.07541899441340782,0.3375
0.07282913165266107,0.325
0.07303370786516854,0.325
0.07323943661971831,0.325
0.07344632768361582,0.325
0.07365439093484419,0.325
0.07386363636363637,0.325
0.07407407407407407,0.325
0.07428571428571429,0.325
0.07449856733524356,0.325
0.07471264367816093,0.325
0.07492795389048991,0.325
0.07514450867052024,0.325
0.07536231884057971,0.325
0.0755813953488372,0.325
0.07580174927113703,0.325
0.07309941520467836,0.3125
0.07331378299120235,0.3125
0.07352941176470588,0.3125
0.07374631268436578,0.3125
0.07396449704142012,0.3125
0.07418397626112759,0.3125
0.0744047619047619,0.3125
0.07462686567164178,0.3125
0.0748502994011976,0.3125
0.07207207207207207,0.3
0.07228915662650602,0.3
0.07250755287009064,0.3
0.07272727272727272,0.3
0.0729483282674772,0.3
0.07317073170731707,0.3
0.07339449541284404,0.3
0.0736196319018405,0.3
0.07076923076923076,0.2875
0.06790123456790123,0.275
0.06811145510835913,0.275
0.06832298136645963,0.275
0.06853582554517133,0.275
0.06875,0.275
0.06896551724137931,0.275
0.0660377358490566,0.2625
0.06624605678233439,0.2625
0.06645569620253164,0.2625
0.06666666666666667,0.2625
0.06687898089171974,0.2625
0.0670926517571885,0.2625
0.0673076923076923,0.2625
0.06430868167202572,0.25
0.06451612903225806,0.25
0.06472491909385113,0.25
0.06493506493506493,0.25
0.06514657980456026,0.25
0.06535947712418301,0.25
0.06557377049180328,0.25
0.06578947368421052,0.25
0.066006600660066,0.25
0.06622516556291391,0.25
0.0664451827242525,0.25
0.06666666666666667,0.25
0.06688963210702341,0.25
0.06711409395973154,0.25
0.06734006734006734,0.25
0.06418918918918919,0.2375
0.06440677966101695,0.2375
0.06462585034013606,0.2375
0.06484641638225255,0.2375
0.06506849315068493,0.2375
0.06529209621993128,0.2375
0.06551724137931035,0.2375
0.0657439446366782,0.2375
0.06597222222222222,0.2375
0.06620209059233449,0.2375
0.06643356643356643,0.2375
0.06666666666666667,0.2375
0.06690140845070422,0.2375
0.06713780918727916,0.2375
0.0673758865248227,0.2375
0.06761565836298933,0.2375
0.06785714285714285,0.2375
0.06810035842293907,0.2375
0.0683453237410072,0.2375
0.06859205776173286,0.2375
0.06884057971014493,0.2375
0.06909090909090909,0.2375
0.06934306569343066,0.2375
0.0695970695970696,0.2375
0.06985294117647059,0.2375
0.07011070110701106,0.2375
0.07037037037037037,0.2375
0.07063197026022305,0.2375
0.0708955223880597,0.2375
0.07116104868913857,0.2375
0.07142857142857142,0.2375
0.07169811320754717,0.2375
0.07196969696969698,0.2375
0.07224334600760456,0.2375
0.07251908396946564,0.2375
0.06896551724137931,0.225
0.06923076923076923,0.225
0.0694980694980695,0.225
0.06976744186046512,0.225
0.07003891050583658,0.225
0.0703125,0.225
0.07058823529411765,0.225
0.07086614173228346,0.225
0.07114624505928854,0.225
0.07142857142857142,0.225
0.07171314741035857,0.225
0.068,0.2125
0.06827309236947791,0.2125
0.06854838709677419,0.2125
0.06882591093117409,0.2125
0.06910569105691057,0.2125
0.06938775510204082,0.2125
0.06967213114754098,0.2125
0.06995884773662552,0.2125
0.07024793388429752,0.2125
0.07053941908713693,0.2125
0.07083333333333333,0.2125
0.07112970711297072,0.2125
0.07142857142857142,0.2125
0.07172995780590717,0.2125
0.07203389830508475,0.2125
0.07234042553191489,0.2125
0.07264957264957266,0.2125
0.07296137339055794,0.2125
0.07327586206896551,0.2125
0.0735930735930736,0.2125
0.07391304347826087,0.2125
0.07423580786026202,0.2125
0.07456140350877193,0.2125
0.07488986784140969,0.2125
0.0752212389380531,0.2125
0.07555555555555556,0.2125
0.07142857142857142,0.2
0.07174887892376682,0.2
0.07207207207207207,0.2
0.06787330316742081,0.1875
0.06818181818181818,0.1875
0.0684931506849315,0.1875
0.06422018348623854,0.175
0.06451612903225806,0.175
0.06481481481481481,0.175
0.06046511627906977,0.1625
0.06074766355140187,0.1625
0.06103286384976526,0.1625
0.06132075471698113,0.1625
0.061611374407582936,0.1625
0.06190476190476191,0.1625
0.06220095693779904,0.1625
0.057692307692307696,0.15
0.057971014492753624,0.15
0.05825242718446602,0.15
0.05853658536585366,0.15
0.058823529411764705,0.15
0.059113300492610835,0.15
0.0594059405940594,0.15
0.05970149253731343,0.15
0.06,0.15
0.06030150753768844,0.15
0.06060606060606061,0.15
0.06091370558375635,0.15
0.061224489795918366,0.15
0.06153846153846154,0.15
0.061855670103092786,0.15
0.06217616580310881,0.15
0.0625,0.15
0.06282722513089005,0.15
0.06315789473684211,0.15
0.06349206349206349,0.15
0.06382978723404255,0.15
0.06417112299465241,0.15
0.06451612903225806,0.15
0.06486486486486487,0.15
0.06521739130434782,0.15
0.06557377049180328,0.15
0.06593406593406594,0.15
0.06629834254143646,0.15
0.06666666666666667,0.15
0.0670391061452514,0.15
0.06741573033707865,0.15
0.06779661016949153,0.15
0.06818181818181818,0.15
0.06857142857142857,0.15
0.06321839080459771,0.1375
0.06358381502890173,0.1375
0.06395348837209303,0.1375
0.06432748538011696,0.1375
0.06470588235294118,0.1375
0.0650887573964497,0.1375
0.06547619047619048,0.1375
0.059880239520958084,0.125
0.060240963855421686,0.125
0.06060606060606061,0.125
0.06097560975609756,0.125
0.06134969325153374,0.125
0.06172839506172839,0.125
0.062111801242236024,0.125
0.0625,0.125
0.06289308176100629,0.125
0.06329113924050633,0.125
0.05732484076433121,0.1125
0.057692307692307696,0.1125
0.05806451612903226,0.1125
0.05844155844155844,0.1125
0.058823529411764705,0.1125
0.05921052631578947,0.1125
0.059602649006622516,0.1125
0.06,0.1125
0.06040268456375839,0.1125
0.060810810810810814,0.1125
0.061224489795918366,0.1125
0.06164383561643835,0.1125
0.06206896551724138,0.1125
0.0625,0.1125
0.06293706293706294,0.1125
0.06338028169014084,0.1125
0.06382978723404255,0.1125
0.05714285714285714,0.1
0.05755395683453238,0.1
0.057971014492753624,0.1
0.058394160583941604,0.1
0.058823529411764705,0.1
0.05925925925925926,0.1
0.05970149253731343,0.1
0.06015037593984962,0.1
0.06060606060606061,0.1
0.061068702290076333,0.1
0.06153846153846154,0.1
0.06201550387596899,0.1
0.0625,0.1
0.06299212598425197,0.1
0.06349206349206349,0.1
0.064,0.1
0.06451612903225806,0.1
0.06504065040650407,0.1
0.06557377049180328,0.1
0.06611570247933884,0.1
0.06666666666666667,0.1
0.06722689075630252,0.1
0.06779661016949153,0.1
0.06837606837606838,0.1
0.06896551724137931,0.1
0.06956521739130435,0.1
0.07017543859649122,0.1
0.07079646017699115,0.1
0.07142857142857142,0.1
0.07207207207207207,0.1
0.07272727272727272,0.1
0.07339449541284404,0.1
0.07407407407407407,0.1
0.07476635514018691,0.1
0.07547169811320754,0.1
0.0761904761904762,0.1
0.07692307692307693,0.1
0.07766990291262135,0.1
0.0784313725490196,0.1
0.07920792079207921,0.1
0.08,0.1
0.08080808080808081,0.1
0.08163265306122448,0.1
0.08247422680412371,0.1
0.08333333333333333,0.1
0.08421052631578947,0.1
0.0851063829787234,0.1
0.08602150537634409,0.1
0.08695652173913043,0.1
0.08791208791208792,0.1
0.08888888888888889,0.1
0.0898876404494382,0.1
0.09090909090909091,0.1
0.09195402298850575,0.1
0.09302325581395349,0.1
0.09411764705882353,0.1
0.09523809523809523,0.1
0.0963855421686747,0.1
0.0975609756097561,0.1
0.09876543209876543,0.1
0.0875,0.0875
0.08860759493670886,0.0875
0.08974358974358974,0.0875
0.09090909090909091,0.0875
0.09210526315789473,0.0875
0.09333333333333334,0.0875
0.0945945945945946,0.0875
0.0821917808219178,0.075
0.08333333333333333,0.075
0.08450704225352113,0.075
0.08571428571428572,0.075
0.08695652173913043,0.075
0.08823529411764706,0.075
0.08955223880597014,0.075
0.09090909090909091,0.075
0.09230769230769231,0.075
0.09375,0.075
0.09523809523809523,0.075
0.0967741935483871,0.075
0.09836065573770492,0.075
0.1,0.075
0.1016949152542373,0.075
0.10344827586206896,0.075
0.08771929824561403,0.0625
0.08928571428571429,0.0625
0.09090909090909091,0.0625
0.09259259259259259,0.0625
0.09433962264150944,0.0625
0.09615384615384616,0.0625
0.09803921568627451,0.0625
0.1,0.0625
0.10204081632653061,0.0625
0.10416666666666667,0.0625
0.10638297872340426,0.0625
0.08695652173913043,0.05
0.08888888888888889,0.05
0.09090909090909091,0.05
0.06976744186046512,0.0375
0.07142857142857142,0.0375
0.07317073170731707,0.0375
0.075,0.0375
0.07692307692307693,0.0375
0.05263157894736842,0.025
0.05405405405405406,0.025
0.05555555555555555,0.025
0.05714285714285714,0.025
0.058823529411764705,0.025
0.06060606060606061,0.025
0.0625,0.025
0.06451612903225806,0.025
0.06666666666666667,0.025
0.06896551724137931,0.025
0.07142857142857142,0.025
0.07407407407407407,0.025
0.07692307692307693,0.025
0.08,0.025
0.08333333333333333,0.025
0.08695652173913043,0.025
0.09090909090909091,0.025
0.09523809523809523,0.025
0.1,0.025
0.10526315789473684,0.025
0.1111111111111111,0.025
0.11764705882352941,0.025
0.125,0.025
0.06666666666666667,0.0125
0.07142857142857142,0.0125
0.07692307692307693,0.0125
0.08333333333333333,0.0125
0.09090909090909091,0.0125
0.1,0.0125
0.1111111111111111,0.0125
0.125,0.0125
0.14285714285714285,0.0125
0.16666666666666666,0.0125
0.2,0.0125
0.25,0.0125
0.3333333333333333,0.0125
0.5,0.0125
0.0,0.0
1.0,0.0
