Precision,Recall
0.03250711093051605,1.0
0.03211382113821138,0.9875
0.032126880845872306,0.9875
0.03213995117982099,0.9875
0.032153032153032154,0.9875
0.03216612377850163,0.9875
0.03217922606924643,0.9875
0.03219233903830481,0.9875
0.03220546269873624,0.9875
0.03221859706362153,0.9875
0.03223174214606283,0.9875
0.03224489795918367,0.9875
0.03225806451612903,0.9875
0.03227124183006536,0.9875
0.03228442991418063,0.9875
0.032297628781684386,0.9875
0.032310838445807774,0.9875
0.032324058919803604,0.9875
0.032337290216946375,0.9875
0.03235053235053235,0.9875
0.032363785333879555,0.9875
0.03237704918032787,0.9875
0.03239032390323903,0.9875
0.03240360951599672,0.9875
0.032416906032006566,0.9875
0.032430213464696225,0.9875
0.0324435318275154,0.9875
0.03245686113393591,0.9875
0.03247020139745171,0.9875
0.03248355263157895,0.9875
0.03249691484985603,0.9875
0.03251028806584362,0.9875
0.03252367229312474,0.9875
0.032537067545304776,0.9875
0.032550473836011534,0.9875
0.0325638911788953,0.9875
0.03257731958762886,0.9875
0.03259075907590759,0.9875
0.032604209657449444,0.9875
0.032617671345995046,0.9875
0.032631144155307726,0.9875
0.03264462809917355,0.9875
0.032658123191401406,0.9875
0.032671629445823,0.9875
0.032685146876292925,0.9875
0.03269867549668874,0.9875
0.032712215320910974,0.9875
0.03272576636288318,0.9875
0.03273932863655201,0.9875
0.03275290215588723,0.9875
0.032766486934881794,0.9875
0.03278008298755187,0.9875
0.0327936903279369,0.9875
0.03280730897009967,0.9875
0.0328209389281263,0.9875
0.03283458021612635,0.9875
0.03284823284823285,0.9875
0.03286189683860233,0.9875
0.0328755722014149,0.9875
0.03288925895087427,0.9875
0.03290295710120783,0.9875
0.032916666666666664,0.9875
0.03293038766152564,0.9875
0.0329441201000834,0.9875
0.03295786399666249,0.9875
0.03297161936560935,0.9875
0.03298538622129436,0.9875
0.032999164578111945,0.9875
0.03301295445048057,0.9875
0.03302675585284281,0.9875
0.03304056879966541,0.9875
0.03305439330543933,0.9875
0.033068229384679786,0.9875
0.0330820770519263,0.9875
0.03309593632174277,0.9875
0.03310980720871752,0.9875
0.03312368972746331,0.9875
0.03313758389261745,0.9875
0.0331514897188418,0.9875
0.03316540722082284,0.9875
0.03317933641327173,0.9875
0.03319327731092437,0.9875
0.0332072299285414,0.9875
0.03322119428090833,0.9875
0.03323517038283551,0.9875
0.03324915824915825,0.9875
0.03326315789473684,0.9875
0.03327716933445661,0.9875
0.033291192583227984,0.9875
0.03330522765598651,0.9875
0.03331927456769296,0.9875
0.03333333333333333,0.9875
0.03334740396791895,0.9875
0.033361486486486486,0.9875
0.033375580904098014,0.9875
0.033389687235841084,0.9875
0.03340380549682875,0.9875
0.03341793570219966,0.9875
0.03343207786711807,0.9875
0.03344623200677392,0.9875
0.033460398136382886,0.9875
0.03347457627118644,0.9875
0.033488766426451884,0.9875
0.033502968617472435,0.9875
0.03351718285956724,0.9875
0.03353140916808149,0.9875
0.03354564755838641,0.9875
0.033559898045879354,0.9875
0.03357416064598385,0.9875
0.03358843537414966,0.9875
0.033602722245852826,0.9875
0.03361702127659574,0.9875
0.033631332481907195,0.9875
0.03364565587734242,0.9875
0.03365999147848317,0.9875
0.033674339300937765,0.9875
0.03368869936034115,0.9875
0.03370307167235495,0.9875
0.03371745625266752,0.9875
0.033731853116994025,0.9875
0.03374626228107646,0.9875
0.03376068376068376,0.9875
0.0337751175716118,0.9875
0.03378956372968349,0.9875
0.03380402225074882,0.9875
0.033818493150684935,0.9875
0.033832976445396144,0.9875
0.03384747215081405,0.9875
0.03386198028289756,0.9875
0.033876500857632934,0.9875
0.03389103389103389,0.9875
0.03390557939914163,0.9875
0.0339201373980249,0.9875
0.033934707903780066,0.9875
0.033949290932531156,0.9875
0.033963886500429925,0.9875
0.03397849462365592,0.9875
0.03399311531841653,0.9875
0.03400774860094705,0.9875
0.034022394487510765,0.9875
0.034037052994398964,0.9875
0.03405172413793103,0.9875
0.03406640793445451,0.9875
0.034081104400345126,0.9875
0.03409581355200691,0.9875
0.034110535405872194,0.9875
0.03412526997840173,0.9875
0.0341400172860847,0.9875
0.03415477734543882,0.9875
0.034169550173010384,0.9875
0.0341843357853743,0.9875
0.0341991341991342,0.9875
0.034213945430922474,0.9875
0.03422876949740035,0.9875
0.03424360641525791,0.9875
0.034258456201214225,0.9875
0.03427331887201735,0.9875
0.03428819444444445,0.9875
0.03430308293530178,0.9875
0.03431798436142485,0.9875
0.0343328987396784,0.9875
0.03434782608695652,0.9875
0.03436276642018269,0.9875
0.034377719756309835,0.9875
0.034392686112320416,0.9875
0.03440766550522648,0.9875
0.03442265795206972,0.9875
0.03443766346992153,0.9875
0.034452682075883125,0.9875
0.03446771378708551,0.9875
0.034482758620689655,0.9875
0.03449781659388646,0.9875
0.0345128877238969,0.9875
0.034527972027972025,0.9875
0.03454306952339309,0.9875
0.03412073490813648,0.975
0.03413566739606127,0.975
0.03415061295971979,0.975
0.03416557161629435,0.975
0.03418054338299737,0.975
0.03419552827707146,0.975
0.034210526315789476,0.975
0.03422553751645459,0.975
0.03424056189640035,0.975
0.034255599472990776,0.975
0.03427065026362039,0.975
0.03428571428571429,0.975
0.03430079155672823,0.975
0.0343158820941487,0.975
0.03433098591549296,0.975
0.034346103038309116,0.975
0.03436123348017621,0.975
0.03437637725870427,0.975
0.03439153439153439,0.975
0.03440670489633877,0.975
0.03442188879082083,0.975
0.03443708609271523,0.975
0.03445229681978799,0.975
0.0344675209898365,0.975
0.034482758620689655,0.975
0.03449800973020787,0.975
0.034513274336283185,0.975
0.034528552456839307,0.975
0.03454384410983171,0.975
0.034559149313247675,0.975
0.034574468085106384,0.975
0.03458980044345898,0.975
0.03460514640638864,0.975
0.03462050599201065,0.975
0.03463587921847247,0.975
0.0346512661039538,0.975
0.034666666666666665,0.975
0.03468208092485549,0.975
0.03469750889679715,0.975
0.03471295060080107,0.975
0.034728406055209264,0.975
0.03474387527839644,0.975
0.034759358288770054,0.975
0.034774855104770394,0.975
0.03479036574487065,0.975
0.03480589022757698,0.975
0.03482142857142857,0.975
0.034836980794997766,0.975
0.034405719392314564,0.9625
0.03442109968708091,0.9625
0.03443649373881932,0.9625
0.03445190156599553,0.9625
0.03446732318710832,0.9625
0.034482758620689655,0.9625
0.03449820788530466,0.9625
0.03451367099955177,0.9625
0.03452914798206278,0.9625
0.03454463885150292,0.9625
0.034560143626570915,0.9625
0.0345756623259991,0.9625
0.03459119496855346,0.9625
0.03460674157303371,0.9625
0.03462230215827338,0.9625
0.0346378767431399,0.9625
0.034653465346534656,0.9625
0.03466906798739307,0.9625
0.034684684684684684,0.9625
0.03470031545741325,0.9625
0.034715960324616775,0.9625
0.03473161930536761,0.9625
0.034747292418772564,0.9625
0.03476297968397291,0.9625
0.03477868112014453,0.9625
0.034794396746497966,0.9625
0.03481012658227848,0.9625
0.03482587064676617,0.9625
0.03484162895927602,0.9625
0.03485740153915799,0.9625
0.034873188405797104,0.9625
0.0348889895786135,0.9625
0.034904805077062555,0.9625
0.03492063492063492,0.9625
0.034936479128856626,0.9625
0.03495233772128915,0.9625
0.03496821071752952,0.9625
0.03498409813721036,0.9625
0.035,0.9625
0.035015916325602546,0.9625
0.03503184713375796,0.9625
0.03504779244424215,0.9625
0.03506375227686703,0.9625
0.03507972665148064,0.9625
0.03509571558796718,0.9625
0.03511171910624715,0.9625
0.03512773722627737,0.9625
0.03514376996805112,0.9625
0.03515981735159817,0.9625
0.035175879396984924,0.9625
0.035191956124314444,0.9625
0.035208047553726564,0.9625
0.035224153705397984,0.9625
0.035240274599542334,0.9625
0.035256410256410256,0.9625
0.03527256069628951,0.9625
0.03528872593950504,0.9625
0.03530490600641907,0.9625
0.035321100917431195,0.9625
0.03533731069297843,0.9625
0.03535353535353535,0.9625
0.03536977491961415,0.9625
0.035386029411764705,0.9625
0.035402298850574714,0.9625
0.03541858325666973,0.9625
0.0354348826507133,0.9625
0.035451197053407,0.9625
0.03546752648549056,0.9625
0.035483870967741936,0.9625
0.03550023052097741,0.9625
0.03551660516605166,0.9625
0.03553299492385787,0.9625
0.035549399815327794,0.9625
0.03556581986143187,0.9625
0.0355822550831793,0.9625
0.03559870550161812,0.9625
0.035615171137835334,0.9625
0.03563165201295696,0.9625
0.03564814814814815,0.9625
0.035664659564613246,0.9625
0.03568118628359592,0.9625
0.03569772832637923,0.9625
0.03571428571428571,0.9625
0.0357308584686775,0.9625
0.03574744661095636,0.9625
0.035764050162563864,0.9625
0.03578066914498141,0.9625
0.03579730357973036,0.9625
0.035813953488372095,0.9625
0.035830618892508145,0.9625
0.03584729981378026,0.9625
0.03586399627387052,0.9625
0.0358807082945014,0.9625
0.035897435897435895,0.9625
0.03591417910447761,0.9625
0.03593093793747083,0.9625
0.03594771241830065,0.9625
0.03596450256889304,0.9625
0.035981308411214954,0.9625
0.035998129967274424,0.9625
0.03601496725912067,0.9625
0.03603182030884417,0.9625
0.03604868913857678,0.9625
0.036065573770491806,0.9625
0.03608247422680412,0.9625
0.03609939052977028,0.9625
0.036116322701688554,0.9625
0.03613327076489911,0.9625
0.03615023474178404,0.9625
0.03616721465476749,0.9625
0.03618421052631579,0.9625
0.03620122237893747,0.9625
0.03621825023518344,0.9625
0.03623529411764706,0.9625
0.036252354048964215,0.9625
0.03626943005181347,0.9625
0.03628652214891612,0.9625
0.036303630363036306,0.9625
0.03632075471698113,0.9625
0.03633789523360075,0.9625
0.03635505193578848,0.9625
0.036372224846480866,0.9625
0.036389413988657845,0.9625
0.03640661938534279,0.9625
0.03642384105960265,0.9625
0.03644107903454804,0.9625
0.036458333333333336,0.9625
0.0364756039791568,0.9625
0.036492890995260666,0.9625
0.036510194404931244,0.9625
0.03652751423149905,0.9625
0.036544850498338874,0.9625
0.0365622032288699,0.9625
0.03657957244655582,0.9625
0.036596958174904944,0.9625
0.03661436043747028,0.9625
0.03663177925784967,0.9625
0.03664921465968586,0.9625
0.03666666666666667,0.9625
0.03668413530252501,0.9625
0.03670162059103908,0.9625
0.03671912255603243,0.9625
0.036736641221374045,0.9625
0.03675417661097852,0.9625
0.03677172874880611,0.9625
0.03678929765886288,0.9625
0.036806883365200764,0.9625
0.036824485891917745,0.9625
0.03636363636363636,0.95
0.036381043561512685,0.95
0.03639846743295019,0.95
0.03641590800191662,0.95
0.0364333652924257,0.95
0.03645083932853717,0.95
0.036468330134357005,0.95
0.03648583773403745,0.95
0.03650336215177714,0.95
0.03652090341182124,0.95
0.03653846153846154,0.95
0.03655603655603656,0.95
0.03657362848893166,0.95
0.0365912373615792,0.95
0.036608863198458574,0.95
0.03662650602409639,0.95
0.03664416586306654,0.95
0.036661842739990354,0.95
0.03667953667953668,0.95
0.03669724770642202,0.95
0.03671497584541063,0.95
0.03673272112131464,0.95
0.0367504835589942,0.95
0.036768263183357526,0.95
0.036786060019361085,0.95
0.036803874092009685,0.95
0.03682170542635659,0.95
0.036839554047503636,0.95
0.03685741998060136,0.95
0.036875303250849104,0.95
0.036893203883495145,0.95
0.036911121903836816,0.95
0.0369290573372206,0.95
0.03694701020904229,0.95
0.03696498054474708,0.95
0.036982968369829686,0.95
0.03700097370983447,0.95
0.037018996590355575,0.95
0.037037037037037035,0.95
0.03705509507557289,0.95
0.037073170731707315,0.95
0.03709126403123475,0.95
0.037109375,0.95
0.03712750366389839,0.95
0.03714565004887586,0.95
0.037163814180929094,0.95
0.03718199608610567,0.95
0.03671071953010279,0.9375
0.03672869735553379,0.9375
0.03674669279764821,0.9375
0.03676470588235294,0.9375
0.03678273663560569,0.9375
0.03631010794896958,0.925
0.03632793323514973,0.925
0.036345776031434185,0.925
0.03636363636363636,0.925
0.035889872173058016,0.9125
0.03590752582390556,0.9125
0.03543307086614173,0.9
0.03545051698670606,0.9
0.035467980295566505,0.9
0.03548546081813701,0.9
0.03550295857988166,0.9
0.03552047360631475,0.9
0.035538005923000986,0.9
0.035555555555555556,0.9
0.03557312252964427,0.9
0.03559070687098369,0.9
0.03560830860534125,0.9
0.035625927758535375,0.9
0.03564356435643564,0.9
0.03566121842496285,0.9
0.035678889990089196,0.9
0.035696579077838374,0.9
0.03571428571428571,0.9
0.03573200992555831,0.9
0.03574975173783516,0.9
0.03576751117734724,0.9
0.03578528827037773,0.9
0.03580308304326206,0.9
0.03582089552238806,0.9
0.035838725734196115,0.9
0.035856573705179286,0.9
0.03587443946188341,0.9
0.03589232303090728,0.9
0.035910224438902745,0.9
0.03592814371257485,0.9
0.03594608087868198,0.9
0.03596403596403597,0.9
0.035982008995502246,0.9
0.036,0.9
0.03601800900450225,0.9
0.036036036036036036,0.9
0.03605408112168253,0.9
0.036072144288577156,0.9
0.03609022556390978,0.9
0.03610832497492478,0.9
0.03612644254892122,0.9
0.03614457831325301,0.9
0.03616273229532898,0.9
0.036180904522613064,0.9
0.03619909502262444,0.9
0.03621730382293763,0.9
0.03623553095118269,0.9
0.03625377643504532,0.9
0.036272040302267,0.9
0.036290322580645164,0.9
0.036308623298033284,0.9
0.03632694248234107,0.9
0.035840484603735484,0.8875
0.03585858585858586,0.8875
0.0358767054067711,0.8875
0.0358948432760364,0.8875
0.035912999494183105,0.8875
0.035931174089068825,0.8875
0.035443037974683546,0.875
0.03546099290780142,0.875
0.035478966041561075,0.875
0.035496957403651115,0.875
0.0350076103500761,0.8625
0.0350253807106599,0.8625
0.03504316912138141,0.8625
0.0350609756097561,0.8625
0.03507880020335536,0.8625
0.035096642929806715,0.8625
0.035114503816793895,0.8625
0.03513238289205703,0.8625
0.035150280183392765,0.8625
0.035168195718654434,0.8625
0.03518612952575217,0.8625
0.03520408163265306,0.8625
0.03522205206738132,0.8625
0.035240040858018386,0.8625
0.03525804803270312,0.8625
0.0352760736196319,0.8625
0.03529411764705882,0.8625
0.035312180143295804,0.8625
0.03533026113671275,0.8625
0.0353483606557377,0.8625
0.035366478728856995,0.8625
0.03538461538461538,0.8625
0.03540277065161621,0.8625
0.03542094455852156,0.8625
0.03543913713405239,0.8625
0.03545734840698869,0.8625
0.03547557840616967,0.8625
0.035493827160493825,0.8625
0.035512094698919194,0.8625
0.03553038105046344,0.8625
0.03554868624420402,0.8625
0.03556701030927835,0.8625
0.03558535327488396,0.8625
0.03560371517027864,0.8625
0.035622096024780586,0.8625
0.035640495867768594,0.8625
0.03565891472868217,0.8625
0.035677352637021716,0.8625
0.03569580962234868,0.8625
0.03571428571428571,0.8625
0.035732780942516834,0.8625
0.035751295336787565,0.8625
0.03576982892690513,0.8625
0.03578838174273859,0.8625
0.03580695381421899,0.8625
0.03582554517133956,0.8625
0.035844155844155845,0.8625
0.035862785862785865,0.8625
0.0358814352574103,0.8625
0.03590010405827263,0.8625
0.03591879229567933,0.8625
0.0359375,0.8625
0.03595622720166754,0.8625
0.03597497393117831,0.8625
0.03599374021909233,0.8625
0.0360125260960334,0.8625
0.03603133159268929,0.8625
0.03605015673981191,0.8625
0.03606900156821746,0.8625
0.03608786610878661,0.8625
0.03610675039246468,0.8625
0.03612565445026178,0.8625
0.03614457831325301,0.8625
0.036163522012578615,0.8625
0.03618248557944415,0.8625
0.03620146904512067,0.8625
0.03622047244094488,0.8625
0.03571428571428571,0.85
0.03573305307409354,0.85
0.035751840168243953,0.85
0.03577064702788006,0.85
0.035789473684210524,0.85
0.03580832016850974,0.85
0.03582718651211802,0.85
0.03584607274644175,0.85
0.035864978902953586,0.85
0.035883905013192614,0.85
0.03590285110876452,0.85
0.03592181722134179,0.85
0.035940803382663845,0.85
0.035959809624537285,0.85
0.03597883597883598,0.85
0.035997882477501325,0.85
0.036016949152542374,0.85
0.036036036036036036,0.85
0.036055143160127257,0.85
0.03607427055702918,0.85
0.036093418259023353,0.85
0.036112586298459905,0.85
0.036131774707757705,0.85
0.03615098351940457,0.85
0.036170212765957444,0.85
0.03565726450239489,0.8375
0.03567625133120341,0.8375
0.03569525839104955,0.8375
0.03571428571428571,0.8375
0.03573333333333333,0.8375
0.03575240128068303,0.8375
0.03577148958889482,0.8375
0.03579059829059829,0.8375
0.03580972741849278,0.8375
0.03582887700534759,0.8375
0.03584804708400214,0.8375
0.03586723768736617,0.8375
0.035886448848419926,0.8375
0.03590568060021436,0.8375
0.035924932975871314,0.8375
0.03594420600858369,0.8375
0.035963499731615674,0.8375
0.0359828141783029,0.8375
0.03600214938205266,0.8375
0.03602150537634408,0.8375
0.03604088219472835,0.8375
0.03606027987082885,0.8375
0.03607969843834141,0.8375
0.03609913793103448,0.8375
0.03611859838274933,0.8375
0.036138079827400214,0.8375
0.03615758229897464,0.8375
0.036177105831533475,0.8375
0.036196650459211235,0.8375
0.036216216216216214,0.8375
0.03623580313683072,0.8375
0.036255411255411256,0.8375
0.03627504060638874,0.8375
0.03629469122426869,0.8375
0.036314363143631435,0.8375
0.03633405639913232,0.8375
0.0363537710255019,0.8375
0.03637350705754615,0.8375
0.03639326453014666,0.8375
0.03641304347826087,0.8375
0.03643284393692224,0.8375
0.03645266594124048,0.8375
0.03647250952640174,0.8375
0.03649237472766884,0.8375
0.03651226158038147,0.8375
0.03653217011995638,0.8375
0.036552100381887616,0.8375
0.03657205240174673,0.8375
0.03659202621518296,0.8375
0.0366120218579235,0.8375
0.036632039365773646,0.8375
0.03665207877461707,0.8375
0.03667214012041598,0.8375
0.03669222343921139,0.8375
0.03671232876712329,0.8375
0.03673245614035088,0.8375
0.036752605595172794,0.8375
0.03677277716794731,0.8375
0.036243822075782535,0.825
0.03626373626373627,0.825
0.03628367234744365,0.825
0.036303630363036306,0.825
0.03632361034672537,0.825
0.03634361233480176,0.825
0.03636363636363636,0.825
0.03638368246968027,0.825
0.03640375068946498,0.825
0.03642384105960265,0.825
0.036443953616786304,0.825
0.036464088397790057,0.825
0.03648424543946932,0.825
0.03650442477876106,0.825
0.036524626452684006,0.825
0.036544850498338874,0.825
0.03656509695290859,0.825
0.036585365853658534,0.825
0.036605657237936774,0.825
0.03662597114317425,0.825
0.036646307606885066,0.825
0.03666666666666667,0.825
0.03668704836020011,0.825
0.03670745272525028,0.825
0.03672787979966611,0.825
0.036748329621380846,0.825
0.03676880222841226,0.825
0.03678929765886288,0.825
0.03680981595092025,0.825
0.036830357142857144,0.825
0.03685092127303183,0.825
0.03687150837988827,0.825
0.0368921185019564,0.825
0.03691275167785235,0.825
0.03693340794627868,0.825
0.036954087346024636,0.825
0.03697478991596639,0.825
0.03699551569506727,0.825
0.03701626472237801,0.825
0.037037037037037035,0.825
0.03705783267827063,0.825
0.03707865168539326,0.825
0.03709949409780776,0.825
0.03712035995500562,0.825
0.03714124929656725,0.825
0.037162162162162164,0.825
0.03718309859154929,0.825
0.03720405862457723,0.825
0.03722504230118443,0.825
0.03724604966139955,0.825
0.037267080745341616,0.825
0.03728813559322034,0.825
0.03730921424533635,0.825
0.03733031674208145,0.825
0.03735144312393888,0.825
0.03737259343148358,0.825
0.037393767705382434,0.825
0.03741496598639456,0.825
0.03743618831537152,0.825
0.03745743473325766,0.825
0.03747870528109029,0.825
0.0375,0.825
0.03752131893121091,0.825
0.03754266211604096,0.825
0.037564029595902104,0.825
0.03758542141230068,0.825
0.037606837606837605,0.825
0.037058152793614595,0.8125
0.037079292641186534,0.8125
0.037100456621004564,0.8125
0.03712164477441462,0.8125
0.037142857142857144,0.8125
0.037164093767867355,0.8125
0.03718535469107551,0.8125
0.03720663995420721,0.8125
0.03722794959908362,0.8125
0.03724928366762178,0.8125
0.03727064220183486,0.8125
0.037292025243832475,0.8125
0.03731343283582089,0.8125
0.037334865020103386,0.8125
0.03735632183908046,0.8125
0.03680276020701553,0.8
0.03682393555811277,0.8
0.03684513529073115,0.8
0.03686635944700461,0.8
0.03688760806916427,0.8
0.03690888119953864,0.8
0.03693017888055395,0.8
0.03695150115473441,0.8
0.03697284806470248,0.8
0.03699421965317919,0.8
0.03701561596298438,0.8
0.037037037037037035,0.8
0.03705848291835553,0.8
0.03707995365005794,0.8
0.03710144927536232,0.8
0.037122969837587005,0.8
0.0371445153801509,0.8
0.03716608594657375,0.8
0.037187681580476466,0.8
0.037209302325581395,0.8
0.03723094822571262,0.8
0.037252619324796274,0.8
0.037274315666860805,0.8
0.037296037296037296,0.8
0.037317784256559766,0.8
0.03733955659276546,0.8
0.037361354349095155,0.8
0.037383177570093455,0.8
0.037405026300409115,0.8
0.03742690058479532,0.8
0.037448800468110006,0.8
0.03747072599531616,0.8
0.03749267721148213,0.8
0.03751465416178194,0.8
0.0375366568914956,0.8
0.03755868544600939,0.8
0.037580739870816206,0.8
0.03760282021151586,0.8
0.0376249265138154,0.8
0.03764705882352941,0.8
0.03766921718658034,0.8
0.03769140164899882,0.8
0.03771361225692398,0.8
0.03773584905660377,0.8
0.03775811209439528,0.8
0.03778040141676505,0.8
0.03780271707028943,0.8
0.037825059101654845,0.8
0.03784742755765819,0.8
0.0378698224852071,0.8
0.037892243931320305,0.8
0.037914691943127965,0.8
0.03793716656787196,0.8
0.03795966785290629,0.8
0.03798219584569733,0.8
0.03800475059382423,0.8
0.038027332144979206,0.8
0.03804994054696789,0.8
0.0380725758477097,0.8
0.0380952380952381,0.8
0.038117927337701016,0.8
0.03814064362336114,0.8
0.0381633870005963,0.8
0.03818615751789976,0.8
0.0382089552238806,0.8
0.03763440860215054,0.7875
0.03765690376569038,0.7875
0.037679425837320576,0.7875
0.03770197486535009,0.7875
0.03772455089820359,0.7875
0.037747153984421807,0.7875
0.03776978417266187,0.7875
0.03779244151169766,0.7875
0.037815126050420166,0.7875
0.03783783783783784,0.7875
0.03786057692307692,0.7875
0.03788334335538184,0.7875
0.03790613718411552,0.7875
0.037928958458759786,0.7875
0.03795180722891566,0.7875
0.0379746835443038,0.7875
0.037997587454764774,0.7875
0.038020519010259504,0.7875
0.03804347826086957,0.7875
0.038066465256797584,0.7875
0.0380894800483676,0.7875
0.038112522686025406,0.7875
0.038135593220338986,0.7875
0.03815869170199879,0.7875
0.038181818181818185,0.7875
0.03820497271073378,0.7875
0.03822815533980582,0.7875
0.03825136612021858,0.7875
0.03827460510328068,0.7875
0.03829787234042553,0.7875
0.03832116788321168,0.7875
0.03834449178332319,0.7875
0.03836784409257003,0.7875
0.038391224862888484,0.7875
0.03841463414634146,0.7875
0.03843807199511898,0.7875
0.038461538461538464,0.7875
0.038485033598045205,0.7875
0.03850855745721271,0.7875
0.03853211009174312,0.7875
0.038555691554467565,0.7875
0.0385793018983466,0.7875
0.03860294117647059,0.7875
0.03862660944206009,0.7875
0.03865030674846626,0.7875
0.03867403314917127,0.7875
0.0386977886977887,0.7875
0.03872157344806392,0.7875
0.03874538745387454,0.7875
0.03876923076923077,0.7875
0.03879310344827586,0.7875
0.038817005545286505,0.7875
0.03822441430332922,0.775
0.03824799506477483,0.775
0.03827160493827161,0.775
0.03829524397776405,0.775
0.038318912237330034,0.775
0.0383426097711812,0.775
0.038366336633663366,0.775
0.038390092879256967,0.775
0.03841387856257745,0.775
0.038437693738375696,0.775
0.038461538461538464,0.775
0.038485412787088766,0.775
0.03850931677018633,0.775
0.03853325046612803,0.775
0.03855721393034826,0.775
0.038581207218419414,0.775
0.038605230386052306,0.775
0.038629283489096576,0.775
0.03865336658354115,0.775
0.038053649407361195,0.7625
0.038077403245942575,0.7625
0.038101186758276076,0.7625
0.038125,0.7625
0.03814884302689181,0.7625
0.038172715894868585,0.7625
0.038196618659987476,0.7625
0.03822055137844611,0.7625
0.03824451410658307,0.7625
0.038268506900878296,0.7625
0.038292529817953544,0.7625
0.038316582914572864,0.7625
0.03834066624764299,0.7625
0.038364779874213835,0.7625
0.03775959723096287,0.75
0.037783375314861464,0.75
0.03780718336483932,0.75
0.03783102143757881,0.75
0.03785488958990536,0.75
0.03787878787878788,0.75
0.03790271636133923,0.75
0.03792667509481669,0.75
0.03795066413662239,0.75
0.0379746835443038,0.75
0.03799873337555415,0.75
0.03802281368821293,0.75
0.03804692454026633,0.75
0.03807106598984772,0.75
0.0380952380952381,0.75
0.03811944091486658,0.75
0.03814367450731087,0.75
0.03816793893129771,0.75
0.03819223424570337,0.75
0.03821656050955414,0.75
0.03824091778202677,0.75
0.03826530612244898,0.75
0.03828972559029994,0.75
0.038314176245210725,0.75
0.038338658146964855,0.75
0.03836317135549872,0.75
0.03838771593090211,0.75
0.03841229193341869,0.75
0.03843689942344651,0.75
0.038461538461538464,0.75
0.03848620910840282,0.75
0.038510911424903725,0.75
0.038535645472061654,0.75
0.038560411311053984,0.75
0.03858520900321544,0.75
0.03861003861003861,0.75
0.038634900193174504,0.75
0.03865979381443299,0.75
0.03868471953578337,0.75
0.03870967741935484,0.75
0.03873466752743705,0.75
0.03875968992248062,0.75
0.03878474466709761,0.75
0.03880983182406209,0.75
0.038834951456310676,0.75
0.038860103626943004,0.75
0.03888528839922229,0.75
0.038910505836575876,0.75
0.03893575600259572,0.75
0.03896103896103896,0.75
0.03898635477582846,0.75
0.03901170351105332,0.75
0.03903708523096942,0.75
0.0390625,0.75
0.03908794788273615,0.75
0.03911342894393742,0.75
0.038486627527723416,0.7375
0.037859007832898174,0.725
0.037883736120182886,0.725
0.03725490196078431,0.7125
0.03727926749509483,0.7125
0.037303664921465966,0.7125
0.03732809430255403,0.7125
0.037352555701179554,0.7125
0.037377049180327866,0.7125
0.03740157480314961,0.7125
0.03742613263296126,0.7125
0.03745072273324573,0.7125
0.03747534516765286,0.7125
0.0375,0.7125
0.037524687294272545,0.7125
0.037549407114624504,0.7125
0.037574159525379035,0.7125
0.037598944591029027,0.7125
0.03762376237623762,0.7125
0.037648612945838836,0.7125
0.03767349636483807,0.7125
0.037698412698412696,0.7125
0.03772336201191264,0.7125
0.03774834437086093,0.7125
0.03777335984095427,0.7125
0.03779840848806366,0.7125
0.0378234903782349,0.7125
0.037848605577689244,0.7125
0.037209302325581395,0.7
0.03723404255319149,0.7
0.037258815701929474,0.7
0.037283621837549935,0.7
0.037308461025982675,0.7
0.037333333333333336,0.7
0.037358238825883926,0.7
0.037383177570093455,0.7
0.03740814963259853,0.7
0.0374331550802139,0.7
0.03745819397993311,0.7
0.03748326639892905,0.7
0.03750837240455459,0.7
0.03753351206434316,0.7
0.03755868544600939,0.7
0.03691275167785235,0.6875
0.036937541974479515,0.6875
0.03696236559139785,0.6875
0.03698722259583053,0.6875
0.0370121130551817,0.6875
0.037037037037037035,0.6875
0.03638814016172507,0.675
0.03641267700606878,0.675
0.03643724696356275,0.675
0.03646185010128292,0.675
0.03648648648648649,0.675
0.036511156186612576,0.675
0.036535859269282815,0.675
0.03656059580230196,0.675
0.036585365853658534,0.675
0.03661016949152542,0.675
0.036635006784260515,0.675
0.03665987780040733,0.675
0.036684782608695655,0.675
0.036709721278042146,0.675
0.036734693877551024,0.675
0.03675970047651463,0.675
0.03678474114441417,0.675
0.03680981595092025,0.675
0.036834924965893585,0.675
0.03686006825938567,0.675
0.036885245901639344,0.675
0.03691045796308954,0.675
0.036935704514363885,0.675
0.03696098562628337,0.675
0.036986301369863014,0.675
0.037011651816312545,0.675
0.037037037037037035,0.675
0.03706245710363761,0.675
0.03708791208791209,0.675
0.03711340206185567,0.675
0.037138927097661624,0.675
0.03716448726772195,0.675
0.0371900826446281,0.675
0.037215713301171606,0.675
0.037241379310344824,0.675
0.037267080745341616,0.675
0.03729281767955801,0.675
0.03731859018659295,0.675
0.03734439834024896,0.675
0.03737024221453287,0.675
0.037396121883656507,0.675
0.037422037422037424,0.675
0.03744798890429958,0.675
0.03747397640527411,0.675
0.03680555555555556,0.6625
0.03683113273106324,0.6625
0.0368567454798331,0.6625
0.03688239387613083,0.6625
0.03690807799442897,0.6625
0.036933797909407665,0.6625
0.03695955369595537,0.6625
0.03698534542916958,0.6625
0.037011173184357544,0.6625
0.037037037037037035,0.6625
0.03706293706293706,0.6625
0.0370888733379986,0.6625
0.03711484593837535,0.6625
0.03714085494043448,0.6625
0.03716690042075736,0.6625
0.037192982456140354,0.6625
0.037219101123595506,0.6625
0.03724525650035137,0.6625
0.03727144866385373,0.6625
0.03729767769176636,0.6625
0.03732394366197183,0.6625
0.037350246652572236,0.6625
0.03737658674188998,0.6625
0.0374029640084686,0.6625
0.03742937853107345,0.6625
0.03745583038869258,0.6625
0.03748231966053748,0.6625
0.03750884642604388,0.6625
0.037535410764872525,0.6625
0.03756201275690999,0.6625
0.0375886524822695,0.6625
0.03761533002129169,0.6625
0.037642045454545456,0.6625
0.037668798862828715,0.6625
0.03769559032716927,0.6625
0.03772241992882562,0.6625
0.03774928774928775,0.6625
0.037776193870277974,0.6625
0.037089871611982884,0.65
0.037116345467523196,0.65
0.037142857142857144,0.65
0.03716940671908506,0.65
0.03719599427753934,0.65
0.03722261989978525,0.65
0.03724928366762178,0.65
0.03727598566308244,0.65
0.03730272596843615,0.65
0.03732950466618808,0.65
0.03735632183908046,0.65
0.037383177570093455,0.65
0.03741007194244604,0.65
0.037437005039596835,0.65
0.037463976945244955,0.65
0.03749098774333093,0.65
0.03751803751803752,0.65
0.03754512635379061,0.65
0.03757225433526012,0.65
0.03759942154736081,0.65
0.03762662807525326,0.65
0.03765387400434468,0.65
0.03695652173913044,0.6375
0.03698332124728064,0.6375
0.03701015965166909,0.6375
0.037037037037037035,0.6375
0.037063953488372096,0.6375
0.03709090909090909,0.6375
0.03711790393013101,0.6375
0.037144938091769844,0.6375
0.03717201166180758,0.6375
0.037199124726477024,0.6375
0.03722627737226277,0.6375
0.03725346968590212,0.6375
0.03728070175438596,0.6375
0.03730797366495977,0.6375
0.03733528550512445,0.6375
0.03736263736263736,0.6375
0.0373900293255132,0.6375
0.03741746148202495,0.6375
0.037444933920704845,0.6375
0.03747244673034533,0.6375
0.0375,0.6375
0.037527593818984545,0.6375
0.03755522827687776,0.6375
0.03758290346352248,0.6375
0.03761061946902655,0.6375
0.037638376383763834,0.6375
0.03766617429837518,0.6375
0.037694013303769404,0.6375
0.03772189349112426,0.6375
0.03774981495188749,0.6375
0.03777777777777778,0.6375
0.03780578206078577,0.6375
0.037833827893175076,0.6375
0.0378619153674833,0.6375
0.03789004457652303,0.6375
0.0379182156133829,0.6375
0.03794642857142857,0.6375
0.0379746835443038,0.6375
0.038002980625931444,0.6375
0.03803131991051454,0.6375
0.03805970149253731,0.6375
0.037341299477221805,0.625
0.03736920777279522,0.625
0.037397157816005985,0.625
0.0374251497005988,0.625
0.03745318352059925,0.625
0.037481259370314844,0.625
0.037509377344336084,0.625
0.03753753753753754,0.625
0.037565740045078885,0.625
0.03759398496240601,0.625
0.03762227238525207,0.625
0.03765060240963856,0.625
0.037678975131876416,0.625
0.03770739064856712,0.625
0.03773584905660377,0.625
0.0377643504531722,0.625
0.03779289493575208,0.625
0.037821482602118005,0.625
0.03785011355034065,0.625
0.03787878787878788,0.625
0.03790750568612585,0.625
0.03793626707132018,0.625
0.037965072133637055,0.625
0.037993920972644375,0.625
0.03802281368821293,0.625
0.0380517503805175,0.625
0.03808073115003808,0.625
0.038109756097560975,0.625
0.03813882532418002,0.625
0.03816793893129771,0.625
0.03819709702062643,0.625
0.0382262996941896,0.625
0.03825554705432287,0.625
0.03828483920367534,0.625
0.038314176245210725,0.625
0.03834355828220859,0.625
0.03837298541826554,0.625
0.03840245775729647,0.625
0.03843197540353574,0.625
0.03769230769230769,0.6125
0.037721324095458045,0.6125
0.03775038520801233,0.6125
0.03777949113338473,0.6125
0.03780864197530864,0.6125
0.03783783783783784,0.6125
0.03786707882534776,0.6125
0.03789636504253674,0.6125
0.037925696594427245,0.6125
0.037955073586367155,0.6125
0.03798449612403101,0.6125
0.03801396431342126,0.6125
0.03804347826086957,0.6125
0.03807303807303807,0.6125
0.038102643856920686,0.6125
0.03813229571984436,0.6125
0.0381619937694704,0.6125
0.03819173811379579,0.6125
0.038221528861154444,0.6125
0.03825136612021858,0.6125
0.03828125,0.6125
0.03831118060985145,0.6125
0.03834115805946792,0.6125
0.03837118245888802,0.6125
0.0384012539184953,0.6125
0.03764705882352941,0.6
0.03767660910518053,0.6
0.037706205813040065,0.6
0.03773584905660377,0.6
0.03776553894571204,0.6
0.03779527559055118,0.6
0.037825059101654845,0.6
0.03785488958990536,0.6
0.037884767166535126,0.6
0.037914691943127965,0.6
0.037944664031620556,0.6
0.0379746835443038,0.6
0.03800475059382423,0.6
0.03803486529318542,0.6
0.0380650277557494,0.6
0.0380952380952381,0.6
0.03812549642573471,0.6
0.03815580286168521,0.6
0.03739061256961018,0.5875
0.037420382165605094,0.5875
0.03745019920318725,0.5875
0.037480063795853266,0.5875
0.03750997605746209,0.5875
0.037539936102236424,0.5875
0.037569944044764186,0.5875
0.0376,0.5875
0.03763010408326661,0.5875
0.03766025641025641,0.5875
0.03769045709703288,0.5875
0.0377207062600321,0.5875
0.03775100401606426,0.5875
0.03778135048231511,0.5875
0.03781174577634755,0.5875
0.03784219001610306,0.5875
0.0378726833199033,0.5875
0.03790322580645161,0.5875
0.037933817594834544,0.5875
0.03796445880452343,0.5875
0.03799514955537591,0.5875
0.0372168284789644,0.575
0.03724696356275304,0.575
0.03727714748784441,0.575
0.0373073803730738,0.575
0.037337662337662336,0.575
0.03736799350121852,0.575
0.03739837398373984,0.575
0.03742880390561432,0.575
0.03745928338762215,0.575
0.037489812550937245,0.575
0.037520391517128875,0.575
0.037551020408163265,0.575
0.03758169934640523,0.575
0.03761242845461979,0.575
0.03764320785597381,0.575
0.03767403767403767,0.575
0.03770491803278689,0.575
0.03773584905660377,0.575
0.03776683087027915,0.575
0.03779786359901397,0.575
0.03782894736842105,0.575
0.03786008230452675,0.575
0.03789126853377265,0.575
0.03792250618301731,0.575
0.037953795379537955,0.575
0.037985136251032205,0.575
0.03801652892561983,0.575
0.0380479735318445,0.575
0.0380794701986755,0.575
0.03811101905550953,0.575
0.03814262023217247,0.575
0.038174273858921165,0.575
0.03737541528239203,0.5625
0.03740648379052369,0.5625
0.03743760399334443,0.5625
0.03746877601998335,0.5625
0.0375,0.5625
0.03753127606338615,0.5625
0.037562604340567615,0.5625
0.03759398496240601,0.5625
0.03762541806020067,0.5625
0.03765690376569038,0.5625
0.03768844221105527,0.5625
0.037720033528918694,0.5625
0.037751677852348994,0.5625
0.037783375314861464,0.5625
0.037815126050420166,0.5625
0.03784693019343986,0.5625
0.03787878787878788,0.5625
0.037910699241786014,0.5625
0.03794266441821248,0.5625
0.0379746835443038,0.5625
0.03800675675675676,0.5625
0.03803888419273035,0.5625
0.03807106598984772,0.5625
0.03810330228619814,0.5625
0.038135593220338986,0.5625
0.03816793893129771,0.5625
0.038200339558573854,0.5625
0.038232795242141036,0.5625
0.03826530612244898,0.5625
0.03829787234042553,0.5625
0.03833049403747871,0.5625
0.03836317135549872,0.5625
0.03839590443686007,0.5625
0.03842869342442357,0.5625
0.038461538461538464,0.5625
0.03849443969204448,0.5625
0.038527397260273974,0.5625
0.038560411311053984,0.5625
0.038593481989708404,0.5625
0.03862660944206009,0.5625
0.03865979381443299,0.5625
0.03869303525365434,0.5625
0.0387263339070568,0.5625
0.03875968992248062,0.5625
0.03879310344827586,0.5625
0.03882657463330457,0.5625
0.038860103626943004,0.5625
0.03889369057908384,0.5625
0.03892733564013841,0.5625
0.03896103896103896,0.5625
0.0389948006932409,0.5625
0.03902862098872507,0.5625
0.03819444444444445,0.55
0.03735881841876629,0.5375
0.03739130434782609,0.5375
0.03742384682332463,0.5375
0.037456445993031356,0.5375
0.037489102005231034,0.5375
0.037521815008726006,0.5375
0.03755458515283843,0.5375
0.037587412587412584,0.5375
0.03762029746281715,0.5375
0.03765323992994746,0.5375
0.03768624014022787,0.5375
0.037719298245614034,0.5375
0.03775241439859526,0.5375
0.03690685413005272,0.525
0.036939313984168866,0.525
0.03697183098591549,0.525
0.03700440528634361,0.525
0.037037037037037035,0.525
0.037069726390114736,0.525
0.037102473498233215,0.525
0.03713527851458886,0.525
0.03716814159292035,0.525
0.03720106288751107,0.525
0.03723404255319149,0.525
0.037267080745341616,0.525
0.037300177619893425,0.525
0.037333333333333336,0.525
0.037366548042704624,0.525
0.037399821905609976,0.525
0.0374331550802139,0.525
0.03746654772524532,0.525
0.0375,0.525
0.03753351206434316,0.525
0.03756708407871199,0.525
0.03760071620411817,0.525
0.03763440860215054,0.525
0.03766816143497758,0.525
0.03770197486535009,0.525
0.03773584905660377,0.525
0.03776978417266187,0.525
0.037803780378037805,0.525
0.03783783783783784,0.525
0.03787195671776375,0.525
0.03790613718411552,0.525
0.037940379403794036,0.525
0.0379746835443038,0.525
0.03800904977375565,0.525
0.03804347826086957,0.525
0.038077969174977334,0.525
0.038112522686025406,0.525
0.03814713896457766,0.525
0.038181818181818185,0.525
0.03821656050955414,0.525
0.03825136612021858,0.525
0.03828623518687329,0.525
0.03832116788321168,0.525
0.038356164383561646,0.525
0.038391224862888484,0.525
0.0384263494967978,0.525
0.038461538461538464,0.525
0.0384967919340055,0.525
0.03853211009174312,0.525
0.03856749311294766,0.525
0.03860294117647059,0.525
0.03863845446182153,0.525
0.03867403314917127,0.525
0.03870967741935484,0.525
0.03874538745387454,0.525
0.038781163434903045,0.525
0.038817005545286505,0.525
0.03885291396854764,0.525
0.03888888888888889,0.525
0.03892493049119555,0.525
0.03896103896103896,0.525
0.03899721448467967,0.525
0.03810408921933085,0.5125
0.03813953488372093,0.5125
0.038175046554934824,0.5125
0.03821062441752097,0.5125
0.03824626865671642,0.5125
0.03828197945845005,0.5125
0.038317757009345796,0.5125
0.03835360149672591,0.5125
0.03838951310861423,0.5125
0.038425492033739454,0.5125
0.038461538461538464,0.5125
0.038497652582159626,0.5125
0.03853383458646616,0.5125
0.03857008466603951,0.5125
0.038606403013182675,0.5125
0.03864278982092366,0.5125
0.038679245283018866,0.5125
0.03871576959395656,0.5125
0.038752362948960305,0.5125
0.03878902554399243,0.5125
0.038825757575757576,0.5125
0.03886255924170616,0.5125
0.03889943074003795,0.5125
0.0389363722697056,0.5125
0.03897338403041825,0.5125
0.0390104662226451,0.5125
0.039047619047619046,0.5125
0.03908484270734033,0.5125
0.03816793893129771,0.5
0.038204393505253106,0.5
0.03824091778202677,0.5
0.03827751196172249,0.5
0.038314176245210725,0.5
0.038350910834132314,0.5
0.03838771593090211,0.5
0.03842459173871278,0.5
0.038461538461538464,0.5
0.03849855630413859,0.5
0.038535645472061654,0.5
0.03857280617164899,0.5
0.03861003861003861,0.5
0.03864734299516908,0.5
0.03868471953578337,0.5
0.03872216844143272,0.5
0.03875968992248062,0.5
0.038797284190106696,0.5
0.038834951456310676,0.5
0.038872691933916424,0.5
0.038910505836575876,0.5
0.03894839337877313,0.5
0.03898635477582846,0.5
0.03902439024390244,0.5
0.0390625,0.5
0.039100684261974585,0.5
0.03913894324853229,0.5
0.039177277179236046,0.5
0.0392156862745098,0.5
0.03925417075564279,0.5
0.03929273084479371,0.5
0.03933136676499508,0.5
0.03937007874015748,0.5
0.03940886699507389,0.5
0.03944773175542406,0.5
0.039486673247778874,0.5
0.039525691699604744,0.5
0.03956478733926805,0.5
0.039603960396039604,0.5
0.03865213082259663,0.4875
0.03869047619047619,0.4875
0.038728897715988087,0.4875
0.03876739562624255,0.4875
0.03880597014925373,0.4875
0.03884462151394422,0.4875
0.038883349950149554,0.4875
0.038922155688622756,0.4875
0.03896103896103896,0.4875
0.039,0.4875
0.03903903903903904,0.4875
0.03907815631262525,0.4875
0.03911735205616851,0.4875
0.0391566265060241,0.4875
0.03919597989949749,0.4875
0.039235412474849095,0.4875
0.03927492447129909,0.4875
0.03931451612903226,0.4875
0.039354187689202826,0.4875
0.03939393939393939,0.4875
0.03943377148634985,0.4875
0.039473684210526314,0.4875
0.03951367781155015,0.4875
0.03955375253549696,0.4875
0.03959390862944162,0.4875
0.039634146341463415,0.4875
0.03967446592065107,0.4875
0.03971486761710794,0.4875
0.039755351681957186,0.4875
0.03979591836734694,0.4875
0.03983656792645557,0.4875
0.03987730061349693,0.4875
0.03991811668372569,0.4875
0.039959016393442626,0.4875
0.04,0.4875
0.04004106776180698,0.4875
0.040082219938335044,0.4875
0.040123456790123455,0.4875
0.04016477857878476,0.4875
0.04020618556701031,0.4875
0.04024767801857585,0.4875
0.040289256198347105,0.4875
0.04033092037228542,0.4875
0.040372670807453416,0.4875
0.04041450777202073,0.4875
0.04045643153526971,0.4875
0.040498442367601244,0.4875
0.04054054054054054,0.4875
0.04058272632674298,0.4875
0.040625,0.4875
0.040667361835245046,0.4875
0.0407098121085595,0.4875
0.04075235109717868,0.4875
0.04079497907949791,0.4875
0.040837696335078534,0.4875
0.040880503144654086,0.4875
0.040923399790136414,0.4875
0.04096638655462185,0.4875
0.04100946372239748,0.4875
0.04105263157894737,0.4875
0.0410958904109589,0.4875
0.04113924050632911,0.4875
0.04118268215417107,0.4875
0.0412262156448203,0.4875
0.04126984126984127,0.4875
0.04025423728813559,0.475
0.04029692470837752,0.475
0.040339702760084924,0.475
0.040382571732199786,0.475
0.04042553191489362,0.475
0.039403620873269436,0.4625
0.039445628997867806,0.4625
0.03948772678762007,0.4625
0.03952991452991453,0.4625
0.039572192513368985,0.4625
0.03961456102783726,0.4625
0.03965702036441586,0.4625
0.03969957081545064,0.4625
0.0397422126745435,0.4625
0.03978494623655914,0.4625
0.03982777179763186,0.4625
0.03987068965517242,0.4625
0.039913700107874865,0.4625
0.03995680345572354,0.4625
0.04,0.4625
0.04004329004329004,0.4625
0.04008667388949079,0.4625
0.04013015184381779,0.4625
0.04017372421281216,0.4625
0.04021739130434782,0.4625
0.04026115342763874,0.4625
0.04030501089324619,0.4625
0.04034896401308615,0.4625
0.04039301310043668,0.4625
0.040437158469945354,0.4625
0.04048140043763676,0.4625
0.040525739320920046,0.4625
0.04057017543859649,0.4625
0.04061470911086718,0.4625
0.04065934065934066,0.4625
0.0407040704070407,0.4625
0.040748898678414094,0.4625
0.040793825799338476,0.4625
0.04083885209713024,0.4625
0.04088397790055249,0.4625
0.04092920353982301,0.4625
0.04097452934662237,0.4625
0.041019955654102,0.4625
0.041065482796892344,0.4625
0.04111111111111111,0.4625
0.041156840934371525,0.4625
0.04120267260579064,0.4625
0.04124860646599777,0.4625
0.041294642857142856,0.4625
0.041340782122905026,0.4625
0.04138702460850112,0.4625
0.04143337066069429,0.4625
0.04147982062780269,0.4625
0.04152637485970819,0.4625
0.04157303370786517,0.4625
0.04161979752530934,0.4625
0.041666666666666664,0.4625
0.04171364148816235,0.4625
0.0417607223476298,0.4625
0.04180790960451977,0.4625
0.0418552036199095,0.4625
0.04190260475651189,0.4625
0.04195011337868481,0.4625
0.04199772985244041,0.4625
0.042045454545454546,0.4625
0.04209328782707622,0.4625
0.04214123006833713,0.4625
0.04218928164196123,0.4625
0.04223744292237443,0.4625
0.04228571428571429,0.4625
0.04233409610983982,0.4625
0.042382588774341354,0.4625
0.04243119266055046,0.4625
0.04247990815154994,0.4625
0.04252873563218391,0.4625
0.04257767548906789,0.4625
0.04262672811059908,0.4625
0.04267589388696655,0.4625
0.042725173210161664,0.4625
0.04277456647398844,0.4625
0.04282407407407408,0.4625
0.04287369640787949,0.4625
0.042923433874709975,0.4625
0.0429732868757259,0.4625
0.04302325581395349,0.4625
0.04307334109429569,0.4625
0.04312354312354312,0.4625
0.043173862310385065,0.4625
0.04322429906542056,0.4625
0.04327485380116959,0.4625
0.04332552693208431,0.4625
0.04220398593200469,0.45
0.04225352112676056,0.45
0.04230317273795535,0.45
0.042352941176470586,0.45
0.04240282685512368,0.45
0.04245283018867924,0.45
0.04250295159386069,0.45
0.0425531914893617,0.45
0.04260355029585799,0.45
0.04265402843601896,0.45
0.042704626334519574,0.45
0.04275534441805225,0.45
0.04280618311533888,0.45
0.04285714285714286,0.45
0.04290822407628129,0.45
0.04295942720763723,0.45
0.043010752688172046,0.45
0.0430622009569378,0.45
0.04311377245508982,0.45
0.04316546762589928,0.45
0.04321728691476591,0.45
0.04326923076923077,0.45
0.04332129963898917,0.45
0.043373493975903614,0.45
0.04342581423401689,0.45
0.043478260869565216,0.45
0.04353083434099154,0.45
0.043583535108958835,0.45
0.04363636363636364,0.45
0.043689320388349516,0.45
0.04374240583232078,0.45
0.043795620437956206,0.45
0.0438489646772229,0.45
0.04390243902439024,0.45
0.04395604395604396,0.45
0.044009779951100246,0.45
0.044063647490820076,0.45
0.04411764705882353,0.45
0.044171779141104296,0.45
0.044226044226044224,0.45
0.04428044280442804,0.45
0.04433497536945813,0.45
0.04438964241676942,0.45
0.044444444444444446,0.45
0.04449938195302843,0.45
0.04455445544554455,0.45
0.04460966542750929,0.45
0.04466501240694789,0.45
0.04472049689440994,0.45
0.04477611940298507,0.45
0.0448318804483188,0.45
0.04488778054862843,0.45
0.0449438202247191,0.45
0.045,0.45
0.04380475594493116,0.4375
0.043859649122807015,0.4375
0.043914680050188205,0.4375
0.04396984924623116,0.4375
0.0440251572327044,0.4375
0.04408060453400504,0.4375
0.04287515762925599,0.425
0.04292929292929293,0.425
0.04298356510745891,0.425
0.043037974683544304,0.425
0.043092522179974654,0.425
0.04314720812182741,0.425
0.043202033036848796,0.425
0.043256997455470736,0.425
0.04331210191082802,0.425
0.04336734693877551,0.425
0.04342273307790549,0.425
0.043478260869565216,0.425
0.04353393085787452,0.425
0.04358974358974359,0.425
0.043645699614890884,0.425
0.043701799485861184,0.425
0.043758043758043756,0.425
0.04381443298969072,0.425
0.04387096774193548,0.425
0.04392764857881137,0.425
0.04398447606727038,0.425
0.04404145077720207,0.425
0.04409857328145266,0.425
0.04415584415584416,0.425
0.044213263979193757,0.425
0.044270833333333336,0.425
0.04432855280312908,0.425
0.044386422976501305,0.425
0.044444444444444446,0.425
0.04450261780104712,0.425
0.04456094364351245,0.425
0.04461942257217848,0.425
0.04467805519053877,0.425
0.04473684210526316,0.425
0.043478260869565216,0.4125
0.04353562005277045,0.4125
0.043593130779392336,0.4125
0.04365079365079365,0.4125
0.04370860927152318,0.4125
0.04376657824933687,0.4125
0.043824701195219126,0.4125
0.043882978723404256,0.4125
0.043941411451398134,0.4125
0.044,0.4125
0.044058744993324434,0.4125
0.04411764705882353,0.4125
0.04417670682730924,0.4125
0.04423592493297587,0.4125
0.04429530201342282,0.4125
0.04435483870967742,0.4125
0.04441453566621804,0.4125
0.0444743935309973,0.4125
0.044534412955465584,0.4125
0.0445945945945946,0.4125
0.044654939106901215,0.4125
0.044715447154471545,0.4125
0.04477611940298507,0.4125
0.04483695652173913,0.4125
0.044897959183673466,0.4125
0.04495912806539509,0.4125
0.045020463847203276,0.4125
0.045081967213114756,0.4125
0.04514363885088919,0.4125
0.045205479452054796,0.4125
0.04526748971193416,0.4125
0.04532967032967033,0.4125
0.0453920220082531,0.4125
0.045454545454545456,0.4125
0.04551724137931035,0.4125
0.04558011049723757,0.4125
0.04564315352697095,0.4125
0.045706371191135735,0.4125
0.04576976421636616,0.4125
0.044444444444444446,0.4
0.04450625869262865,0.4
0.04456824512534819,0.4
0.044630404463040445,0.4
0.0446927374301676,0.4
0.044755244755244755,0.4
0.04481792717086835,0.4
0.04488078541374474,0.4
0.0449438202247191,0.4
0.0450070323488045,0.4
0.04507042253521127,0.4
0.045133991537376586,0.4
0.04519774011299435,0.4
0.04526166902404526,0.4
0.0453257790368272,0.4
0.04539007092198582,0.4
0.045454545454545456,0.4
0.04551920341394026,0.4
0.045584045584045586,0.4
0.0456490727532097,0.4
0.045714285714285714,0.4
0.045779685264663805,0.4
0.045845272206303724,0.4
0.04591104734576758,0.4
0.04597701149425287,0.4
0.0460431654676259,0.4
0.04610951008645533,0.4
0.046176046176046176,0.4
0.046242774566473986,0.4
0.04630969609261939,0.4
0.0463768115942029,0.4
0.04644412191582003,0.4
0.046511627906976744,0.4
0.046579330422125184,0.4
0.04664723032069971,0.4
0.04671532846715328,0.4
0.04678362573099415,0.4
0.04685212298682284,0.4
0.0469208211143695,0.4
0.04698972099853157,0.4
0.045588235294117645,0.3875
0.045655375552282766,0.3875
0.045722713864306784,0.3875
0.04579025110782865,0.3875
0.04585798816568047,0.3875
0.045925925925925926,0.3875
0.04599406528189911,0.3875
0.04606240713224369,0.3875
0.046130952380952384,0.3875
0.046199701937406856,0.3875
0.04626865671641791,0.3875
0.04633781763826607,0.3875
0.04640718562874251,0.3875
0.046476761619190406,0.3875
0.046546546546546545,0.3875
0.04661654135338346,0.3875
0.046686746987951805,0.3875
0.04675716440422323,0.3875
0.04682779456193353,0.3875
0.046898638426626324,0.3875
0.04696969696969697,0.3875
0.04704097116843703,0.3875
0.04711246200607903,0.3875
0.0471841704718417,0.3875
0.04725609756097561,0.3875
0.04732824427480916,0.3875
0.047400611620795105,0.3875
0.045941807044410414,0.375
0.046012269938650305,0.375
0.04608294930875576,0.375
0.046153846153846156,0.375
0.046224961479198766,0.375
0.046296296296296294,0.375
0.04636785162287481,0.375
0.04643962848297214,0.375
0.046511627906976744,0.375
0.046583850931677016,0.375
0.04665629860031104,0.375
0.04672897196261682,0.375
0.046801872074883,0.375
0.046875,0.375
0.046948356807511735,0.375
0.047021943573667714,0.375
0.04709576138147567,0.375
0.04716981132075472,0.375
0.047244094488188976,0.375
0.0473186119873817,0.375
0.04739336492890995,0.375
0.04746835443037975,0.375
0.04754358161648178,0.375
0.047619047619047616,0.375
0.04769475357710652,0.375
0.04777070063694268,0.375
0.04784688995215311,0.375
0.04792332268370607,0.375
0.048,0.375
0.04807692307692308,0.375
0.048154093097913325,0.375
0.04823151125401929,0.375
0.04830917874396135,0.375
0.04838709677419355,0.375
0.048465266558966075,0.375
0.04854368932038835,0.375
0.04862236628849271,0.375
0.048701298701298704,0.375
0.04878048780487805,0.375
0.048859934853420196,0.375
0.048939641109298535,0.375
0.049019607843137254,0.375
0.049099836333878884,0.375
0.04918032786885246,0.375
0.04926108374384237,0.375
0.049342105263157895,0.375
0.04942339373970346,0.375
0.04950495049504951,0.375
0.047933884297520664,0.3625
0.048013245033112585,0.3625
0.04809286898839138,0.3625
0.04817275747508306,0.3625
0.048252911813643926,0.3625
0.04833333333333333,0.3625
0.048414023372287146,0.3625
0.048494983277591976,0.3625
0.048576214405360134,0.3625
0.04865771812080537,0.3625
0.04873949579831933,0.3625
0.04882154882154882,0.3625
0.048903878583473864,0.3625
0.0472972972972973,0.35
0.047377326565143825,0.35
0.04745762711864407,0.35
0.04753820033955857,0.35
0.047619047619047616,0.35
0.04770017035775128,0.35
0.04778156996587031,0.35
0.04786324786324787,0.35
0.04794520547945205,0.35
0.04631217838765009,0.3375
0.04639175257731959,0.3375
0.04647160068846816,0.3375
0.04655172413793104,0.3375
0.046632124352331605,0.3375
0.04671280276816609,0.3375
0.04679376083188908,0.3375
0.046875,0.3375
0.04695652173913043,0.3375
0.047038327526132406,0.3375
0.04712041884816754,0.3375
0.0472027972027972,0.3375
0.047285464098073555,0.3375
0.04736842105263158,0.3375
0.04745166959578207,0.3375
0.045774647887323945,0.325
0.04585537918871252,0.325
0.045936395759717315,0.325
0.04601769911504425,0.325
0.04609929078014184,0.325
0.046181172291296625,0.325
0.046263345195729534,0.325
0.04634581105169341,0.325
0.04642857142857143,0.325
0.044722719141323794,0.3125
0.044802867383512544,0.3125
0.04488330341113106,0.3125
0.044964028776978415,0.3125
0.04504504504504504,0.3125
0.04512635379061372,0.3125
0.045207956600361664,0.3125
0.04528985507246377,0.3125
0.045372050816696916,0.3125
0.045454545454545456,0.3125
0.04553734061930783,0.3125
0.04562043795620438,0.3125
0.04570383912248629,0.3125
0.045787545787545784,0.3125
0.045871559633027525,0.3125
0.04595588235294118,0.3125
0.04604051565377532,0.3125
0.046125461254612546,0.3125
0.04621072088724584,0.3125
0.046296296296296294,0.3125
0.04638218923933209,0.3125
0.046468401486988845,0.3125
0.04655493482309125,0.3125
0.04664179104477612,0.3125
0.04672897196261682,0.3125
0.04681647940074907,0.3125
0.04690431519699812,0.3125
0.046992481203007516,0.3125
0.047080979284369114,0.3125
0.04716981132075472,0.3125
0.04725897920604915,0.3125
0.045454545454545456,0.3
0.04554079696394687,0.3
0.045627376425855515,0.3
0.045714285714285714,0.3
0.04580152671755725,0.3
0.04397705544933078,0.2875
0.044061302681992334,0.2875
0.044145873320537425,0.2875
0.04423076923076923,0.2875
0.04431599229287091,0.2875
0.0444015444015444,0.2875
0.04448742746615087,0.2875
0.044573643410852716,0.2875
0.04466019417475728,0.2875
0.04474708171206226,0.2875
0.04483430799220273,0.2875
0.044921875,0.2875
0.04500978473581213,0.2875
0.045098039215686274,0.2875
0.04518664047151277,0.2875
0.045275590551181105,0.2875
0.045364891518737675,0.2875
0.045454545454545456,0.2875
0.04554455445544554,0.2875
0.04563492063492063,0.2875
0.04572564612326044,0.2875
0.045816733067729085,0.2875
0.04590818363273453,0.2875
0.046,0.2875
0.04609218436873747,0.2875
0.04618473895582329,0.2875
0.04627766599597585,0.2875
0.046370967741935484,0.2875
0.046464646464646465,0.2875
0.0465587044534413,0.2875
0.04665314401622718,0.2875
0.046747967479674794,0.2875
0.04684317718940937,0.2875
0.04693877551020408,0.2875
0.04703476482617587,0.2875
0.0471311475409836,0.2875
0.04722792607802875,0.2875
0.047325102880658436,0.2875
0.04742268041237113,0.2875
0.047520661157024795,0.2875
0.047619047619047616,0.2875
0.04771784232365145,0.2875
0.04781704781704782,0.2875
0.04791666666666667,0.2875
0.04801670146137787,0.2875
0.04811715481171548,0.2875
0.04821802935010482,0.2875
0.04831932773109244,0.2875
0.04842105263157895,0.2875
0.04852320675105485,0.2875
0.048625792811839326,0.2875
0.048728813559322036,0.2875
0.04883227176220807,0.2875
0.04893617021276596,0.2875
0.04904051172707889,0.2875
0.049145299145299144,0.2875
0.04925053533190578,0.2875
0.04935622317596566,0.2875
0.047311827956989246,0.275
0.04741379310344827,0.275
0.047516198704103674,0.275
0.047619047619047616,0.275
0.04772234273318872,0.275
0.04782608695652174,0.275
0.04793028322440087,0.275
0.048034934497816595,0.275
0.04814004376367615,0.275
0.04824561403508772,0.275
0.046153846153846156,0.2625
0.046255506607929514,0.2625
0.046357615894039736,0.2625
0.046460176991150445,0.2625
0.04656319290465632,0.2625
0.04666666666666667,0.2625
0.0467706013363029,0.2625
0.046875,0.2625
0.04697986577181208,0.2625
0.04708520179372197,0.2625
0.04719101123595506,0.2625
0.0472972972972973,0.2625
0.04740406320541761,0.2625
0.04751131221719457,0.2625
0.047619047619047616,0.2625
0.045454545454545456,0.25
0.04555808656036447,0.25
0.045662100456621,0.25
0.04576659038901602,0.25
0.045871559633027525,0.25
0.04367816091954023,0.2375
0.04377880184331797,0.2375
0.04387990762124711,0.2375
0.04398148148148148,0.2375
0.04408352668213457,0.2375
0.044186046511627906,0.2375
0.04428904428904429,0.2375
0.04439252336448598,0.2375
0.04449648711943794,0.2375
0.04460093896713615,0.2375
0.04470588235294118,0.2375
0.04481132075471698,0.2375
0.04491725768321513,0.2375
0.045023696682464455,0.2375
0.04513064133016627,0.2375
0.04523809523809524,0.2375
0.045346062052505964,0.2375
0.045454545454545456,0.2375
0.045563549160671464,0.2375
0.04326923076923077,0.225
0.043373493975903614,0.225
0.043478260869565216,0.225
0.043583535108958835,0.225
0.043689320388349516,0.225
0.043795620437956206,0.225
0.04390243902439024,0.225
0.044009779951100246,0.225
0.04411764705882353,0.225
0.044226044226044224,0.225
0.04433497536945813,0.225
0.044444444444444446,0.225
0.04455445544554455,0.225
0.04466501240694789,0.225
0.04477611940298507,0.225
0.04488778054862843,0.225
0.045,0.225
0.042606516290726815,0.2125
0.04271356783919598,0.2125
0.042821158690176324,0.2125
0.04292929292929293,0.2125
0.043037974683544304,0.2125
0.04314720812182741,0.2125
0.043256997455470736,0.2125
0.04336734693877551,0.2125
0.043478260869565216,0.2125
0.04358974358974359,0.2125
0.043701799485861184,0.2125
0.04381443298969072,0.2125
0.04392764857881137,0.2125
0.04404145077720207,0.2125
0.04415584415584416,0.2125
0.044270833333333336,0.2125
0.044386422976501305,0.2125
0.04450261780104712,0.2125
0.04461942257217848,0.2125
0.04473684210526316,0.2125
0.044854881266490766,0.2125
0.04497354497354497,0.2125
0.04509283819628647,0.2125
0.0425531914893617,0.2
0.042666666666666665,0.2
0.0427807486631016,0.2
0.04289544235924933,0.2
0.043010752688172046,0.2
0.0431266846361186,0.2
0.043243243243243246,0.2
0.04336043360433604,0.2
0.043478260869565216,0.2
0.043596730245231606,0.2
0.04371584699453552,0.2
0.043835616438356165,0.2
0.04395604395604396,0.2
0.0440771349862259,0.2
0.04419889502762431,0.2
0.0443213296398892,0.2
0.044444444444444446,0.2
0.04456824512534819,0.2
0.0446927374301676,0.2
0.04481792717086835,0.2
0.0449438202247191,0.2
0.04507042253521127,0.2
0.04519774011299435,0.2
0.0453257790368272,0.2
0.045454545454545456,0.2
0.045584045584045586,0.2
0.045714285714285714,0.2
0.045845272206303724,0.2
0.04597701149425287,0.2
0.04610951008645533,0.2
0.046242774566473986,0.2
0.0463768115942029,0.2
0.046511627906976744,0.2
0.04664723032069971,0.2
0.04678362573099415,0.2
0.0469208211143695,0.2
0.047058823529411764,0.2
0.0471976401179941,0.2
0.047337278106508875,0.2
0.04747774480712166,0.2
0.047619047619047616,0.2
0.04776119402985075,0.2
0.04790419161676647,0.2
0.04804804804804805,0.2
0.04819277108433735,0.2
0.04833836858006042,0.2
0.048484848484848485,0.2
0.0486322188449848,0.2
0.04878048780487805,0.2
0.04892966360856269,0.2
0.049079754601226995,0.2
0.04923076923076923,0.2
0.04938271604938271,0.2
0.04953560371517028,0.2
0.049689440993788817,0.2
0.04984423676012461,0.2
0.05,0.2
0.050156739811912224,0.2
0.050314465408805034,0.2
0.050473186119873815,0.2
0.05063291139240506,0.2
0.050793650793650794,0.2
0.050955414012738856,0.2
0.051118210862619806,0.2
0.05128205128205128,0.2
0.05144694533762058,0.2
0.05161290322580645,0.2
0.05177993527508091,0.2
0.05194805194805195,0.2
0.05211726384364821,0.2
0.049019607843137254,0.1875
0.04918032786885246,0.1875
0.049342105263157895,0.1875
0.04950495049504951,0.1875
0.04966887417218543,0.1875
0.04983388704318937,0.1875
0.05,0.1875
0.05016722408026756,0.1875
0.050335570469798654,0.1875
0.050505050505050504,0.1875
0.05067567567567568,0.1875
0.04745762711864407,0.175
0.047619047619047616,0.175
0.04778156996587031,0.175
0.04794520547945205,0.175
0.048109965635738834,0.175
0.04827586206896552,0.175
0.04844290657439446,0.175
0.04513888888888889,0.1625
0.041811846689895474,0.15
0.04195804195804196,0.15
0.042105263157894736,0.15
0.04225352112676056,0.15
0.04240282685512368,0.15
0.0425531914893617,0.15
0.042704626334519574,0.15
0.04285714285714286,0.15
0.043010752688172046,0.15
0.04316546762589928,0.15
0.04332129963898917,0.15
0.043478260869565216,0.15
0.04363636363636364,0.15
0.043795620437956206,0.15
0.04395604395604396,0.15
0.04411764705882353,0.15
0.04428044280442804,0.15
0.044444444444444446,0.15
0.04460966542750929,0.15
0.04477611940298507,0.15
0.0449438202247191,0.15
0.045112781954887216,0.15
0.045283018867924525,0.15
0.045454545454545456,0.15
0.045627376425855515,0.15
0.04580152671755725,0.15
0.04597701149425287,0.15
0.046153846153846156,0.15
0.04633204633204633,0.15
0.046511627906976744,0.15
0.04669260700389105,0.15
0.046875,0.15
0.043137254901960784,0.1375
0.04330708661417323,0.1375
0.043478260869565216,0.1375
0.04365079365079365,0.1375
0.043824701195219126,0.1375
0.044,0.1375
0.04417670682730924,0.1375
0.04435483870967742,0.1375
0.044534412955465584,0.1375
0.044715447154471545,0.1375
0.044897959183673466,0.1375
0.040983606557377046,0.125
0.0411522633744856,0.125
0.04132231404958678,0.125
0.04149377593360996,0.125
0.041666666666666664,0.125
0.04184100418410042,0.125
0.04201680672268908,0.125
0.04219409282700422,0.125
0.0423728813559322,0.125
0.0425531914893617,0.125
0.042735042735042736,0.125
0.04291845493562232,0.125
0.04310344827586207,0.125
0.04329004329004329,0.125
0.043478260869565216,0.125
0.043668122270742356,0.125
0.043859649122807015,0.125
0.04405286343612335,0.125
0.04424778761061947,0.125
0.044444444444444446,0.125
0.044642857142857144,0.125
0.04484304932735426,0.125
0.04504504504504504,0.125
0.04524886877828054,0.125
0.045454545454545456,0.125
0.045662100456621,0.125
0.04128440366972477,0.1125
0.041474654377880185,0.1125
0.041666666666666664,0.1125
0.04186046511627907,0.1125
0.04205607476635514,0.1125
0.04225352112676056,0.1125
0.04245283018867924,0.1125
0.04265402843601896,0.1125
0.04285714285714286,0.1125
0.0430622009569378,0.1125
0.04326923076923077,0.1125
0.043478260869565216,0.1125
0.043689320388349516,0.1125
0.04390243902439024,0.1125
0.04411764705882353,0.1125
0.04433497536945813,0.1125
0.04455445544554455,0.1125
0.04477611940298507,0.1125
0.045,0.1125
0.04522613065326633,0.1125
0.045454545454545456,0.1125
0.04568527918781726,0.1125
0.04591836734693878,0.1125
0.046153846153846156,0.1125
0.04639175257731959,0.1125
0.046632124352331605,0.1125
0.046875,0.1125
0.04712041884816754,0.1125
0.04736842105263158,0.1125
0.047619047619047616,0.1125
0.047872340425531915,0.1125
0.0481283422459893,0.1125
0.04838709677419355,0.1125
0.04864864864864865,0.1125
0.04891304347826087,0.1125
0.04918032786885246,0.1125
0.04945054945054945,0.1125
0.049723756906077346,0.1125
0.05,0.1125
0.05027932960893855,0.1125
0.05056179775280899,0.1125
0.05084745762711865,0.1125
0.05113636363636364,0.1125
0.05142857142857143,0.1125
0.05172413793103448,0.1125
0.046242774566473986,0.1
0.046511627906976744,0.1
0.04678362573099415,0.1
0.047058823529411764,0.1
0.047337278106508875,0.1
0.047619047619047616,0.1
0.04790419161676647,0.1
0.04819277108433735,0.1
0.048484848484848485,0.1
0.04878048780487805,0.1
0.049079754601226995,0.1
0.04938271604938271,0.1
0.049689440993788817,0.1
0.05,0.1
0.050314465408805034,0.1
0.05063291139240506,0.1
0.050955414012738856,0.1
0.05128205128205128,0.1
0.05161290322580645,0.1
0.05194805194805195,0.1
0.05228758169934641,0.1
0.05263157894736842,0.1
0.052980132450331126,0.1
0.05333333333333334,0.1
0.053691275167785234,0.1
0.05405405405405406,0.1
0.05442176870748299,0.1
0.0547945205479452,0.1
0.05517241379310345,0.1
0.05555555555555555,0.1
0.055944055944055944,0.1
0.056338028169014086,0.1
0.05673758865248227,0.1
0.05714285714285714,0.1
0.05755395683453238,0.1
0.057971014492753624,0.1
0.058394160583941604,0.1
0.058823529411764705,0.1
0.05925925925925926,0.1
0.05970149253731343,0.1
0.06015037593984962,0.1
0.06060606060606061,0.1
0.061068702290076333,0.1
0.06153846153846154,0.1
0.06201550387596899,0.1
0.0546875,0.0875
0.05511811023622047,0.0875
0.05555555555555555,0.0875
0.056,0.0875
0.056451612903225805,0.0875
0.056910569105691054,0.0875
0.05737704918032787,0.0875
0.05785123966942149,0.0875
0.058333333333333334,0.0875
0.058823529411764705,0.0875
0.059322033898305086,0.0875
0.05982905982905983,0.0875
0.0603448275862069,0.0875
0.06086956521739131,0.0875
0.06140350877192982,0.0875
0.061946902654867256,0.0875
0.0625,0.0875
0.06306306306306306,0.0875
0.06363636363636363,0.0875
0.06422018348623854,0.0875
0.06481481481481481,0.0875
0.06542056074766354,0.0875
0.0660377358490566,0.0875
0.06666666666666667,0.0875
0.0673076923076923,0.0875
0.06796116504854369,0.0875
0.06862745098039216,0.0875
0.06930693069306931,0.0875
0.06,0.075
0.06060606060606061,0.075
0.061224489795918366,0.075
0.05154639175257732,0.0625
0.052083333333333336,0.0625
0.042105263157894736,0.05
0.0425531914893617,0.05
0.043010752688172046,0.05
0.043478260869565216,0.05
0.04395604395604396,0.05
0.044444444444444446,0.05
0.0449438202247191,0.05
0.045454545454545456,0.05
0.04597701149425287,0.05
0.046511627906976744,0.05
0.047058823529411764,0.05
0.047619047619047616,0.05
0.04819277108433735,0.05
0.04878048780487805,0.05
0.04938271604938271,0.05
0.05,0.05
0.05063291139240506,0.05
0.05128205128205128,0.05
0.05194805194805195,0.05
0.05263157894736842,0.05
0.05333333333333334,0.05
0.05405405405405406,0.05
0.0547945205479452,0.05
0.05555555555555555,0.05
0.056338028169014086,0.05
0.05714285714285714,0.05
0.057971014492753624,0.05
0.058823529411764705,0.05
0.05970149253731343,0.05
0.06060606060606061,0.05
0.06153846153846154,0.05
0.0625,0.05
0.06349206349206349,0.05
0.06451612903225806,0.05
0.06557377049180328,0.05
0.06666666666666667,0.05
0.06779661016949153,0.05
0.06896551724137931,0.05
0.07017543859649122,0.05
0.07142857142857142,0.05
0.07272727272727272,0.05
0.07407407407407407,0.05
0.07547169811320754,0.05
0.07692307692307693,0.05
0.0784313725490196,0.05
0.08,0.05
0.08163265306122448,0.05
0.08333333333333333,0.05
0.0851063829787234,0.05
0.08695652173913043,0.05
0.08888888888888889,0.05
0.09090909090909091,0.05
0.09302325581395349,0.05
0.09523809523809523,0.05
0.0975609756097561,0.05
0.1,0.05
0.10256410256410256,0.05
0.10526315789473684,0.05
0.10810810810810811,0.05
0.1111111111111111,0.05
0.11428571428571428,0.05
0.11764705882352941,0.05
0.12121212121212122,0.05
0.125,0.05
0.12903225806451613,0.05
0.1,0.0375
0.10344827586206896,0.0375
0.10714285714285714,0.0375
0.1111111111111111,0.0375
0.11538461538461539,0.0375
0.12,0.0375
0.08333333333333333,0.025
0.08695652173913043,0.025
0.09090909090909091,0.025
0.09523809523809523,0.025
0.1,0.025
0.10526315789473684,0.025
0.1111111111111111,0.025
0.11764705882352941,0.025
0.125,0.025
0.06666666666666667,0.0125
0.07142857142857142,0.0125
0.07692307692307693,0.0125
0.08333333333333333,0.0125
0.09090909090909091,0.0125
0.1,0.0125
0.1111111111111111,0.0125
0.125,0.0125
0.0,0.0
0.0,0.0
0.0,0.0
0.0,0.0
0.0,0.0
0.0,0.0
0.0,0.0
1.0,0.0
