Precision,Recall
0.039081582804103565,1.0
0.0386119257086999,0.9875
0.03863080684596577,0.9875
0.038649706457925634,0.9875
0.03866862457170827,0.9875
0.03868756121449559,0.9875
0.03870651641352278,0.9875
0.03872549019607843,0.9875
0.03874448258950466,0.9875
0.03876349362119725,0.9875
0.038782523318605794,0.9875
0.03880157170923379,0.9875
0.03882063882063882,0.9875
0.03883972468043265,0.9875
0.03885882931628136,0.9875
0.03887795275590551,0.9875
0.038897095027080254,0.9875
0.03891625615763547,0.9875
0.03893543617545589,0.9875
0.03895463510848126,0.9875
0.038973852984706465,0.9875
0.03899308983218164,0.9875
0.03901234567901234,0.9875
0.03903162055335968,0.9875
0.03905091448344043,0.9875
0.0390702274975272,0.9875
0.03908955962394854,0.9875
0.03910891089108911,0.9875
0.0391282813273898,0.9875
0.03914767096134787,0.9875
0.039167079821517105,0.9875
0.039186507936507936,0.9875
0.039205955334987594,0.9875
0.03922542204568024,0.9875
0.039244908097367116,0.9875
0.03926441351888668,0.9875
0.03928393833913476,0.9875
0.039303482587064675,0.9875
0.039323046291687404,0.9875
0.03934262948207171,0.9875
0.0393622321873443,0.9875
0.03938185443668993,0.9875
0.03940149625935162,0.9875
0.03942115768463074,0.9875
0.03944083874188717,0.9875
0.039460539460539464,0.9875
0.03948025987006497,0.9875
0.0395,0.9875
0.03951975987993997,0.9875
0.03953953953953954,0.9875
0.039559339008512766,0.9875
0.039579158316633264,0.9875
0.039598997493734335,0.9875
0.03961885656970913,0.9875
0.03963873557451079,0.9875
0.03965863453815261,0.9875
0.03967855349070819,0.9875
0.03969849246231156,0.9875
0.03971845148315736,0.9875
0.039738430583501,0.9875
0.03975842979365878,0.9875
0.039778449144008056,0.9875
0.039798488664987405,0.9875
0.039818548387096774,0.9875
0.03983862834089763,0.9875
0.03985872855701312,0.9875
0.039878849066128215,0.9875
0.0398989898989899,0.9875
0.03991915108640728,0.9875
0.03993933265925177,0.9875
0.03995953464845726,0.9875
0.039979757085020245,0.9875
0.04,0.9875
0.04002026342451875,0.9875
0.04004054738976178,0.9875
0.04006085192697769,0.9875
0.040081177067478435,0.9875
0.04010152284263959,0.9875
0.04012188928390046,0.9875
0.04014227642276423,0.9875
0.04016268429079817,0.9875
0.04018311291963377,0.9875
0.04020356234096692,0.9875
0.040224032586558045,0.9875
0.040244523688232295,0.9875
0.040265035677879715,0.9875
0.04028556858745538,0.9875
0.04030612244897959,0.9875
0.04032669729453803,0.9875
0.04034729315628192,0.9875
0.0403679100664282,0.9875
0.040388548057259714,0.9875
0.04040920716112532,0.9875
0.040429887410440124,0.9875
0.04045058883768561,0.9875
0.04047131147540984,0.9875
0.040492055356227574,0.9875
0.04051282051282051,0.9875
0.040533606977937404,0.9875
0.04055441478439425,0.9875
0.040575243965074476,0.9875
0.040596094552929084,0.9875
0.04061696658097686,0.9875
0.04063786008230453,0.9875
0.040658775090066906,0.9875
0.040679711637487126,0.9875
0.04070066975785677,0.9875
0.040721649484536084,0.9875
0.0407426508509541,0.9875
0.04076367389060888,0.9875
0.04078471863706763,0.9875
0.040805785123966945,0.9875
0.04082687338501292,0.9875
0.040847983453981385,0.9875
0.04086911536471805,0.9875
0.04089026915113872,0.9875
0.04091144484722942,0.9875
0.04093264248704663,0.9875
0.04095386210471747,0.9875
0.040975103734439834,0.9875
0.04099636741048261,0.9875
0.04101765316718588,0.9875
0.04103896103896104,0.9875
0.04106029106029106,0.9875
0.041081643265730626,0.9875
0.041103017689906346,0.9875
0.04112441436751692,0.9875
0.04114583333333333,0.9875
0.04116727462219906,0.9875
0.04118873826903024,0.9875
0.04121022430881586,0.9875
0.04123173277661795,0.9875
0.0412532637075718,0.9875
0.041274817136886105,0.9875
0.041296393099843176,0.9875
0.04131799163179916,0.9875
0.041339612768184195,0.9875
0.041361256544502616,0.9875
0.04138292299633316,0.9875
0.04140461215932914,0.9875
0.041426324069218666,0.9875
0.041448058761804824,0.9875
0.04146981627296588,0.9875
0.04149159663865546,0.9875
0.04151339989490278,0.9875
0.04153522607781283,0.9875
0.041557075223566546,0.9875
0.041578947368421056,0.9875
0.04160084254870985,0.9875
0.04162276080084299,0.9875
0.04164470216130733,0.9875
0.041666666666666664,0.9875
0.041688654353562005,0.9875
0.04171066525871172,0.9875
0.04173269941891178,0.9875
0.04175475687103594,0.9875
0.041248016922263354,0.975
0.04126984126984127,0.975
0.04129168872419269,0.975
0.0413135593220339,0.975
0.04133545310015898,0.975
0.041357370095440084,0.975
0.041379310344827586,0.975
0.041401273885350316,0.975
0.04142326075411577,0.975
0.04144527098831031,0.975
0.04146730462519936,0.975
0.040957446808510635,0.9625
0.04097924427887174,0.9625
0.041001064962726305,0.9625
0.041022908897176344,0.9625
0.041044776119402986,0.9625
0.04106666666666667,0.9625
0.04108858057630736,0.9625
0.041110517885744796,0.9625
0.04113247863247863,0.9625
0.04115446285408872,0.9625
0.041176470588235294,0.9625
0.04119850187265917,0.9625
0.04122055674518201,0.9625
0.04124263524370648,0.9625
0.04126473740621651,0.9625
0.04128686327077748,0.9625
0.04130901287553648,0.9625
0.041331186258722494,0.9625
0.041353383458646614,0.9625
0.04137560451370231,0.9625
0.04139784946236559,0.9625
0.04142011834319527,0.9625
0.041442411194833155,0.9625
0.041464728056004305,0.9625
0.041487068965517244,0.9625
0.04150943396226415,0.9625
0.041531823085221145,0.9625
0.04155423637344846,0.9625
0.041576673866090715,0.9625
0.041599135602377095,0.9625
0.04162162162162162,0.9625
0.04164413196322336,0.9625
0.041666666666666664,0.9625
0.041689225771521385,0.9625
0.04171180931744312,0.9625
0.04173441734417344,0.9625
0.04175704989154013,0.9625
0.041779706999457406,0.9625
0.041802388707926165,0.9625
0.04182509505703422,0.9625
0.04184782608695652,0.9625
0.04187058183795541,0.9625
0.041893362350380846,0.9625
0.041916167664670656,0.9625
0.041938997821350764,0.9625
0.041961852861035424,0.9625
0.04198473282442748,0.9625
0.042007637752318604,0.9625
0.04203056768558952,0.9625
0.042053522665210265,0.9625
0.04207650273224044,0.9625
0.04209950792782941,0.9625
0.04212253829321663,0.9625
0.0421455938697318,0.9625
0.04216867469879518,0.9625
0.04219178082191781,0.9625
0.042214912280701754,0.9625
0.042238069116840374,0.9625
0.04226125137211855,0.9625
0.04228445908841296,0.9625
0.04230769230769231,0.9625
0.04233095107201759,0.9625
0.04235423542354235,0.9625
0.04237754540451293,0.9625
0.042400881057268726,0.9625
0.04242424242424243,0.9625
0.04244762954796031,0.9625
0.04247104247104247,0.9625
0.04249448123620309,0.9625
0.04251794588625069,0.9625
0.042541436464088395,0.9625
0.04256495301271421,0.9625
0.042588495575221236,0.9625
0.04261206419479801,0.9625
0.04263565891472868,0.9625
0.04265927977839335,0.9625
0.042682926829268296,0.9625
0.04270660011092623,0.9625
0.04273029966703663,0.9625
0.042754025541365905,0.9625
0.042777777777777776,0.9625
0.042801556420233464,0.9625
0.04282536151279199,0.9625
0.04284919309961046,0.9625
0.04287305122494432,0.9625
0.04289693593314763,0.9625
0.04292084726867335,0.9625
0.04294478527607362,0.9625
0.04296875,0.9625
0.042992741485203795,0.9625
0.043016759776536316,0.9625
0.043040804918949134,0.9625
0.043064876957494405,0.9625
0.04308897593732513,0.9625
0.04311310190369541,0.9625
0.043137254901960784,0.9625
0.043161434977578475,0.9625
0.04318564217610768,0.9625
0.043209876543209874,0.9625
0.043234138124649074,0.9625
0.04325842696629213,0.9625
0.04328274311410905,0.9625
0.04330708661417323,0.9625
0.04333145751266179,0.9625
0.04335585585585586,0.9625
0.04338028169014085,0.9625
0.04340473506200677,0.9625
0.04342921601804851,0.9625
0.04345372460496614,0.9625
0.043478260869565216,0.9625
0.04350282485875706,0.9625
0.04352741661955907,0.9625
0.04355203619909502,0.9625
0.04357668364459536,0.9625
0.04360135900339751,0.9625
0.04362606232294618,0.9625
0.04365079365079365,0.9625
0.04367555303460011,0.9625
0.04370034052213394,0.9625
0.043725156161272004,0.9625
0.04375,0.9625
0.04377487208641274,0.9625
0.04379977246871445,0.9625
0.043824701195219126,0.9625
0.043849658314350795,0.9625
0.043874643874643876,0.9625
0.04389965792474344,0.9625
0.04392470051340559,0.9625
0.043949771689497714,0.9625
0.04397487150199886,0.9625
0.044,0.9625
0.0440251572327044,0.9625
0.044050343249427915,0.9625
0.044075558099599316,0.9625
0.0441008018327606,0.9625
0.044126074498567334,0.9625
0.04415137614678899,0.9625
0.04417670682730924,0.9625
0.04420206659012629,0.9625
0.04422745548535324,0.9625
0.044252873563218394,0.9625
0.04427832087406555,0.9625
0.04430379746835443,0.9625
0.04432930339666091,0.9625
0.04435483870967742,0.9625
0.04438040345821326,0.9625
0.04440599769319493,0.9625
0.044431621465666475,0.9625
0.044457274826789836,0.9625
0.04448295782784518,0.9625
0.04450867052023121,0.9625
0.044534412955465584,0.9625
0.04456018518518518,0.9625
0.044585987261146494,0.9625
0.044611819235225954,0.9625
0.04463768115942029,0.9625
0.04466357308584687,0.9625
0.04468949506674405,0.9625
0.044715447154471545,0.9625
0.04474142940151075,0.9625
0.044767441860465114,0.9625
0.0447934845840605,0.9625
0.044819557625145515,0.9625
0.0448456610366919,0.9625
0.04487179487179487,0.9625
0.044897959183673466,0.9625
0.044924154025670945,0.9625
0.04495037945125511,0.9625
0.04497663551401869,0.9625
0.04500292226767972,0.9625
0.04502923976608187,0.9625
0.04505558806319485,0.9625
0.045081967213114756,0.9625
0.04510837727006444,0.9625
0.045134818288393906,0.9625
0.04516129032258064,0.9625
0.04518779342723005,0.9625
0.04521432765707575,0.9625
0.04524089306698002,0.9625
0.04526748971193416,0.9625
0.045294117647058825,0.9625
0.04532077692760447,0.9625
0.04534746760895171,0.9625
0.04537418974661167,0.9625
0.04540094339622641,0.9625
0.04542772861356932,0.9625
0.045454545454545456,0.9625
0.045481393975191964,0.9625
0.04550827423167849,0.9625
0.04553518628030751,0.9625
0.045562130177514794,0.9625
0.045589105979869746,0.9625
0.04561611374407583,0.9625
0.04564315352697095,0.9625
0.045670225385527875,0.9625
0.0456973293768546,0.9625
0.045724465558194774,0.9625
0.0457516339869281,0.9625
0.045778834720570746,0.9625
0.04580606781677573,0.9625
0.04583333333333333,0.9625
0.04586063132817153,0.9625
0.045887961859356376,0.9625
0.045915324985092425,0.9625
0.045942720763723154,0.9625
0.04597014925373134,0.9625
0.045997610513739545,0.9625
0.04602510460251046,0.9625
0.046052631578947366,0.9625
0.04608019150209455,0.9625
0.04610778443113772,0.9625
0.046135410425404436,0.9625
0.046163069544364506,0.9625
0.04619076184763048,0.9625
0.046218487394957986,0.9625
0.04624624624624624,0.9625
0.046274038461538464,0.9625
0.04630186410102225,0.9625
0.04632972322503008,0.9625
0.046357615894039736,0.9625
0.0463855421686747,0.9625
0.046413502109704644,0.9625
0.046441495778045835,0.9625
0.04646952323476162,0.9625
0.0464975845410628,0.9625
0.04652567975830816,0.9625
0.046553808948004836,0.9625
0.04658197217180883,0.9625
0.046610169491525424,0.9625
0.04663840096910963,0.9625
0.04666666666666667,0.9625
0.046694966646452396,0.9625
0.046723300970873786,0.9625
0.046751669702489375,0.9625
0.04678007290400972,0.9625
0.04680851063829787,0.9625
0.04683698296836983,0.9625
0.04686548995739501,0.9625
0.04689403166869671,0.9625
0.04692260816575259,0.9625
0.04695121951219512,0.9625
0.04697986577181208,0.9625
0.04700854700854701,0.9625
0.047037263286499695,0.9625
0.04706601466992665,0.9625
0.04709480122324159,0.9625
0.047123623011015914,0.9625
0.04715248009797918,0.9625
0.04718137254901961,0.9625
0.04721030042918455,0.9625
0.04723926380368098,0.9625
0.047268262737875995,0.9625
0.0472972972972973,0.9625
0.04732636754763368,0.9625
0.047355473554735544,0.9625
0.047384615384615386,0.9625
0.04741379310344827,0.9625
0.0474430067775724,0.9625
0.047472256473489516,0.9625
0.047501542257865514,0.9625
0.047530864197530866,0.9625
0.04756022235948116,0.9625
0.04758961681087762,0.9625
0.047619047619047616,0.9625
0.04764851485148515,0.9625
0.04767801857585139,0.9625
0.04770755885997522,0.9625
0.04773713577185369,0.9625
0.047766749379652605,0.9625
0.04779639975170701,0.9625
0.04782608695652174,0.9625
0.04785581106277191,0.9625
0.04788557213930348,0.9625
0.04791537025513379,0.9625
0.04794520547945205,0.9625
0.047975077881619935,0.9625
0.04800498753117207,0.9625
0.048034934497816595,0.9625
0.048064918851435705,0.9625
0.048094940662086194,0.9625
0.048125,0.9625
0.04815509693558474,0.9625
0.04818523153942428,0.9625
0.048215403882279274,0.9625
0.04824561403508772,0.9625
0.04827586206896552,0.9625
0.04830614805520703,0.9625
0.04833647206528562,0.9625
0.04836683417085427,0.9625
0.04839723444374607,0.9625
0.048427672955974846,0.9625
0.048458149779735685,0.9625
0.04848866498740554,0.9625
0.048519218651543794,0.9625
0.048549810844892814,0.9625
0.04858044164037855,0.9625
0.04861111111111111,0.9625
0.04864181933038535,0.9625
0.048672566371681415,0.9625
0.048703352308665404,0.9625
0.048734177215189876,0.9625
0.04876504116529449,0.9625
0.048795944233206594,0.9625
0.04882688649334179,0.9625
0.04885786802030457,0.9625
0.04888888888888889,0.9625
0.04891994917407878,0.9625
0.04895104895104895,0.9625
0.048982188295165395,0.9625
0.049013367281986,0.9625
0.04904458598726115,0.9625
0.049075844486934354,0.9625
0.049107142857142856,0.9625
0.04913848117421825,0.9625
0.0491698595146871,0.9625
0.049201277955271565,0.9625
0.049232736572890026,0.9625
0.04926423544465771,0.9625
0.04929577464788732,0.9625
0.04932735426008968,0.9625
0.04935897435897436,0.9625
0.04939063502245029,0.9625
0.04942233632862644,0.9625
0.04945407835581246,0.9625
0.04948586118251928,0.9625
0.049517684887459806,0.9625
0.04954954954954955,0.9625
0.049581455247907275,0.9625
0.04961340206185567,0.9625
0.04964539007092199,0.9625
0.04967741935483871,0.9625
0.04970948999354422,0.9625
0.04974160206718346,0.9625
0.049773755656108594,0.9625
0.04980595084087969,0.9625
0.04983818770226537,0.9625
0.04987046632124352,0.9625
0.049902786779001944,0.9625
0.04993514915693904,0.9625
0.0499675535366645,0.9625
0.05,0.9625
0.050032488628979854,0.9625
0.05006501950585176,0.9625
0.05009759271307743,0.9625
0.050130208333333336,0.9625
0.0501628664495114,0.9625
0.050195567144719684,0.9625
0.0502283105022831,0.9625
0.05026109660574413,0.9625
0.050293925538863485,0.9625
0.05032679738562092,0.9625
0.050359712230215826,0.9625
0.05039267015706806,0.9625
0.0504256712508186,0.9625
0.05045871559633028,0.9625
0.050491803278688525,0.9625
0.049868766404199474,0.95
0.04990151017728168,0.95
0.04993429697766097,0.95
0.049967126890203814,0.95
0.05,0.95
0.050032916392363395,0.95
0.05006587615283267,0.95
0.05009887936717205,0.95
0.05013192612137203,0.95
0.050165016501650166,0.95
0.05019815059445178,0.95
0.05023132848645076,0.95
0.05026455026455026,0.95
0.05029781601588352,0.95
0.05033112582781457,0.95
0.05036447978793903,0.95
0.050397877984084884,0.95
0.050431320504313204,0.95
0.05046480743691899,0.95
0.0504983388704319,0.95
0.05053191489361702,0.95
0.05056553559547571,0.95
0.05059920106524634,0.95
0.05063291139240506,0.95
0.050666666666666665,0.95
0.050700466977985324,0.95
0.050734312416555405,0.95
0.05076820307281229,0.95
0.05080213903743316,0.95
0.050836120401337795,0.95
0.050870147255689425,0.95
0.050904219691895514,0.95
0.05093833780160858,0.95
0.05097250167672703,0.95
0.05100671140939597,0.95
0.05104096709200806,0.95
0.051075268817204304,0.95
0.05110961667787491,0.95
0.05114401076716016,0.95
0.05117845117845118,0.95
0.05121293800539083,0.95
0.05124747134187458,0.95
0.05128205128205128,0.95
0.05131667792032411,0.95
0.051351351351351354,0.95
0.05138607167004733,0.95
0.05142083897158322,0.95
0.05145565335138795,0.95
0.051490514905149054,0.95
0.05152542372881356,0.95
0.051560379918588875,0.95
0.051595383570943655,0.95
0.051630434782608696,0.95
0.05166553365057784,0.95
0.05170068027210884,0.95
0.051735874744724304,0.95
0.051771117166212535,0.95
0.051806407634628494,0.95
0.05184174624829468,0.95
0.05187713310580205,0.95
0.05191256830601093,0.95
0.05194805194805195,0.95
0.05198358413132695,0.95
0.05201916495550993,0.95
0.052054794520547946,0.95
0.0520904729266621,0.95
0.05212620027434842,0.95
0.05216197666437886,0.95
0.0521978021978022,0.95
0.05223367697594502,0.95
0.052269601100412656,0.95
0.05230557467309016,0.95
0.05234159779614325,0.95
0.052377670572019294,0.95
0.05241379310344828,0.95
0.05244996549344375,0.95
0.052486187845303865,0.95
0.0525224602626123,0.95
0.05255878284923928,0.95
0.05259515570934256,0.95
0.05263157894736842,0.95
0.05266805266805267,0.95
0.052704576976421634,0.95
0.0527411519777932,0.95
0.05277777777777778,0.95
0.05281445448227936,0.95
0.05285118219749652,0.95
0.05288796102992345,0.95
0.05222841225626741,0.9375
0.05226480836236934,0.9375
0.05230125523012552,0.9375
0.052337752965806,0.9375
0.052374301675977654,0.9375
0.05241090146750524,0.9375
0.05244755244755245,0.9375
0.052484254723582924,0.9375
0.052521008403361345,0.9375
0.05255781359495445,0.9375
0.052594670406732116,0.9375
0.05263157894736842,0.9375
0.05266853932584269,0.9375
0.05270555165144062,0.9375
0.052742616033755275,0.9375
0.05277973258268825,0.9375
0.0528169014084507,0.9375
0.052854122621564484,0.9375
0.05289139633286319,0.9375
0.0529287226534933,0.9375
0.05296610169491525,0.9375
0.053003533568904596,0.9375
0.05304101838755304,0.9375
0.05307855626326964,0.9375
0.05311614730878187,0.9375
0.05315379163713678,0.9375
0.05319148936170213,0.9375
0.053229240596167494,0.9375
0.053267045454545456,0.9375
0.053304904051172705,0.9375
0.05334281650071124,0.9375
0.05338078291814947,0.9375
0.053418803418803416,0.9375
0.05274411974340699,0.925
0.052781740370898715,0.925
0.05281941470378301,0.925
0.05285714285714286,0.925
0.05289492494639028,0.925
0.05293276108726753,0.925
0.052970651395848244,0.925
0.05300859598853868,0.925
0.05304659498207885,0.925
0.05308464849354376,0.925
0.05312275664034458,0.925
0.05316091954022988,0.925
0.053199137311286844,0.925
0.053237410071942444,0.925
0.05327573794096472,0.925
0.053314121037463975,0.925
0.05335255948089401,0.925
0.05266955266955267,0.9125
0.05270758122743682,0.9125
0.052745664739884394,0.9125
0.05278380332610268,0.9125
0.052821997105643996,0.9125
0.05286024619840695,0.9125
0.05289855072463768,0.9125
0.05293691080493111,0.9125
0.05297532656023222,0.9125
0.053013798111837325,0.9125
0.053052325581395346,0.9125
0.05309090909090909,0.9125
0.05312954876273653,0.9125
0.05316824471959213,0.9125
0.053206997084548104,0.9125
0.05324580598103574,0.9125
0.05328467153284672,0.9125
0.053323593864134405,0.9125
0.0533625730994152,0.9125
0.053401609363569864,0.9125
0.053440702781844804,0.9125
0.05347985347985348,0.9125
0.053519061583577714,0.9125
0.05355832721936904,0.9125
0.053597650513950074,0.9125
0.05363703159441587,0.9125
0.05367647058823529,0.9125
0.05371596762325239,0.9125
0.05375552282768778,0.9125
0.05379513633014001,0.9125
0.05383480825958702,0.9125
0.05387453874538745,0.9125
0.05391432791728213,0.9125
0.05395417590539542,0.9125
0.053994082840236685,0.9125
0.0540340488527017,0.9125
0.05407407407407407,0.9125
0.054114158636026685,0.9125
0.05341246290801187,0.9
0.053452115812917596,0.9
0.05349182763744428,0.9
0.053531598513011154,0.9
0.05357142857142857,0.9
0.05361131794489948,0.9
0.05365126676602087,0.9
0.053691275167785234,0.9
0.05373134328358209,0.9
0.0537714712471994,0.9
0.053811659192825115,0.9
0.05385190725504862,0.9
0.05389221556886228,0.9
0.05393258426966292,0.9
0.053973013493253376,0.9
0.05401350337584396,0.9
0.05405405405405406,0.9
0.054094665664913597,0.9
0.05413533834586466,0.9
0.05417607223476298,0.9
0.05421686746987952,0.9
0.05425772418990203,0.9
0.05429864253393665,0.9
0.05433962264150943,0.9
0.054380664652567974,0.9
0.05442176870748299,0.9
0.05446293494704992,0.9
0.05450416351249054,0.9
0.05454545454545454,0.9
0.05458680818802123,0.9
0.054628224582701064,0.9
0.05466970387243736,0.9
0.0547112462006079,0.9
0.05475285171102662,0.9
0.0547945205479452,0.9
0.05483625285605483,0.9
0.054878048780487805,0.9
0.05491990846681922,0.9
0.0549618320610687,0.9
0.05500381970970206,0.9
0.05504587155963303,0.9
0.05508798775822494,0.9
0.055130168453292494,0.9
0.05517241379310345,0.9
0.05521472392638037,0.9
0.05525709900230238,0.9
0.055299539170506916,0.9
0.05534204458109147,0.9
0.055384615384615386,0.9
0.05542725173210162,0.9
0.05546995377503852,0.9
0.05551272166538165,0.9
0.05555555555555555,0.9
0.055598455598455596,0.9
0.05564142194744977,0.9
0.05568445475638051,0.9
0.05572755417956656,0.9
0.055770720371804805,0.9
0.05581395348837209,0.9
0.055857253685027156,0.9
0.055900621118012424,0.9
0.055944055944055944,0.9
0.05598755832037325,0.9
0.05603112840466926,0.9
0.056074766355140186,0.9
0.05611847233047545,0.9
0.056162246489859596,0.9
0.05620608899297424,0.9
0.05625,0.9
0.05551211884284597,0.8875
0.05555555555555555,0.8875
0.05559906029757244,0.8875
0.055642633228840124,0.8875
0.05568627450980392,0.8875
0.05572998430141287,0.8875
0.05577376276512176,0.8875
0.05581761006289308,0.8875
0.05586152635719906,0.8875
0.05590551181102362,0.8875
0.05594956658786446,0.8875
0.055993690851735015,0.8875
0.056037884767166535,0.8875
0.05608214849921011,0.8875
0.05612648221343874,0.8875
0.05617088607594937,0.8875
0.056215360253365,0.8875
0.056259904912836764,0.8875
0.056304520222045996,0.8875
0.05634920634920635,0.8875
0.056393963463065924,0.8875
0.05643879173290938,0.8875
0.056483691328560064,0.8875
0.05652866242038217,0.8875
0.05657370517928287,0.8875
0.05661881977671451,0.8875
0.05666400638467677,0.8875
0.05670926517571885,0.8875
0.05675459632294165,0.8875
0.0568,0.8875
0.05684547638110488,0.8875
0.05689102564102564,0.8875
0.05693664795509222,0.8875
0.05698234349919743,0.8875
0.0570281124497992,0.8875
0.05707395498392283,0.8875
0.05711987127916331,0.8875
0.0571658615136876,0.8875
0.057211925866236905,0.8875
0.05725806451612903,0.8875
0.057304277643260695,0.8875
0.05735056542810985,0.8875
0.05739692805173808,0.8875
0.05744336569579288,0.8875
0.05748987854251012,0.8875
0.05753646677471637,0.8875
0.0575831305758313,0.8875
0.05762987012987013,0.8875
0.05686433793663688,0.875
0.056910569105691054,0.875
0.05695687550854353,0.875
0.057003257328990226,0.875
0.05704971475142624,0.875
0.057096247960848286,0.875
0.05714285714285714,0.875
0.05718954248366013,0.875
0.05723630417007359,0.875
0.057283142389525366,0.875
0.05733005733005733,0.875
0.05737704918032787,0.875
0.05742411812961444,0.875
0.05747126436781609,0.875
0.05751848808545604,0.875
0.05756578947368421,0.875
0.056790123456790124,0.8625
0.05683690280065898,0.8625
0.05688375927452597,0.8625
0.056105610561056105,0.85
0.05615194054500413,0.85
0.05619834710743802,0.85
0.05624483043837883,0.85
0.056291390728476824,0.85
0.056338028169014086,0.85
0.05638474295190713,0.85
0.056431535269709544,0.85
0.05647840531561462,0.85
0.05652535328345802,0.85
0.056572379367720464,0.85
0.05661948376353039,0.85
0.056666666666666664,0.85
0.0567139282735613,0.85
0.05676126878130217,0.85
0.05680868838763575,0.85
0.056856187290969896,0.85
0.05690376569037657,0.85
0.05695142378559464,0.85
0.05699916177703269,0.85
0.05704697986577181,0.85
0.05709487825356843,0.85
0.05714285714285714,0.85
0.057190916736753576,0.85
0.05723905723905724,0.85
0.05728727885425442,0.85
0.05733558178752108,0.85
0.05738396624472574,0.85
0.057432432432432436,0.85
0.057480980557903634,0.85
0.05752961082910321,0.85
0.057578323454699404,0.85
0.0576271186440678,0.85
0.05767599660729432,0.85
0.057724957555178265,0.85
0.05777400169923534,0.85
0.05782312925170068,0.85
0.05787234042553192,0.85
0.05792163543441227,0.85
0.057971014492753624,0.85
0.05802047781569966,0.85
0.05807002561912895,0.85
0.05811965811965812,0.85
0.058169375534645,0.85
0.05821917808219178,0.85
0.05826906598114824,0.85
0.058319039451114926,0.85
0.05836909871244635,0.85
0.058419243986254296,0.85
0.058469475494411005,0.85
0.058519793459552494,0.85
0.05857019810508183,0.85
0.05862068965517241,0.85
0.058671268334771355,0.85
0.05872193436960276,0.85
0.058772687986171135,0.85
0.058823529411764705,0.85
0.05887445887445888,0.85
0.058925476603119586,0.85
0.05897658282740677,0.85
0.059027777777777776,0.85
0.059079061685490875,0.85
0.059130434782608696,0.85
0.05918189730200174,0.85
0.059233449477351915,0.85
0.05928509154315606,0.85
0.059336823734729496,0.85
0.059388646288209605,0.85
0.05944055944055944,0.85
0.0594925634295713,0.85
0.0595446584938704,0.85
0.05959684487291849,0.85
0.05964912280701754,0.85
0.05970149253731343,0.85
0.05975395430579965,0.85
0.05980650835532102,0.85
0.05985915492957746,0.85
0.059030837004405284,0.8375
0.059082892416225746,0.8375
0.05913503971756399,0.8375
0.05918727915194346,0.8375
0.0592396109637489,0.8375
0.05929203539823009,0.8375
0.05934455270150576,0.8375
0.05939716312056738,0.8375
0.05944986690328305,0.8375
0.05950266429840142,0.8375
0.059555555555555556,0.8375
0.059608540925266906,0.8375
0.05966162065894924,0.8375
0.059714795008912656,0.8375
0.05976806422836753,0.8375
0.059821428571428574,0.8375
0.05987488829311886,0.8375
0.05992844364937388,0.8375
0.05998209489704566,0.8375
0.06003584229390681,0.8375
0.060089686098654706,0.8375
0.06014362657091562,0.8375
0.06019766397124888,0.8375
0.05935251798561151,0.825
0.0594059405940594,0.825
0.05945945945945946,0.825
0.059513074842200184,0.825
0.05956678700361011,0.825
0.05962059620596206,0.825
0.059674502712477394,0.825
0.05972850678733032,0.825
0.059782608695652176,0.825
0.05983680870353581,0.825
0.05989110707803993,0.825
0.05994550408719346,0.825
0.06,0.825
0.06005459508644222,0.825
0.060109289617486336,0.825
0.0601640838650866,0.825
0.060218978102189784,0.825
0.06027397260273973,0.825
0.0603290676416819,0.825
0.06038426349496798,0.825
0.06043956043956044,0.825
0.06049495875343722,0.825
0.060550458715596334,0.825
0.06060606060606061,0.825
0.06066176470588235,0.825
0.06071757129714812,0.825
0.06077348066298342,0.825
0.060829493087557605,0.825
0.06088560885608856,0.825
0.060941828254847646,0.825
0.06099815157116451,0.825
0.06105457909343201,0.825
0.06111111111111111,0.825
0.061167747914735865,0.825
0.061224489795918366,0.825
0.06128133704735376,0.825
0.06133828996282528,0.825
0.061395348837209304,0.825
0.061452513966480445,0.825
0.06150978564771668,0.825
0.061567164179104475,0.825
0.06162464985994398,0.825
0.0616822429906542,0.825
0.0617399438727783,0.825
0.06179775280898876,0.825
0.061855670103092786,0.825
0.06191369606003752,0.825
0.061971830985915494,0.825
0.06203007518796992,0.825
0.062088428974600186,0.825
0.06120527306967985,0.8125
0.061262959472196045,0.8125
0.06132075471698113,0.8125
0.061378659112370164,0.8125
0.06143667296786389,0.8125
0.06149479659413434,0.8125
0.061553030303030304,0.8125
0.061611374407582936,0.8125
0.061669829222011384,0.8125
0.06172839506172839,0.8125
0.06178707224334601,0.8125
0.06184586108468126,0.8125
0.06190476190476191,0.8125
0.06196377502383222,0.8125
0.06202290076335878,0.8125
0.06208213944603629,0.8125
0.0621414913957935,0.8125
0.06220095693779904,0.8125
0.06226053639846743,0.8125
0.062320230105465,0.8125
0.06238003838771593,0.8125
0.06243996157540826,0.8125
0.0625,0.8125
0.06256015399422522,0.8125
0.0626204238921002,0.8125
0.0626808100289296,0.8125
0.06274131274131274,0.8125
0.06280193236714976,0.8125
0.06286266924564797,0.8125
0.06292352371732816,0.8125
0.06298449612403101,0.8125
0.06304558680892337,0.8125
0.06310679611650485,0.8125
0.06316812439261418,0.8125
0.0632295719844358,0.8125
0.06329113924050633,0.8125
0.06335282651072124,0.8125
0.06341463414634146,0.8125
0.0634765625,0.8125
0.0635386119257087,0.8125
0.06360078277886497,0.8125
0.06366307541625857,0.8125
0.06372549019607843,0.8125
0.06378802747791953,0.8125
0.06286836935166994,0.8
0.061946902654867256,0.7875
0.06200787401574803,0.7875
0.06206896551724138,0.7875
0.0621301775147929,0.7875
0.06219151036525173,0.7875
0.06225296442687747,0.7875
0.06231454005934718,0.7875
0.062376237623762376,0.7875
0.062438057482656094,0.7875
0.0625,0.7875
0.06256206554121152,0.7875
0.06262425447316103,0.7875
0.0626865671641791,0.7875
0.06274900398406374,0.7875
0.06281156530408774,0.7875
0.06287425149700598,0.7875
0.06293706293706294,0.7875
0.063,0.7875
0.06306306306306306,0.7875
0.06312625250501001,0.7875
0.06318956870611836,0.7875
0.06325301204819277,0.7875
0.06331658291457286,0.7875
0.06338028169014084,0.7875
0.0634441087613293,0.7875
0.06350806451612903,0.7875
0.06357214934409687,0.7875
0.06363636363636363,0.7875
0.06370070778564206,0.7875
0.06376518218623482,0.7875
0.06382978723404255,0.7875
0.06389452332657201,0.7875
0.06395939086294417,0.7875
0.06402439024390244,0.7875
0.06408952187182096,0.7875
0.06415478615071284,0.7875
0.06422018348623854,0.7875
0.06428571428571428,0.7875
0.06435137895812053,0.7875
0.06441717791411043,0.7875
0.06448311156601842,0.7875
0.06454918032786885,0.7875
0.06461538461538462,0.7875
0.0646817248459959,0.7875
0.06474820143884892,0.7875
0.06481481481481481,0.7875
0.06488156539649846,0.7875
0.06494845360824743,0.7875
0.06501547987616099,0.7875
0.06508264462809918,0.7875
0.06514994829369183,0.7875
0.06521739130434782,0.7875
0.06528497409326425,0.7875
0.06535269709543569,0.7875
0.06542056074766354,0.7875
0.06548856548856549,0.7875
0.06555671175858481,0.7875
0.065625,0.7875
0.06569343065693431,0.7875
0.06576200417536535,0.7875
0.06583072100313479,0.7875
0.06589958158995816,0.7875
0.06596858638743455,0.7875
0.0660377358490566,0.7875
0.06610703043022036,0.7875
0.0661764705882353,0.7875
0.06624605678233439,0.7875
0.06631578947368422,0.7875
0.06638566912539515,0.7875
0.06645569620253164,0.7875
0.0665258711721225,0.7875
0.06659619450317125,0.7875
0.06666666666666667,0.7875
0.06673728813559322,0.7875
0.06680805938494168,0.7875
0.06687898089171974,0.7875
0.0669500531349628,0.7875
0.06702127659574468,0.7875
0.0670926517571885,0.7875
0.06716417910447761,0.7875
0.0672358591248666,0.7875
0.0673076923076923,0.7875
0.06737967914438503,0.7875
0.06745182012847965,0.7875
0.06752411575562701,0.7875
0.06759656652360516,0.7875
0.06766917293233082,0.7875
0.06774193548387097,0.7875
0.06781485468245425,0.7875
0.06788793103448276,0.7875
0.06796116504854369,0.7875
0.06803455723542116,0.7875
0.0681081081081081,0.7875
0.06818181818181818,0.7875
0.06825568797399784,0.7875
0.06832971800433839,0.7875
0.06840390879478828,0.7875
0.06847826086956521,0.7875
0.06855277475516866,0.7875
0.06862745098039216,0.7875
0.06870229007633588,0.7875
0.06877729257641921,0.7875
0.06885245901639345,0.7875
0.06892778993435449,0.7875
0.06900328587075576,0.7875
0.06907894736842106,0.7875
0.06915477497255763,0.7875
0.06923076923076923,0.7875
0.06930693069306931,0.7875
0.06938325991189427,0.7875
0.06945975744211687,0.7875
0.0695364238410596,0.7875
0.06850828729281767,0.775
0.06858407079646017,0.775
0.06866002214839424,0.775
0.06873614190687362,0.775
0.06881243063263041,0.775
0.06888888888888889,0.775
0.06896551724137931,0.775
0.06904231625835189,0.775
0.06911928651059086,0.775
0.06919642857142858,0.775
0.06927374301675977,0.775
0.06935123042505593,0.775
0.0683090705487122,0.7625
0.06838565022421525,0.7625
0.06846240179573512,0.7625
0.06853932584269663,0.7625
0.0686164229471316,0.7625
0.0686936936936937,0.7625
0.06877113866967305,0.7625
0.06884875846501129,0.7625
0.06892655367231638,0.7625
0.06900452488687783,0.7625
0.06908267270668177,0.7625
0.0691609977324263,0.7625
0.0681044267877412,0.75
0.06818181818181818,0.75
0.06825938566552901,0.75
0.0683371298405467,0.75
0.06841505131128849,0.75
0.0684931506849315,0.75
0.06857142857142857,0.75
0.06864988558352403,0.75
0.06872852233676977,0.75
0.06880733944954129,0.75
0.06888633754305395,0.75
0.06896551724137931,0.75
0.06904487917146145,0.75
0.06912442396313365,0.75
0.06920415224913495,0.75
0.06928406466512702,0.75
0.06936416184971098,0.75
0.06944444444444445,0.75
0.06952491309385864,0.75
0.06960556844547564,0.75
0.06968641114982578,0.75
0.06976744186046512,0.75
0.06984866123399301,0.75
0.06993006993006994,0.75
0.07001166861143523,0.75
0.07009345794392523,0.75
0.07017543859649122,0.75
0.0702576112412178,0.75
0.07033997655334115,0.75
0.07042253521126761,0.75
0.07050528789659224,0.75
0.07058823529411765,0.75
0.0706713780918728,0.75
0.07075471698113207,0.75
0.07083825265643448,0.75
0.07092198581560284,0.75
0.07100591715976332,0.75
0.07109004739336493,0.75
0.0711743772241993,0.75
0.07125890736342043,0.75
0.0713436385255648,0.75
0.07142857142857142,0.75
0.07151370679380215,0.75
0.07159904534606205,0.75
0.07168458781362007,0.75
0.07177033492822966,0.75
0.0718562874251497,0.75
0.07194244604316546,0.75
0.07202881152460984,0.75
0.07211538461538461,0.75
0.07220216606498195,0.75
0.07228915662650602,0.75
0.07237635705669482,0.75
0.07246376811594203,0.75
0.07255139056831923,0.75
0.07263922518159806,0.75
0.07272727272727272,0.75
0.07281553398058252,0.75
0.07290400972053462,0.75
0.072992700729927,0.75
0.0730816077953715,0.75
0.07317073170731707,0.75
0.07326007326007326,0.75
0.07334963325183375,0.75
0.07343941248470012,0.75
0.07352941176470588,0.75
0.0736196319018405,0.75
0.07371007371007371,0.75
0.07380073800738007,0.75
0.07389162561576355,0.75
0.07398273736128237,0.75
0.07407407407407407,0.75
0.07416563658838071,0.75
0.07425742574257425,0.75
0.07434944237918216,0.75
0.07444168734491315,0.75
0.07453416149068323,0.75
0.07338308457711443,0.7375
0.07347447073474471,0.7375
0.07356608478802992,0.7375
0.07365792759051186,0.7375
0.07375,0.7375
0.07384230287859825,0.7375
0.07393483709273183,0.7375
0.0740276035131744,0.7375
0.07412060301507538,0.7375
0.07421383647798742,0.7375
0.0743073047858942,0.7375
0.07440100882723834,0.7375
0.07449494949494949,0.7375
0.07458912768647281,0.7375
0.07468354430379746,0.7375
0.07477820025348543,0.7375
0.07487309644670051,0.7375
0.07496823379923762,0.7375
0.07506361323155217,0.7375
0.07388535031847134,0.725
0.07397959183673469,0.725
0.07407407407407407,0.725
0.0741687979539642,0.725
0.07426376440460948,0.725
0.07435897435897436,0.725
0.07445442875481387,0.725
0.07455012853470437,0.725
0.07464607464607464,0.725
0.07474226804123711,0.725
0.07483870967741936,0.725
0.07493540051679587,0.725
0.07503234152652005,0.725
0.07512953367875648,0.725
0.07522697795071336,0.725
0.07532467532467532,0.725
0.0754226267880364,0.725
0.07552083333333333,0.725
0.07561929595827901,0.725
0.07571801566579635,0.725
0.07581699346405228,0.725
0.07591623036649214,0.725
0.07601572739187418,0.725
0.07611548556430446,0.725
0.07621550591327202,0.725
0.07631578947368421,0.725
0.0764163372859025,0.725
0.07651715039577836,0.725
0.07661822985468957,0.725
0.07671957671957672,0.725
0.07682119205298013,0.725
0.07692307692307693,0.725
0.07702523240371846,0.725
0.07712765957446809,0.725
0.07723035952063914,0.725
0.07733333333333334,0.725
0.0774365821094793,0.725
0.07754010695187166,0.725
0.07764390896921017,0.725
0.0777479892761394,0.725
0.07785234899328859,0.725
0.07795698924731183,0.725
0.07806191117092867,0.725
0.07816711590296496,0.725
0.07827260458839407,0.725
0.07837837837837838,0.725
0.07848443843031123,0.725
0.07859078590785908,0.725
0.07869742198100407,0.725
0.07880434782608696,0.725
0.07891156462585033,0.725
0.0776566757493188,0.7125
0.07776261937244201,0.7125
0.0778688524590164,0.7125
0.07797537619699042,0.7125
0.07808219178082192,0.7125
0.07818930041152264,0.7125
0.0782967032967033,0.7125
0.07840440165061899,0.7125
0.07851239669421488,0.7125
0.07862068965517241,0.7125
0.0787292817679558,0.7125
0.07883817427385892,0.7125
0.07894736842105263,0.7125
0.07905686546463246,0.7125
0.07916666666666666,0.7125
0.07927677329624479,0.7125
0.07938718662952646,0.7125
0.0794979079497908,0.7125
0.07960893854748603,0.7125
0.07972027972027972,0.7125
0.07983193277310924,0.7125
0.0785413744740533,0.7
0.07865168539325842,0.7
0.07876230661040788,0.7
0.07746478873239436,0.6875
0.07757404795486601,0.6875
0.07768361581920905,0.6875
0.07779349363507779,0.6875
0.07790368271954674,0.6875
0.07801418439716312,0.6875
0.078125,0.6875
0.07823613086770982,0.6875
0.07834757834757834,0.6875
0.07845934379457917,0.6875
0.07857142857142857,0.6875
0.07725321888412018,0.675
0.07736389684813753,0.675
0.07747489239598278,0.675
0.07758620689655173,0.675
0.0776978417266187,0.675
0.07780979827089338,0.675
0.07792207792207792,0.675
0.07803468208092486,0.675
0.07814761215629522,0.675
0.0782608695652174,0.675
0.0783744557329463,0.675
0.07848837209302326,0.675
0.07860262008733625,0.675
0.07871720116618076,0.675
0.07883211678832117,0.675
0.07894736842105263,0.675
0.07906295754026355,0.675
0.07917888563049853,0.675
0.07782672540381791,0.6625
0.07794117647058824,0.6625
0.0780559646539028,0.6625
0.07817109144542773,0.6625
0.07828655834564253,0.6625
0.07840236686390532,0.6625
0.07851851851851852,0.6625
0.07863501483679525,0.6625
0.0787518573551263,0.6625
0.07886904761904762,0.6625
0.07898658718330849,0.6625
0.0791044776119403,0.6625
0.07922272047832586,0.6625
0.07934131736526946,0.6625
0.07946026986506746,0.6625
0.07957957957957958,0.6625
0.07969924812030076,0.6625
0.07981927710843373,0.6625
0.07993966817496229,0.6625
0.08006042296072508,0.6625
0.08018154311649017,0.6625
0.0803030303030303,0.6625
0.08042488619119878,0.6625
0.08054711246200608,0.6625
0.0806697108066971,0.6625
0.08079268292682927,0.6625
0.07938931297709924,0.65
0.07951070336391437,0.65
0.07963246554364471,0.65
0.07975460122699386,0.65
0.07987711213517665,0.65
0.08,0.65
0.08012326656394453,0.65
0.08024691358024691,0.65
0.080370942812983,0.65
0.0804953560371517,0.65
0.08062015503875969,0.65
0.08074534161490683,0.65
0.08087091757387248,0.65
0.08099688473520249,0.65
0.0811232449297972,0.65
0.08125,0.65
0.081377151799687,0.65
0.08150470219435736,0.65
0.08163265306122448,0.65
0.08176100628930817,0.65
0.08188976377952756,0.65
0.08201892744479496,0.65
0.08214849921011058,0.65
0.08227848101265822,0.65
0.08240887480190175,0.65
0.08253968253968254,0.65
0.08108108108108109,0.6375
0.08121019108280254,0.6375
0.08133971291866028,0.6375
0.08146964856230032,0.6375
0.0816,0.6375
0.08173076923076923,0.6375
0.08186195826645265,0.6375
0.0819935691318328,0.6375
0.0821256038647343,0.6375
0.08225806451612903,0.6375
0.08239095315024232,0.6375
0.0825242718446602,0.6375
0.08265802269043761,0.6375
0.08279220779220779,0.6375
0.08292682926829269,0.6375
0.08306188925081433,0.6375
0.08319738988580751,0.6375
0.08333333333333333,0.6375
0.08346972176759411,0.6375
0.08360655737704918,0.6375
0.08374384236453201,0.6375
0.08388157894736842,0.6375
0.08401976935749589,0.6375
0.08415841584158416,0.6375
0.08429752066115702,0.6375
0.08443708609271523,0.6375
0.0845771144278607,0.6375
0.08471760797342193,0.6375
0.08485856905158069,0.6375
0.085,0.6375
0.08347245409015025,0.625
0.08361204013377926,0.625
0.08375209380234507,0.625
0.08389261744966443,0.625
0.08403361344537816,0.625
0.08417508417508418,0.625
0.08431703204047218,0.625
0.08445945945945946,0.625
0.08460236886632826,0.625
0.0847457627118644,0.625
0.08488964346349745,0.625
0.08503401360544217,0.625
0.08517887563884156,0.625
0.08532423208191127,0.625
0.08547008547008547,0.625
0.08561643835616438,0.625
0.08576329331046312,0.625
0.0859106529209622,0.625
0.08605851979345955,0.625
0.08620689655172414,0.625
0.08635578583765112,0.625
0.08650519031141868,0.625
0.08665511265164645,0.625
0.08680555555555555,0.625
0.08695652173913043,0.625
0.08710801393728224,0.625
0.08726003490401396,0.625
0.08741258741258741,0.625
0.08756567425569177,0.625
0.08771929824561403,0.625
0.08787346221441125,0.625
0.0880281690140845,0.625
0.08818342151675485,0.625
0.08833922261484099,0.625
0.08849557522123894,0.625
0.08865248226950355,0.625
0.08880994671403197,0.625
0.08896797153024912,0.625
0.08912655971479501,0.625
0.0875,0.6125
0.08765652951699464,0.6125
0.08781362007168458,0.6125
0.08617594254937164,0.6
0.08633093525179857,0.6
0.08648648648648649,0.6
0.08483754512635379,0.5875
0.08499095840867993,0.5875
0.08514492753623189,0.5875
0.0852994555353902,0.5875
0.08545454545454545,0.5875
0.08561020036429873,0.5875
0.08576642335766424,0.5875
0.08592321755027423,0.5875
0.08608058608058608,0.5875
0.08623853211009175,0.5875
0.08639705882352941,0.5875
0.0865561694290976,0.5875
0.08487084870848709,0.575
0.08502772643253234,0.575
0.08518518518518518,0.575
0.08534322820037106,0.575
0.08550185873605948,0.575
0.0856610800744879,0.575
0.08582089552238806,0.575
0.08598130841121496,0.575
0.08614232209737828,0.575
0.08630393996247655,0.575
0.08646616541353383,0.575
0.08662900188323917,0.575
0.08490566037735849,0.5625
0.08506616257088846,0.5625
0.08522727272727272,0.5625
0.08538899430740038,0.5625
0.08555133079847908,0.5625
0.08571428571428572,0.5625
0.08587786259541985,0.5625
0.08604206500956023,0.5625
0.08620689655172414,0.5625
0.08445297504798464,0.55
0.08461538461538462,0.55
0.08477842003853564,0.55
0.08301158301158301,0.5375
0.08317214700193423,0.5375
0.08333333333333333,0.5375
0.08349514563106795,0.5375
0.08365758754863813,0.5375
0.08382066276803118,0.5375
0.083984375,0.5375
0.08414872798434442,0.5375
0.08431372549019608,0.5375
0.08447937131630648,0.5375
0.08464566929133858,0.5375
0.08481262327416174,0.5375
0.08498023715415019,0.5375
0.08514851485148515,0.5375
0.08531746031746032,0.5375
0.08548707753479125,0.5375
0.08565737051792828,0.5375
0.08582834331337326,0.5375
0.086,0.5375
0.08617234468937876,0.5375
0.08634538152610442,0.5375
0.08651911468812877,0.5375
0.08669354838709678,0.5375
0.08686868686868687,0.5375
0.08704453441295547,0.5375
0.0872210953346856,0.5375
0.08739837398373984,0.5375
0.0855397148676171,0.525
0.08571428571428572,0.525
0.08588957055214724,0.525
0.0860655737704918,0.525
0.08624229979466119,0.525
0.08436213991769548,0.5125
0.08453608247422681,0.5125
0.08264462809917356,0.5
0.08281573498964803,0.5
0.08298755186721991,0.5
0.08316008316008316,0.5
0.08333333333333333,0.5
0.081419624217119,0.4875
0.08158995815899582,0.4875
0.08176100628930817,0.4875
0.0819327731092437,0.4875
0.08210526315789474,0.4875
0.08227848101265822,0.4875
0.0824524312896406,0.4875
0.0826271186440678,0.4875
0.08280254777070063,0.4875
0.08297872340425531,0.4875
0.08315565031982942,0.4875
0.08333333333333333,0.4875
0.0835117773019272,0.4875
0.08369098712446352,0.4875
0.08172043010752689,0.475
0.08189655172413793,0.475
0.08207343412526998,0.475
0.08225108225108226,0.475
0.0824295010845987,0.475
0.08260869565217391,0.475
0.08278867102396514,0.475
0.08296943231441048,0.475
0.08315098468271334,0.475
0.08333333333333333,0.475
0.08351648351648351,0.475
0.08370044052863436,0.475
0.08388520971302428,0.475
0.084070796460177,0.475
0.08425720620842572,0.475
0.08444444444444445,0.475
0.08463251670378619,0.475
0.08482142857142858,0.475
0.08501118568232663,0.475
0.08295964125560538,0.4625
0.08314606741573034,0.4625
0.08333333333333333,0.4625
0.0835214446952596,0.4625
0.083710407239819,0.4625
0.08390022675736962,0.4625
0.08409090909090909,0.4625
0.08428246013667426,0.4625
0.08447488584474885,0.4625
0.08466819221967964,0.4625
0.08486238532110092,0.4625
0.08275862068965517,0.45
0.08294930875576037,0.45
0.08314087759815242,0.45
0.08333333333333333,0.45
0.08120649651972157,0.4375
0.08139534883720931,0.4375
0.08158508158508158,0.4375
0.08177570093457943,0.4375
0.08196721311475409,0.4375
0.08215962441314555,0.4375
0.08235294117647059,0.4375
0.08254716981132075,0.4375
0.08274231678486997,0.4375
0.08293838862559241,0.4375
0.0831353919239905,0.4375
0.08333333333333333,0.4375
0.08353221957040573,0.4375
0.08373205741626795,0.4375
0.08393285371702638,0.4375
0.08413461538461539,0.4375
0.08433734939759036,0.4375
0.08454106280193237,0.4375
0.0847457627118644,0.4375
0.08495145631067962,0.4375
0.0851581508515815,0.4375
0.08536585365853659,0.4375
0.08557457212713937,0.4375
0.0857843137254902,0.4375
0.085995085995086,0.4375
0.08620689655172414,0.4375
0.08641975308641975,0.4375
0.08663366336633663,0.4375
0.08684863523573201,0.4375
0.08706467661691543,0.4375
0.08728179551122195,0.4375
0.0875,0.4375
0.08521303258145363,0.425
0.08542713567839195,0.425
0.08564231738035265,0.425
0.08585858585858586,0.425
0.08607594936708861,0.425
0.08629441624365482,0.425
0.08651399491094147,0.425
0.08673469387755102,0.425
0.08695652173913043,0.425
0.08717948717948718,0.425
0.08740359897172237,0.425
0.08762886597938144,0.425
0.08785529715762273,0.425
0.08808290155440414,0.425
0.08831168831168831,0.425
0.08854166666666667,0.425
0.08877284595300261,0.425
0.08900523560209424,0.425
0.08661417322834646,0.4125
0.0868421052631579,0.4125
0.0870712401055409,0.4125
0.0873015873015873,0.4125
0.08753315649867374,0.4125
0.0851063829787234,0.4
0.08533333333333333,0.4
0.0855614973262032,0.4
0.08579088471849866,0.4
0.08602150537634409,0.4
0.0862533692722372,0.4
0.08648648648648649,0.4
0.08672086720867209,0.4
0.08423913043478261,0.3875
0.08446866485013624,0.3875
0.08469945355191257,0.3875
0.08493150684931507,0.3875
0.08516483516483517,0.3875
0.08539944903581267,0.3875
0.0856353591160221,0.3875
0.08587257617728532,0.3875
0.08611111111111111,0.3875
0.08635097493036212,0.3875
0.08659217877094973,0.3875
0.08683473389355742,0.3875
0.08707865168539326,0.3875
0.08732394366197183,0.3875
0.08757062146892655,0.3875
0.08781869688385269,0.3875
0.08522727272727272,0.375
0.08547008547008547,0.375
0.08571428571428572,0.375
0.08595988538681948,0.375
0.08620689655172414,0.375
0.08645533141210375,0.375
0.08670520231213873,0.375
0.08695652173913043,0.375
0.0872093023255814,0.375
0.08746355685131195,0.375
0.08771929824561403,0.375
0.08797653958944282,0.375
0.08823529411764706,0.375
0.08849557522123894,0.375
0.08875739644970414,0.375
0.08902077151335312,0.375
0.08928571428571429,0.375
0.08656716417910448,0.3625
0.08682634730538923,0.3625
0.08708708708708708,0.3625
0.08734939759036145,0.3625
0.08761329305135952,0.3625
0.08787878787878788,0.3625
0.08814589665653495,0.3625
0.08536585365853659,0.35
0.0856269113149847,0.35
0.08588957055214724,0.35
0.08615384615384615,0.35
0.08641975308641975,0.35
0.08668730650154799,0.35
0.08695652173913043,0.35
0.08722741433021806,0.35
0.0875,0.35
0.0877742946708464,0.35
0.0880503144654088,0.35
0.08832807570977919,0.35
0.08860759493670886,0.35
0.08888888888888889,0.35
0.08917197452229299,0.35
0.08945686900958466,0.35
0.08653846153846154,0.3375
0.08681672025723473,0.3375
0.08709677419354839,0.3375
0.08414239482200647,0.325
0.08441558441558442,0.325
0.08469055374592833,0.325
0.08496732026143791,0.325
0.08524590163934426,0.325
0.08552631578947369,0.325
0.0858085808580858,0.325
0.08609271523178808,0.325
0.08637873754152824,0.325
0.08666666666666667,0.325
0.08695652173913043,0.325
0.087248322147651,0.325
0.08754208754208755,0.325
0.08783783783783784,0.325
0.08813559322033898,0.325
0.08843537414965986,0.325
0.08873720136518772,0.325
0.08904109589041095,0.325
0.08934707903780069,0.325
0.0896551724137931,0.325
0.08996539792387544,0.325
0.08680555555555555,0.3125
0.08710801393728224,0.3125
0.08741258741258741,0.3125
0.08771929824561403,0.3125
0.08450704225352113,0.3
0.08480565371024736,0.3
0.0851063829787234,0.3
0.08540925266903915,0.3
0.08571428571428572,0.3
0.08602150537634409,0.3
0.08633093525179857,0.3
0.08664259927797834,0.3
0.08695652173913043,0.3
0.08727272727272728,0.3
0.08759124087591241,0.3
0.08791208791208792,0.3
0.08455882352941177,0.2875
0.08487084870848709,0.2875
0.08518518518518518,0.2875
0.08550185873605948,0.2875
0.08582089552238806,0.2875
0.08614232209737828,0.2875
0.08646616541353383,0.2875
0.08679245283018867,0.2875
0.08712121212121213,0.2875
0.08745247148288973,0.2875
0.08778625954198473,0.2875
0.08812260536398467,0.2875
0.08846153846153847,0.2875
0.0888030888030888,0.2875
0.08914728682170543,0.2875
0.08560311284046693,0.275
0.0859375,0.275
0.08627450980392157,0.275
0.08661417322834646,0.275
0.08695652173913043,0.275
0.08333333333333333,0.2625
0.08366533864541832,0.2625
0.084,0.2625
0.08433734939759036,0.2625
0.0846774193548387,0.2625
0.08502024291497975,0.2625
0.08536585365853659,0.2625
0.08571428571428572,0.2625
0.0860655737704918,0.2625
0.08641975308641975,0.2625
0.08677685950413223,0.2625
0.08298755186721991,0.25
0.08333333333333333,0.25
0.08368200836820083,0.25
0.08403361344537816,0.25
0.08438818565400844,0.25
0.0847457627118644,0.25
0.0851063829787234,0.25
0.0811965811965812,0.2375
0.0815450643776824,0.2375
0.08189655172413793,0.2375
0.08225108225108226,0.2375
0.08260869565217391,0.2375
0.08296943231441048,0.2375
0.08333333333333333,0.2375
0.08370044052863436,0.2375
0.084070796460177,0.2375
0.08444444444444445,0.2375
0.08482142857142858,0.2375
0.08071748878923767,0.225
0.08108108108108109,0.225
0.08144796380090498,0.225
0.07727272727272727,0.2125
0.0776255707762557,0.2125
0.0779816513761468,0.2125
0.07834101382488479,0.2125
0.0787037037037037,0.2125
0.07906976744186046,0.2125
0.0794392523364486,0.2125
0.07981220657276995,0.2125
0.08018867924528301,0.2125
0.07582938388625593,0.2
0.0761904761904762,0.2
0.07655502392344497,0.2
0.07692307692307693,0.2
0.07729468599033816,0.2
0.07766990291262135,0.2
0.07804878048780488,0.2
0.0784313725490196,0.2
0.07881773399014778,0.2
0.07920792079207921,0.2
0.07960199004975124,0.2
0.08,0.2
0.08040201005025126,0.2
0.07575757575757576,0.1875
0.07614213197969544,0.1875
0.07653061224489796,0.1875
0.07179487179487179,0.175
0.07216494845360824,0.175
0.07253886010362694,0.175
0.07291666666666667,0.175
0.07329842931937172,0.175
0.07368421052631578,0.175
0.07407407407407407,0.175
0.07446808510638298,0.175
0.0748663101604278,0.175
0.07526881720430108,0.175
0.07567567567567568,0.175
0.07608695652173914,0.175
0.07650273224043716,0.175
0.07692307692307693,0.175
0.07734806629834254,0.175
0.07777777777777778,0.175
0.0782122905027933,0.175
0.07303370786516854,0.1625
0.07344632768361582,0.1625
0.07386363636363637,0.1625
0.07428571428571429,0.1625
0.07471264367816093,0.1625
0.07514450867052024,0.1625
0.0755813953488372,0.1625
0.07017543859649122,0.15
0.07058823529411765,0.15
0.07100591715976332,0.15
0.07142857142857142,0.15
0.0718562874251497,0.15
0.07228915662650602,0.15
0.07272727272727272,0.15
0.07317073170731707,0.15
0.0736196319018405,0.15
0.07407407407407407,0.15
0.06832298136645963,0.1375
0.06875,0.1375
0.06918238993710692,0.1375
0.06962025316455696,0.1375
0.07006369426751592,0.1375
0.07051282051282051,0.1375
0.07096774193548387,0.1375
0.07142857142857142,0.1375
0.0718954248366013,0.1375
0.07236842105263158,0.1375
0.0728476821192053,0.1375
0.07333333333333333,0.1375
0.06711409395973154,0.125
0.06756756756756757,0.125
0.06802721088435375,0.125
0.0684931506849315,0.125
0.06896551724137931,0.125
0.06944444444444445,0.125
0.06993006993006994,0.125
0.07042253521126761,0.125
0.07092198581560284,0.125
0.07142857142857142,0.125
0.07194244604316546,0.125
0.07246376811594203,0.125
0.072992700729927,0.125
0.07352941176470588,0.125
0.07407407407407407,0.125
0.07462686567164178,0.125
0.07518796992481203,0.125
0.07575757575757576,0.125
0.07633587786259542,0.125
0.07692307692307693,0.125
0.07751937984496124,0.125
0.078125,0.125
0.07874015748031496,0.125
0.07936507936507936,0.125
0.08,0.125
0.08064516129032258,0.125
0.08130081300813008,0.125
0.08196721311475409,0.125
0.08264462809917356,0.125
0.08333333333333333,0.125
0.08403361344537816,0.125
0.0847457627118644,0.125
0.08547008547008547,0.125
0.08620689655172414,0.125
0.08695652173913043,0.125
0.08771929824561403,0.125
0.08849557522123894,0.125
0.08928571428571429,0.125
0.09009009009009009,0.125
0.09090909090909091,0.125
0.09174311926605505,0.125
0.09259259259259259,0.125
0.09345794392523364,0.125
0.09433962264150944,0.125
0.09523809523809523,0.125
0.09615384615384616,0.125
0.0970873786407767,0.125
0.09803921568627451,0.125
0.09900990099009901,0.125
0.1,0.125
0.10101010101010101,0.125
0.09183673469387756,0.1125
0.09278350515463918,0.1125
0.08333333333333333,0.1
0.08421052631578947,0.1
0.0851063829787234,0.1
0.08602150537634409,0.1
0.08695652173913043,0.1
0.08791208791208792,0.1
0.08888888888888889,0.1
0.07865168539325842,0.0875
0.07954545454545454,0.0875
0.08045977011494253,0.0875
0.08139534883720931,0.0875
0.08235294117647059,0.0875
0.08333333333333333,0.0875
0.08433734939759036,0.0875
0.08536585365853659,0.0875
0.08641975308641975,0.0875
0.0875,0.0875
0.08860759493670886,0.0875
0.08974358974358974,0.0875
0.09090909090909091,0.0875
0.09210526315789473,0.0875
0.09333333333333334,0.0875
0.0945945945945946,0.0875
0.0821917808219178,0.075
0.08333333333333333,0.075
0.08450704225352113,0.075
0.08571428571428572,0.075
0.08695652173913043,0.075
0.08823529411764706,0.075
0.08955223880597014,0.075
0.09090909090909091,0.075
0.09230769230769231,0.075
0.09375,0.075
0.09523809523809523,0.075
0.08064516129032258,0.0625
0.08196721311475409,0.0625
0.08333333333333333,0.0625
0.0847457627118644,0.0625
0.08620689655172414,0.0625
0.08771929824561403,0.0625
0.08928571428571429,0.0625
0.09090909090909091,0.0625
0.09259259259259259,0.0625
0.09433962264150944,0.0625
0.09615384615384616,0.0625
0.0784313725490196,0.05
0.08,0.05
0.08163265306122448,0.05
0.08333333333333333,0.05
0.0851063829787234,0.05
0.08695652173913043,0.05
0.08888888888888889,0.05
0.09090909090909091,0.05
0.09302325581395349,0.05
0.09523809523809523,0.05
0.0975609756097561,0.05
0.1,0.05
0.10256410256410256,0.05
0.10526315789473684,0.05
0.10810810810810811,0.05
0.1111111111111111,0.05
0.11428571428571428,0.05
0.11764705882352941,0.05
0.12121212121212122,0.05
0.125,0.05
0.12903225806451613,0.05
0.1,0.0375
0.10344827586206896,0.0375
0.10714285714285714,0.0375
0.1111111111111111,0.0375
0.11538461538461539,0.0375
0.12,0.0375
0.125,0.0375
0.08695652173913043,0.025
0.09090909090909091,0.025
0.09523809523809523,0.025
0.1,0.025
0.10526315789473684,0.025
0.1111111111111111,0.025
0.11764705882352941,0.025
0.125,0.025
0.13333333333333333,0.025
0.14285714285714285,0.025
0.15384615384615385,0.025
0.16666666666666666,0.025
0.18181818181818182,0.025
0.2,0.025
0.2222222222222222,0.025
0.125,0.0125
0.0,0.0
0.0,0.0
0.0,0.0
0.0,0.0
0.0,0.0
0.0,0.0
0.0,0.0
1.0,0.0
