Precision,Recall
0.03227107704719645,1.0
0.03552492046659597,0.8375
0.035543766578249335,0.8375
0.03556263269639066,0.8375
0.03558151885289432,0.8375
0.035600425079702444,0.8375
0.03561935140882509,0.8375
0.035106382978723406,0.825
0.03512506652474721,0.825
0.03514376996805112,0.825
0.03516249334043687,0.825
0.035181236673773986,0.825
0.0352,0.825
0.035218783351120594,0.825
0.03523758675920982,0.825
0.034722222222222224,0.8125
0.034740780331373594,0.8125
0.034224598930481284,0.8
0.03424291064740503,0.8
0.034261241970021415,0.8
0.03427959292983396,0.8
0.03429796355841372,0.8
0.03431635388739947,0.8
0.034334763948497854,0.8
0.03435319377348363,0.8
0.034371643394199784,0.8
0.03439011284255777,0.8
0.034408602150537634,0.8
0.03442711135018827,0.8
0.03444564047362755,0.8
0.03446418955304254,0.8
0.034482758620689655,0.8
0.03450134770889488,0.8
0.034519956850053934,0.8
0.03453858607663249,0.8
0.03455723542116631,0.8
0.03457590491626148,0.8
0.034594594594594595,0.8
0.03461330448891293,0.8
0.03463203463203463,0.8
0.034650785056848946,0.8
0.03466955579631636,0.8
0.034688346883468835,0.8
0.03470715835140998,0.8
0.03472599023331525,0.8
0.03474484256243214,0.8
0.03476371537208039,0.8
0.034782608695652174,0.8
0.034801522566612286,0.8
0.03482045701849837,0.8
0.03483941208492107,0.8
0.034858387799564274,0.8
0.03487738419618529,0.8
0.03489640130861505,0.8
0.03491543917075832,0.8
0.034934497816593885,0.8
0.034953577280174765,0.8
0.034972677595628415,0.8
0.034991798797156914,0.8
0.0350109409190372,0.8
0.03503010399562124,0.8
0.03504928806133625,0.8
0.03506849315068493,0.8
0.03508771929824561,0.8
0.03510696653867252,0.8
0.03512623490669594,0.8
0.03514552443712246,0.8
0.035164835164835165,0.8
0.035184167124793844,0.8
0.0352035203520352,0.8
0.035222894881673086,0.8
0.03524229074889868,0.8
0.03526170798898071,0.8
0.03528114663726571,0.8
0.03530060672917816,0.8
0.03532008830022075,0.8
0.0353395913859746,0.8
0.03535911602209945,0.8
0.035378662244333885,0.8
0.035398230088495575,0.8
0.03541781959048146,0.8
0.035437430786267994,0.8
0.03545706371191136,0.8
0.03547671840354767,0.8
0.03549639489739324,0.8
0.03551609322974473,0.8
0.03553581343697946,0.8
0.035555555555555556,0.8
0.03557531962201223,0.8
0.035595105672969966,0.8
0.035614913745130775,0.8
0.035634743875278395,0.8
0.03565459610027855,0.8
0.03567447045707915,0.8
0.03569436698271054,0.8
0.03571428571428571,0.8
0.03573422668900056,0.8
0.035754189944134075,0.8
0.03577417551704863,0.8
0.035794183445190156,0.8
0.03581421376608842,0.8
0.03583426651735722,0.8
0.035854341736694675,0.8
0.03587443946188341,0.8
0.0358945597307908,0.8
0.03591470258136925,0.8
0.035934868051656375,0.8
0.035955056179775284,0.8
0.035975267003934795,0.8
0.0359955005624297,0.8
0.03601575689364097,0.8
0.036036036036036036,0.8
0.036056338028169016,0.8
0.036076662908680945,0.8
0.03609701071630006,0.8
0.03611738148984198,0.8
0.03613777526821005,0.8
0.03615819209039548,0.8
0.03617863199547767,0.8
0.03619909502262444,0.8
0.03621958121109225,0.8
0.0362400906002265,0.8
0.036260623229461754,0.8
0.036281179138321996,0.8
0.036301758366420876,0.8
0.036322360953461974,0.8
0.03634298693923907,0.8
0.03636363636363636,0.8
0.036384309266628764,0.8
0.03640500568828214,0.8
0.03642572566875356,0.8
0.03644646924829157,0.8
0.036467236467236465,0.8
0.036488027366020526,0.8
0.03650884198516828,0.8
0.0365296803652968,0.8
0.036550542547115934,0.8
0.036571428571428574,0.8
0.03659233847913093,0.8
0.036613272311212815,0.8
0.03663423010875787,0.8
0.03665521191294387,0.8
0.03667621776504298,0.8
0.03669724770642202,0.8
0.03671830177854274,0.8
0.03673938002296211,0.8
0.03676048248133257,0.8
0.0367816091954023,0.8
0.03680276020701553,0.8
0.03682393555811277,0.8
0.03684513529073115,0.8
0.03686635944700461,0.8
0.03688760806916427,0.8
0.03690888119953864,0.8
0.03693017888055395,0.8
0.03695150115473441,0.8
0.03697284806470248,0.8
0.03699421965317919,0.8
0.03701561596298438,0.8
0.037037037037037035,0.8
0.03705848291835553,0.8
0.03650057937427578,0.7875
0.036521739130434785,0.7875
0.03654292343387471,0.7875
0.03656413232733604,0.7875
0.036585365853658534,0.7875
0.03660662405578152,0.7875
0.03662790697674419,0.7875
0.03664921465968586,0.7875
0.03667054714784633,0.7875
0.03669190448456611,0.7875
0.03671328671328671,0.7875
0.036734693877551024,0.7875
0.0367561260210035,0.7875
0.03677758318739054,0.7875
0.036799065420560745,0.7875
0.03682057276446522,0.7875
0.03684210526315789,0.7875
0.03686366296079579,0.7875
0.036885245901639344,0.7875
0.03690685413005272,0.7875
0.0369284876905041,0.7875
0.03695014662756598,0.7875
0.03697183098591549,0.7875
0.0369935408103347,0.7875
0.03701527614571093,0.7875
0.037037037037037035,0.7875
0.03705882352941176,0.7875
0.03708063566804003,0.7875
0.037102473498233215,0.7875
0.037124337065409546,0.7875
0.03714622641509434,0.7875
0.03716814159292035,0.7875
0.0371900826446281,0.7875
0.03721204961606615,0.7875
0.03723404255319149,0.7875
0.03725606150206978,0.7875
0.03727810650887574,0.7875
0.037300177619893425,0.7875
0.037322274881516584,0.7875
0.03734439834024896,0.7875
0.037366548042704624,0.7875
0.037388724035608306,0.7875
0.037410926365795724,0.7875
0.0374331550802139,0.7875
0.03745541022592152,0.7875
0.037477691850089236,0.7875
0.0375,0.7875
0.03752233472304944,0.7875
0.037544696066746125,0.7875
0.03756708407871199,0.7875
0.03758949880668258,0.7875
0.037611940298507465,0.7875
0.03763440860215054,0.7875
0.03765690376569038,0.7875
0.037679425837320576,0.7875
0.03770197486535009,0.7875
0.03772455089820359,0.7875
0.037747153984421807,0.7875
0.03776978417266187,0.7875
0.03779244151169766,0.7875
0.037815126050420166,0.7875
0.03783783783783784,0.7875
0.03786057692307692,0.7875
0.03788334335538184,0.7875
0.03790613718411552,0.7875
0.037928958458759786,0.7875
0.03795180722891566,0.7875
0.0379746835443038,0.7875
0.037997587454764774,0.7875
0.038020519010259504,0.7875
0.03804347826086957,0.7875
0.038066465256797584,0.7875
0.0380894800483676,0.7875
0.038112522686025406,0.7875
0.038135593220338986,0.7875
0.03815869170199879,0.7875
0.038181818181818185,0.7875
0.03820497271073378,0.7875
0.03822815533980582,0.7875
0.03825136612021858,0.7875
0.03827460510328068,0.7875
0.03829787234042553,0.7875
0.03832116788321168,0.7875
0.03834449178332319,0.7875
0.03836784409257003,0.7875
0.038391224862888484,0.7875
0.03841463414634146,0.7875
0.03843807199511898,0.7875
0.038461538461538464,0.7875
0.038485033598045205,0.7875
0.03850855745721271,0.7875
0.03853211009174312,0.7875
0.038555691554467565,0.7875
0.0385793018983466,0.7875
0.03799019607843137,0.775
0.03801348865726548,0.775
0.03803680981595092,0.775
0.03806015960712093,0.775
0.038083538083538086,0.775
0.03810694529809465,0.775
0.038130381303813035,0.775
0.038153846153846156,0.775
0.038177339901477834,0.775
0.03820086260012323,0.775
0.03822441430332922,0.775
0.03824799506477483,0.775
0.03827160493827161,0.775
0.03829524397776405,0.775
0.038318912237330034,0.775
0.0383426097711812,0.775
0.038366336633663366,0.775
0.038390092879256967,0.775
0.03841387856257745,0.775
0.038437693738375696,0.775
0.038461538461538464,0.775
0.038485412787088766,0.775
0.03850931677018633,0.775
0.03853325046612803,0.775
0.03855721393034826,0.775
0.038581207218419414,0.775
0.038605230386052306,0.775
0.038629283489096576,0.775
0.03865336658354115,0.775
0.03867747972551466,0.775
0.03870162297128589,0.775
0.03872579637726421,0.775
0.03875,0.775
0.03877423389618512,0.775
0.03879849812265332,0.775
0.038822792736380715,0.775
0.03884711779448621,0.775
0.038871473354231974,0.775
0.03889585947302384,0.775
0.038292529817953544,0.7625
0.038316582914572864,0.7625
0.03834066624764299,0.7625
0.038364779874213835,0.7625
0.03838892385147892,0.7625
0.03841309823677582,0.7625
0.03843730308758664,0.7625
0.038461538461538464,0.7625
0.038485804416403785,0.7625
0.03851010101010101,0.7625
0.03853442830069488,0.7625
0.038558786346396964,0.7625
0.038583175205566096,0.7625
0.03860759493670886,0.7625
0.038632045598480054,0.7625
0.038656527249683145,0.7625
0.03868103994927077,0.7625
0.038705583756345176,0.7625
0.03873015873015873,0.7625
0.03875476493011436,0.7625
0.03877940241576605,0.7625
0.03880407124681934,0.7625
0.03882877148313176,0.7625
0.038853503184713374,0.7625
0.038878266411727216,0.7625
0.0389030612244898,0.7625
0.0389278876834716,0.7625
0.038952745849297574,0.7625
0.038977635782747606,0.7625
0.03900255754475703,0.7625
0.03902751119641715,0.7625
0.03905249679897567,0.7625
0.039077514413837285,0.7625
0.0391025641025641,0.7625
0.0391276459268762,0.7625
0.03915275994865212,0.7625
0.03917790622992935,0.7625
0.03920308483290488,0.7625
0.03922829581993569,0.7625
0.039253539253539256,0.7625
0.038634900193174504,0.75
0.03865979381443299,0.75
0.03868471953578337,0.75
0.03870967741935484,0.75
0.03873466752743705,0.75
0.03875968992248062,0.75
0.03878474466709761,0.75
0.03880983182406209,0.75
0.038834951456310676,0.75
0.038860103626943004,0.75
0.03888528839922229,0.75
0.038910505836575876,0.75
0.03893575600259572,0.75
0.03896103896103896,0.75
0.03898635477582846,0.75
0.03901170351105332,0.75
0.03903708523096942,0.75
0.0390625,0.75
0.03908794788273615,0.75
0.03911342894393742,0.75
0.03913894324853229,0.75
0.0391644908616188,0.75
0.039190071848465055,0.75
0.0392156862745098,0.75
0.03924133420536298,0.75
0.03926701570680628,0.75
0.03929273084479371,0.75
0.039318479685452164,0.75
0.03934426229508197,0.75
0.03937007874015748,0.75
0.03939592908732764,0.75
0.03942181340341656,0.75
0.03944773175542406,0.75
0.039473684210526314,0.75
0.03949967083607637,0.75
0.039525691699604744,0.75
0.03955174686882004,0.75
0.0395778364116095,0.75
0.039603960396039604,0.75
0.03963011889035667,0.75
0.03965631196298744,0.75
0.03968253968253968,0.75
0.03970880211780278,0.75
0.039735099337748346,0.75
0.039761431411530816,0.75
0.03978779840848806,0.75
0.039814200398142006,0.75
0.0398406374501992,0.75
0.03986710963455149,0.75
0.0398936170212766,0.75
0.03992015968063872,0.75
0.03994673768308921,0.75
0.039973351099267154,0.75
0.04,0.75
0.0400266844563042,0.75
0.04005340453938585,0.75
0.04008016032064128,0.75
0.040106951871657755,0.75
0.04013377926421405,0.75
0.040160642570281124,0.75
0.04018754186202277,0.75
0.040214477211796246,0.75
0.04024144869215292,0.75
0.040268456375838924,0.75
0.040295500335795834,0.75
0.04032258064516129,0.75
0.04034969737726967,0.75
0.040376850605652756,0.75
0.04040404040404041,0.75
0.04043126684636118,0.75
0.04045853000674309,0.75
0.04048582995951417,0.75
0.04051316677920324,0.75
0.04054054054054054,0.75
0.04056795131845842,0.75
0.039918809201623814,0.7375
0.03994583615436696,0.7375
0.03997289972899729,0.7375
0.04,0.7375
0.04002713704206241,0.7375
0.04005431093007468,0.7375
0.04008152173913043,0.7375
0.04010876954452753,0.7375
0.04013605442176871,0.7375
0.04016337644656229,0.7375
0.040190735694822885,0.7375
0.04021813224267212,0.7375
0.04024556616643929,0.7375
0.040273037542662114,0.7375
0.040300546448087435,0.7375
0.04032809295967191,0.7375
0.04035567715458276,0.7375
0.040383299110198494,0.7375
0.04041095890410959,0.7375
0.04043865661411926,0.7375
0.04046639231824417,0.7375
0.04049416609471517,0.7375
0.03983516483516483,0.725
0.03986254295532646,0.725
0.039889958734525444,0.725
0.03991741225051618,0.725
0.03994490358126722,0.725
0.03997243280496209,0.725
0.04,0.725
0.04002760524499655,0.725
0.04005524861878453,0.725
0.04008293020041465,0.725
0.040110650069156296,0.725
0.04013840830449827,0.725
0.04016620498614958,0.725
0.040194040194040194,0.725
0.04022191400832178,0.725
0.040249826509368494,0.725
0.04027777777777778,0.725
0.04030576789437109,0.725
0.04033379694019471,0.725
0.04036186499652053,0.725
0.0403899721448468,0.725
0.04041811846689895,0.725
0.040446304044630406,0.725
0.040474528960223306,0.725
0.040502793296089384,0.725
0.04053109713487072,0.725
0.04055944055944056,0.725
0.04058782365290413,0.725
0.03991596638655462,0.7125
0.039943938332165384,0.7125
0.03927068723702665,0.7
0.03929824561403509,0.7
0.03932584269662921,0.7
0.03935347856640899,0.7
0.03938115330520394,0.7
0.03940886699507389,0.7
0.03943661971830986,0.7
0.03946441155743481,0.7
0.039492242595204514,0.7
0.03952011291460833,0.7
0.03954802259887006,0.7
0.039575971731448764,0.7
0.039603960396039604,0.7
0.039631988676574664,0.7
0.039660056657223795,0.7
0.039688164422395464,0.7
0.03971631205673759,0.7
0.0397444996451384,0.7
0.03977272727272727,0.7
0.03909026297085998,0.6875
0.03911806543385491,0.6875
0.03914590747330961,0.6875
0.03917378917378917,0.6875
0.039201710620099785,0.6875
0.039229671897289584,0.6875
0.039257673090649536,0.6875
0.039285714285714285,0.6875
0.039313795568263046,0.6875
0.03934191702432046,0.6875
0.03937007874015748,0.6875
0.03939828080229226,0.6875
0.03942652329749104,0.6875
0.03945480631276901,0.6875
0.03948312993539124,0.6875
0.039511494252873564,0.6875
0.039539899352983465,0.6875
0.039568345323741004,0.6875
0.03959683225341973,0.6875
0.03962536023054755,0.6875
0.03965392934390771,0.6875
0.03968253968253968,0.6875
0.039711191335740074,0.6875
0.039739884393063585,0.6875
0.03976861894432393,0.6875
0.03907380607814761,0.675
0.0391020999275887,0.675
0.0391304347826087,0.675
0.03915881073241479,0.675
0.03918722786647315,0.675
0.0392156862745098,0.675
0.03924418604651163,0.675
0.03927272727272727,0.675
0.039301310043668124,0.675
0.03932993445010925,0.675
0.03935860058309038,0.675
0.03938730853391685,0.675
0.03941605839416058,0.675
0.039444850255661065,0.675
0.039473684210526314,0.675
0.03950256035113387,0.675
0.038799414348462666,0.6625
0.03882783882783883,0.6625
0.038856304985337244,0.6625
0.03888481291269259,0.6625
0.038913362701908955,0.6625
0.038941954445260836,0.6625
0.03897058823529412,0.6625
0.03899926416482708,0.6625
0.0390279823269514,0.6625
0.039056742815033164,0.6625
0.03908554572271387,0.6625
0.03911439114391144,0.6625
0.03914327917282127,0.6625
0.03917220990391722,0.6625
0.03920118343195266,0.6625
0.03923019985196151,0.6625
0.03925925925925926,0.6625
0.039288361749444035,0.6625
0.039317507418397624,0.6625
0.03934669636228656,0.6625
0.03937592867756315,0.6625
0.038661710037174724,0.65
0.03869047619047619,0.65
0.0387192851824274,0.65
0.038748137108792845,0.65
0.03877703206562267,0.65
0.03880597014925373,0.65
0.038834951456310676,0.65
0.03886397608370702,0.65
0.03889304412864622,0.65
0.038922155688622756,0.65
0.03895131086142322,0.65
0.038980509745127435,0.65
0.03900975243810953,0.65
0.03903903903903904,0.65
0.03906836964688205,0.65
0.039097744360902256,0.65
0.03912716328066215,0.65
0.0391566265060241,0.65
0.03918613413715147,0.65
0.0392156862745098,0.65
0.03924528301886793,0.65
0.03927492447129909,0.65
0.039304610733182165,0.65
0.039334341906202726,0.65
0.03936411809235428,0.65
0.03939393939393939,0.65
0.039423805913570885,0.65
0.03945371775417299,0.65
0.039483675018982534,0.65
0.03951367781155015,0.65
0.03954372623574144,0.65
0.0395738203957382,0.65
0.039603960396039604,0.65
0.039634146341463415,0.65
0.03966437833714721,0.65
0.03969465648854962,0.65
0.03972498090145149,0.65
0.039755351681957186,0.65
0.03978576893649579,0.65
0.039816232771822356,0.65
0.03984674329501916,0.65
0.03987730061349693,0.65
0.039907904834996163,0.65
0.039938556067588324,0.65
0.03996925441967717,0.65
0.04,0.65
0.04003079291762895,0.65
0.040061633281972264,0.65
0.040092521202775636,0.65
0.040123456790123455,0.65
0.040154440154440155,0.65
0.0401854714064915,0.65
0.04021655065738593,0.65
0.04024767801857585,0.65
0.040278853601859024,0.65
0.040310077519379844,0.65
0.04034134988363072,0.65
0.040372670807453416,0.65
0.04040404040404041,0.65
0.04043545878693624,0.65
0.04046692607003891,0.65
0.040498442367601244,0.65
0.04053000779423227,0.65
0.0405616224648986,0.65
0.04059328649492584,0.65
0.040625,0.65
0.0398749022673964,0.6375
0.03990610328638498,0.6375
0.039937353171495694,0.6375
0.039968652037617555,0.6375
0.04,0.6375
0.040031397174254316,0.6375
0.04006284367635507,0.6375
0.04009433962264151,0.6375
0.04012588512981904,0.6375
0.03937007874015748,0.625
0.039401103230890466,0.625
0.03943217665615142,0.625
0.03946329913180742,0.625
0.03949447077409163,0.625
0.039525691699604744,0.625
0.03955696202531646,0.625
0.0395882818685669,0.625
0.039619651347068144,0.625
0.03965107057890563,0.625
0.03968253968253968,0.625
0.03971405877680699,0.625
0.0397456279809221,0.625
0.03977724741447892,0.625
0.03980891719745223,0.625
0.0398406374501992,0.625
0.03987240829346093,0.625
0.03990422984836393,0.625
0.039936102236421724,0.625
0.03996802557953637,0.625
0.04,0.625
0.040032025620496396,0.625
0.04006410256410257,0.625
0.040096230954290296,0.625
0.04012841091492777,0.625
0.0393574297188755,0.6125
0.03938906752411576,0.6125
0.039420756234915526,0.6125
0.039452495974235106,0.6125
0.0394842868654311,0.6125
0.03951612903225806,0.6125
0.03954802259887006,0.6125
0.0395799676898223,0.6125
0.039611964430072755,0.6125
0.03964401294498382,0.6125
0.03967611336032389,0.6125
0.03970826580226904,0.6125
0.039740470397404706,0.6125
0.03977272727272727,0.6125
0.039805036555645816,0.6125
0.03983739837398374,0.6125
0.03986981285598047,0.6125
0.039902280130293157,0.6125
0.03993480032599837,0.6125
0.0399673735725938,0.6125
0.04,0.6125
0.04003267973856209,0.6125
0.04006541291905151,0.6125
0.040098199672667756,0.6125
0.04013104013104013,0.6125
0.04016393442622951,0.6125
0.04019688269073011,0.6125
0.040229885057471264,0.6125
0.04026294165981923,0.6125
0.04029605263157895,0.6125
0.040329218106995884,0.6125
0.04036243822075782,0.6125
0.0403957131079967,0.6125
0.040429042904290426,0.6125
0.04046242774566474,0.6125
0.04049586776859504,0.6125
0.04052936311000827,0.6125
0.04056291390728477,0.6125
0.04059652029826015,0.6125
0.0406301824212272,0.6125
0.04066390041493776,0.6125
0.040697674418604654,0.6125
0.040731504571903575,0.6125
0.04076539101497504,0.6125
0.04079933388842631,0.6125
0.04083333333333333,0.6125
0.040033361134278564,0.6
0.04006677796327212,0.6
0.040100250626566414,0.6
0.04013377926421405,0.6
0.0401673640167364,0.6
0.04020100502512563,0.6
0.040234702430846606,0.6
0.040268456375838924,0.6
0.04030226700251889,0.6
0.040336134453781515,0.6
0.040370058873002525,0.6
0.04040404040404041,0.6
0.040438079191238416,0.6
0.04047217537942664,0.6
0.04050632911392405,0.6
0.04054054054054054,0.6
0.04057480980557904,0.6
0.04060913705583756,0.6
0.04064352243861134,0.6
0.04067796610169491,0.6
0.04071246819338423,0.6
0.04074702886247878,0.6
0.04078164825828377,0.6
0.04081632653061224,0.6
0.04085106382978723,0.6
0.04088586030664395,0.6
0.04092071611253197,0.6
0.040955631399317405,0.6
0.04099060631938514,0.6
0.041025641025641026,0.6
0.041060735671514116,0.6
0.0410958904109589,0.6
0.04113110539845758,0.6
0.0411663807890223,0.6
0.041201716738197426,0.6
0.041237113402061855,0.6
0.0412725709372313,0.6
0.04130808950086059,0.6
0.041343669250646,0.6
0.041379310344827586,0.6
0.04141501294219154,0.6
0.04145077720207254,0.6
0.04148660328435609,0.6
0.04152249134948097,0.6
0.04155844155844156,0.6
0.0415944540727903,0.6
0.04163052905464007,0.6
0.041666666666666664,0.6
0.04170286707211121,0.6
0.04173913043478261,0.6
0.04177545691906005,0.6
0.041811846689895474,0.6
0.041848299912816043,0.6
0.04101221640488656,0.5875
0.04104803493449782,0.5875
0.04108391608391608,0.5875
0.04111986001749781,0.5875
0.04115586690017513,0.5875
0.04119193689745837,0.5875
0.0412280701754386,0.5875
0.041264266900790166,0.5875
0.04130052724077329,0.5875
0.04133685136323659,0.5875
0.04137323943661972,0.5875
0.04140969162995595,0.5875
0.04144620811287478,0.5875
0.04148278905560459,0.5875
0.04151943462897526,0.5875
0.04155614500442087,0.5875
0.0415929203539823,0.5875
0.04162976085031001,0.5875
0.041666666666666664,0.5875
0.0417036379769299,0.5875
0.041740674955595025,0.5875
0.041777777777777775,0.5875
0.04181494661921708,0.5875
0.041852181656277826,0.5875
0.04188948306595366,0.5875
0.04192685102586976,0.5875
0.04196428571428571,0.5875
0.0420017873100983,0.5875
0.04114490161001789,0.575
0.04118173679498657,0.575
0.04121863799283154,0.575
0.04125560538116592,0.575
0.04039497307001795,0.5625
0.04043126684636118,0.5625
0.040467625899280574,0.5625
0.0405040504050405,0.5625
0.04054054054054054,0.5625
0.0405770964833183,0.5625
0.04061371841155235,0.5625
0.04065040650406504,0.5625
0.0406871609403255,0.5625
0.04072398190045249,0.5625
0.04076086956521739,0.5625
0.04079782411604715,0.5625
0.04083484573502722,0.5625
0.04087193460490463,0.5625
0.04090909090909091,0.5625
0.04094631483166515,0.5625
0.040983606557377046,0.5625
0.04102096627164995,0.5625
0.04105839416058394,0.5625
0.0410958904109589,0.5625
0.04113345521023766,0.5625
0.04117108874656908,0.5625
0.04120879120879121,0.5625
0.04124656278643447,0.5625
0.04128440366972477,0.5625
0.04132231404958678,0.5625
0.04136029411764706,0.5625
0.04139834406623735,0.5625
0.04143646408839779,0.5625
0.041474654377880185,0.5625
0.04151291512915129,0.5625
0.04155124653739612,0.5625
0.041589648798521256,0.5625
0.041628122109158186,0.5625
0.041666666666666664,0.5625
0.04170528266913809,0.5625
0.041743970315398886,0.5625
0.04178272980501393,0.5625
0.041821561338289966,0.5625
0.04186046511627907,0.5625
0.04189944134078212,0.5625
0.04193849021435228,0.5625
0.04197761194029851,0.5625
0.04201680672268908,0.5625
0.04205607476635514,0.5625
0.042095416276894296,0.5625
0.042134831460674156,0.5625
0.04217432052483599,0.5625
0.04221388367729831,0.5625
0.04225352112676056,0.5625
0.042293233082706765,0.5625
0.04233301975540922,0.5625
0.0423728813559322,0.5625
0.04241281809613572,0.5625
0.04245283018867924,0.5625
0.042492917847025496,0.5625
0.04253308128544423,0.5625
0.04257332071901608,0.5625
0.04261363636363636,0.5625
0.04265402843601896,0.5625
0.04269449715370019,0.5625
0.042735042735042736,0.5625
0.04277566539923954,0.5625
0.04281636536631779,0.5625
0.04285714285714286,0.5625
0.042897998093422304,0.5625
0.042938931297709926,0.5625
0.04297994269340974,0.5625
0.043021032504780114,0.5625
0.0430622009569378,0.5625
0.04310344827586207,0.5625
0.04314477468839885,0.5625
0.04318618042226487,0.5625
0.04226705091258405,0.55
0.04230769230769231,0.55
0.04234841193455245,0.55
0.04238921001926782,0.55
0.04243008678881389,0.55
0.04247104247104247,0.55
0.04251207729468599,0.55
0.0425531914893617,0.55
0.04259438528557599,0.55
0.04263565891472868,0.55
0.041707080504364696,0.5375
0.04174757281553398,0.5375
0.04178814382896016,0.5375
0.04182879377431906,0.5375
0.04089581304771178,0.525
0.04093567251461988,0.525
0.04097560975609756,0.525
0.041015625,0.525
0.04105571847507331,0.525
0.0410958904109589,0.525
0.04113614103819784,0.525
0.041176470588235294,0.525
0.04121687929342493,0.525
0.0412573673870334,0.525
0.04129793510324484,0.525
0.04133858267716536,0.525
0.041379310344827586,0.525
0.04142011834319527,0.525
0.04146100691016782,0.525
0.041501976284584984,0.525
0.04154302670623145,0.525
0.041584158415841586,0.525
0.04162537165510406,0.525
0.041666666666666664,0.525
0.041708043694141016,0.525
0.041749502982107355,0.525
0.041791044776119404,0.525
0.04183266932270916,0.525
0.04187437686939183,0.525
0.041916167664670656,0.525
0.04195804195804196,0.525
0.042,0.525
0.042042042042042045,0.525
0.04208416833667335,0.525
0.04212637913741224,0.525
0.04216867469879518,0.525
0.04221105527638191,0.525
0.04225352112676056,0.525
0.04229607250755287,0.525
0.04233870967741935,0.525
0.04238143289606458,0.525
0.04242424242424243,0.525
0.041456016177957536,0.5125
0.04149797570850203,0.5125
0.04154002026342452,0.5125
0.04158215010141988,0.5125
0.0416243654822335,0.5125
0.041666666666666664,0.5125
0.04170905391658189,0.5125
0.04175152749490835,0.5125
0.0417940876656473,0.5125
0.04183673469387755,0.5125
0.04187946884576098,0.5125
0.041922290388548056,0.5125
0.04196519959058342,0.5125
0.042008196721311473,0.5125
0.04205128205128205,0.5125
0.04209445585215606,0.5125
0.0421377183967112,0.5125
0.04218106995884774,0.5125
0.042224510813594233,0.5125
0.042268041237113405,0.5125
0.04231166150670795,0.5125
0.04132231404958678,0.5
0.04136504653567735,0.5
0.041407867494824016,0.5
0.04145077720207254,0.5
0.04153686396677051,0.5
0.04158004158004158,0.5
0.04162330905306972,0.5
0.041666666666666664,0.5
0.04171011470281543,0.5
0.04175365344467641,0.5
0.04179728317659352,0.5
0.04184100418410042,0.5
0.041884816753926704,0.5
0.041928721174004195,0.5
0.04197271773347324,0.5
0.04096638655462185,0.4875
0.04100946372239748,0.4875
0.04105263157894737,0.4875
0.0410958904109589,0.4875
0.04113924050632911,0.4875
0.04118268215417107,0.4875
0.04021164021164021,0.475
0.04025423728813559,0.475
0.04029692470837752,0.475
0.040339702760084924,0.475
0.04042553191489362,0.475
0.04046858359957402,0.475
0.04051172707889126,0.475
0.04055496264674493,0.475
0.03952991452991453,0.4625
0.039572192513368985,0.4625
0.03961456102783726,0.4625
0.03965702036441586,0.4625
0.03969957081545064,0.4625
0.03866809881847476,0.45
0.038751345532831,0.45
0.03896103896103896,0.45
0.0390032502708559,0.45
0.0391304347826087,0.45
0.0392156862745098,0.45
0.039301310043668124,0.45
0.03943044906900329,0.45
0.039603960396039604,0.45
0.03969128996692393,0.45
0.04017857142857143,0.45
0.04049493813273341,0.45
1.0,0.0
