Precision,Recall
0.03250711093051605,1.0
0.03211382113821138,0.9875
0.032126880845872306,0.9875
0.03213995117982099,0.9875
0.032153032153032154,0.9875
0.03216612377850163,0.9875
0.03217922606924643,0.9875
0.03219233903830481,0.9875
0.03220546269873624,0.9875
0.03221859706362153,0.9875
0.03223174214606283,0.9875
0.03224489795918367,0.9875
0.03225806451612903,0.9875
0.03227124183006536,0.9875
0.03228442991418063,0.9875
0.032297628781684386,0.9875
0.032310838445807774,0.9875
0.032324058919803604,0.9875
0.032337290216946375,0.9875
0.03235053235053235,0.9875
0.032363785333879555,0.9875
0.03237704918032787,0.9875
0.03239032390323903,0.9875
0.03240360951599672,0.9875
0.032416906032006566,0.9875
0.032430213464696225,0.9875
0.0324435318275154,0.9875
0.03245686113393591,0.9875
0.03247020139745171,0.9875
0.03248355263157895,0.9875
0.03249691484985603,0.9875
0.03251028806584362,0.9875
0.03252367229312474,0.9875
0.032537067545304776,0.9875
0.032550473836011534,0.9875
0.0325638911788953,0.9875
0.03257731958762886,0.9875
0.03259075907590759,0.9875
0.032604209657449444,0.9875
0.032617671345995046,0.9875
0.032631144155307726,0.9875
0.03264462809917355,0.9875
0.032658123191401406,0.9875
0.032671629445823,0.9875
0.032685146876292925,0.9875
0.03269867549668874,0.9875
0.032712215320910974,0.9875
0.03272576636288318,0.9875
0.03273932863655201,0.9875
0.03275290215588723,0.9875
0.032766486934881794,0.9875
0.03278008298755187,0.9875
0.0327936903279369,0.9875
0.03280730897009967,0.9875
0.0328209389281263,0.9875
0.03283458021612635,0.9875
0.03284823284823285,0.9875
0.03286189683860233,0.9875
0.0328755722014149,0.9875
0.03288925895087427,0.9875
0.03290295710120783,0.9875
0.032916666666666664,0.9875
0.03293038766152564,0.9875
0.0329441201000834,0.9875
0.03295786399666249,0.9875
0.03297161936560935,0.9875
0.03298538622129436,0.9875
0.032999164578111945,0.9875
0.03301295445048057,0.9875
0.03302675585284281,0.9875
0.03304056879966541,0.9875
0.03305439330543933,0.9875
0.033068229384679786,0.9875
0.0330820770519263,0.9875
0.03309593632174277,0.9875
0.03310980720871752,0.9875
0.03312368972746331,0.9875
0.03313758389261745,0.9875
0.0331514897188418,0.9875
0.03316540722082284,0.9875
0.03317933641327173,0.9875
0.03319327731092437,0.9875
0.0332072299285414,0.9875
0.03322119428090833,0.9875
0.03323517038283551,0.9875
0.03324915824915825,0.9875
0.03326315789473684,0.9875
0.03327716933445661,0.9875
0.033291192583227984,0.9875
0.03330522765598651,0.9875
0.03331927456769296,0.9875
0.03333333333333333,0.9875
0.03334740396791895,0.9875
0.033361486486486486,0.9875
0.033375580904098014,0.9875
0.033389687235841084,0.9875
0.03340380549682875,0.9875
0.03341793570219966,0.9875
0.03343207786711807,0.9875
0.03344623200677392,0.9875
0.033460398136382886,0.9875
0.03347457627118644,0.9875
0.033488766426451884,0.9875
0.033502968617472435,0.9875
0.03351718285956724,0.9875
0.03353140916808149,0.9875
0.03354564755838641,0.9875
0.033559898045879354,0.9875
0.03357416064598385,0.9875
0.03358843537414966,0.9875
0.033602722245852826,0.9875
0.03361702127659574,0.9875
0.033631332481907195,0.9875
0.03364565587734242,0.9875
0.03365999147848317,0.9875
0.033674339300937765,0.9875
0.03368869936034115,0.9875
0.03370307167235495,0.9875
0.03371745625266752,0.9875
0.033731853116994025,0.9875
0.03374626228107646,0.9875
0.03376068376068376,0.9875
0.0337751175716118,0.9875
0.03378956372968349,0.9875
0.03380402225074882,0.9875
0.033818493150684935,0.9875
0.033832976445396144,0.9875
0.03384747215081405,0.9875
0.03386198028289756,0.9875
0.033876500857632934,0.9875
0.03389103389103389,0.9875
0.03390557939914163,0.9875
0.0339201373980249,0.9875
0.033934707903780066,0.9875
0.033949290932531156,0.9875
0.033963886500429925,0.9875
0.03397849462365592,0.9875
0.03399311531841653,0.9875
0.03400774860094705,0.9875
0.034022394487510765,0.9875
0.034037052994398964,0.9875
0.03405172413793103,0.9875
0.03406640793445451,0.9875
0.034081104400345126,0.9875
0.03409581355200691,0.9875
0.034110535405872194,0.9875
0.03412526997840173,0.9875
0.0341400172860847,0.9875
0.03415477734543882,0.9875
0.034169550173010384,0.9875
0.0341843357853743,0.9875
0.0341991341991342,0.9875
0.034213945430922474,0.9875
0.03422876949740035,0.9875
0.03424360641525791,0.9875
0.034258456201214225,0.9875
0.03427331887201735,0.9875
0.03428819444444445,0.9875
0.03430308293530178,0.9875
0.03431798436142485,0.9875
0.0343328987396784,0.9875
0.03434782608695652,0.9875
0.03436276642018269,0.9875
0.034377719756309835,0.9875
0.034392686112320416,0.9875
0.03440766550522648,0.9875
0.03442265795206972,0.9875
0.03443766346992153,0.9875
0.034452682075883125,0.9875
0.03446771378708551,0.9875
0.034482758620689655,0.9875
0.03449781659388646,0.9875
0.0345128877238969,0.9875
0.034527972027972025,0.9875
0.03454306952339309,0.9875
0.03455818022747156,0.9875
0.03457330415754924,0.9875
0.03458844133099825,0.9875
0.0346035917652212,0.9875
0.034618755477651184,0.9875
0.03463393248575186,0.9875
0.03464912280701754,0.9875
0.03466432645897324,0.9875
0.03467954345917471,0.9875
0.03469477382520861,0.9875
0.03471001757469244,0.9875
0.03472527472527472,0.9875
0.034740545294635,0.9875
0.034755829300483945,0.9875
0.03477112676056338,0.9875
0.03478643769264641,0.9875
0.03480176211453744,0.9875
0.03481710004407228,0.9875
0.034832451499118164,0.9875
0.03484781649757389,0.9875
0.03486319505736982,0.9875
0.03487858719646799,0.9875
0.03489399293286219,0.9875
0.034909412284577994,0.9875
0.034924845269672856,0.9875
0.03494029190623618,0.9875
0.034955752212389384,0.9875
0.03497122620628597,0.9875
0.034986713906111605,0.9875
0.035002215330084185,0.9875
0.0350177304964539,0.9875
0.03503325942350333,0.9875
0.035048802129547474,0.9875
0.03506435863293387,0.9875
0.03507992895204263,0.9875
0.03509551310528654,0.9875
0.035111111111111114,0.9875
0.035126722987994664,0.9875
0.035142348754448396,0.9875
0.03515798842901647,0.9875
0.035173642030276044,0.9875
0.03518930957683741,0.9875
0.035204991087344026,0.9875
0.03522068658047258,0.9875
0.0352363960749331,0.9875
0.035252119589468986,0.9875
0.03526785714285714,0.9875
0.03528360875390799,0.9875
0.035299374441465595,0.9875
0.03531515422440769,0.9875
0.0353309481216458,0.9875
0.03534675615212528,0.9875
0.03536257833482542,0.9875
0.03537841468875952,0.9875
0.03539426523297491,0.9875
0.035410129986553115,0.9875
0.03542600896860987,0.9875
0.0354419021982952,0.9875
0.035457809694793535,0.9875
0.03547373147732375,0.9875
0.035489667565139264,0.9875
0.03550561797752809,0.9875
0.03552158273381295,0.9875
0.03553756185335133,0.9875
0.03555355535553555,0.9875
0.03556956325979289,0.9875
0.03558558558558558,0.9875
0.035601622352410996,0.9875
0.035617673579801626,0.9875
0.03563373928732522,0.9875
0.03564981949458484,0.9875
0.03566591422121896,0.9875
0.03523035230352303,0.975
0.03524627202892002,0.975
0.0352622061482821,0.975
0.035278154681139755,0.975
0.03529411764705882,0.975
0.03531009506564056,0.975
0.035326086956521736,0.975
0.035342093339374714,0.975
0.03535811423390753,0.975
0.03537414965986395,0.975
0.03539019963702359,0.975
0.035406264185202,0.975
0.035422343324250684,0.975
0.03543843707405725,0.975
0.035454545454545454,0.975
0.03547066848567531,0.975
0.03548680618744313,0.975
0.03550295857988166,0.975
0.03551912568306011,0.975
0.03553530751708428,0.975
0.03509571558796718,0.9625
0.03511171910624715,0.9625
0.03512773722627737,0.9625
0.03514376996805112,0.9625
0.03515981735159817,0.9625
0.035175879396984924,0.9625
0.035191956124314444,0.9625
0.035208047553726564,0.9625
0.035224153705397984,0.9625
0.035240274599542334,0.9625
0.035256410256410256,0.9625
0.03527256069628951,0.9625
0.03528872593950504,0.9625
0.03530490600641907,0.9625
0.035321100917431195,0.9625
0.03533731069297843,0.9625
0.03535353535353535,0.9625
0.03536977491961415,0.9625
0.035386029411764705,0.9625
0.035402298850574714,0.9625
0.03541858325666973,0.9625
0.0354348826507133,0.9625
0.035451197053407,0.9625
0.03546752648549056,0.9625
0.035483870967741936,0.9625
0.03550023052097741,0.9625
0.03551660516605166,0.9625
0.03553299492385787,0.9625
0.035549399815327794,0.9625
0.03556581986143187,0.9625
0.0355822550831793,0.9625
0.03559870550161812,0.9625
0.035615171137835334,0.9625
0.03563165201295696,0.9625
0.03564814814814815,0.9625
0.035664659564613246,0.9625
0.03568118628359592,0.9625
0.03569772832637923,0.9625
0.03571428571428571,0.9625
0.0357308584686775,0.9625
0.03574744661095636,0.9625
0.035764050162563864,0.9625
0.03578066914498141,0.9625
0.03579730357973036,0.9625
0.035813953488372095,0.9625
0.035830618892508145,0.9625
0.03584729981378026,0.9625
0.03586399627387052,0.9625
0.0358807082945014,0.9625
0.035897435897435895,0.9625
0.03591417910447761,0.9625
0.03593093793747083,0.9625
0.03594771241830065,0.9625
0.03596450256889304,0.9625
0.035981308411214954,0.9625
0.035998129967274424,0.9625
0.03601496725912067,0.9625
0.03603182030884417,0.9625
0.03604868913857678,0.9625
0.036065573770491806,0.9625
0.03608247422680412,0.9625
0.03609939052977028,0.9625
0.036116322701688554,0.9625
0.03613327076489911,0.9625
0.03615023474178404,0.9625
0.03616721465476749,0.9625
0.03618421052631579,0.9625
0.03620122237893747,0.9625
0.03621825023518344,0.9625
0.03623529411764706,0.9625
0.036252354048964215,0.9625
0.03626943005181347,0.9625
0.03628652214891612,0.9625
0.036303630363036306,0.9625
0.03632075471698113,0.9625
0.03633789523360075,0.9625
0.03635505193578848,0.9625
0.036372224846480866,0.9625
0.036389413988657845,0.9625
0.03640661938534279,0.9625
0.03642384105960265,0.9625
0.03644107903454804,0.9625
0.036458333333333336,0.9625
0.0364756039791568,0.9625
0.036492890995260666,0.9625
0.036510194404931244,0.9625
0.03652751423149905,0.9625
0.036544850498338874,0.9625
0.0365622032288699,0.9625
0.03657957244655582,0.9625
0.036596958174904944,0.9625
0.03661436043747028,0.9625
0.03663177925784967,0.9625
0.03664921465968586,0.9625
0.03666666666666667,0.9625
0.03668413530252501,0.9625
0.03670162059103908,0.9625
0.03671912255603243,0.9625
0.036736641221374045,0.9625
0.036276849642004776,0.95
0.03629417382999045,0.95
0.036311514572384136,0.95
0.036328871892925434,0.95
0.03634624581539933,0.95
0.03636363636363636,0.95
0.036381043561512685,0.95
0.03639846743295019,0.95
0.03641590800191662,0.95
0.0364333652924257,0.95
0.03645083932853717,0.95
0.036468330134357005,0.95
0.03648583773403745,0.95
0.03650336215177714,0.95
0.03652090341182124,0.95
0.03653846153846154,0.95
0.03655603655603656,0.95
0.03657362848893166,0.95
0.0365912373615792,0.95
0.036608863198458574,0.95
0.03662650602409639,0.95
0.03664416586306654,0.95
0.036661842739990354,0.95
0.03667953667953668,0.95
0.03669724770642202,0.95
0.03671497584541063,0.95
0.03673272112131464,0.95
0.0367504835589942,0.95
0.036768263183357526,0.95
0.036786060019361085,0.95
0.036803874092009685,0.95
0.03682170542635659,0.95
0.036839554047503636,0.95
0.03685741998060136,0.95
0.036875303250849104,0.95
0.036893203883495145,0.95
0.036911121903836816,0.95
0.0369290573372206,0.95
0.03694701020904229,0.95
0.03696498054474708,0.95
0.0364963503649635,0.9375
0.0365141187925998,0.9375
0.03653190452995616,0.9375
0.03654970760233918,0.9375
0.036567528035104824,0.9375
0.036585365853658534,0.9375
0.036603221083455345,0.9375
0.03662109375,0.9375
0.03663898387884709,0.9375
0.036656891495601175,0.9375
0.03667481662591687,0.9375
0.03669275929549902,0.9375
0.03671071953010279,0.9375
0.03672869735553379,0.9375
0.03674669279764821,0.9375
0.03676470588235294,0.9375
0.03678273663560569,0.9375
0.03680078508341511,0.9375
0.036818851251840944,0.9375
0.03683693516699411,0.9375
0.036855036855036855,0.9375
0.03687315634218289,0.9375
0.03689129365469749,0.9375
0.036909448818897635,0.9375
0.03692762186115214,0.9375
0.03694581280788178,0.9375
0.03696402168555939,0.9375
0.03698224852071006,0.9375
0.0370004933399112,0.9375
0.037018756169792694,0.9375
0.037037037037037035,0.9375
0.03705533596837945,0.9375
0.03707365299060801,0.9375
0.037091988130563795,0.9375
0.03711034141514102,0.9375
0.03712871287128713,0.9375
0.03714710252600297,0.9375
0.037165510406342916,0.9375
0.03718393653941497,0.9375
0.03670634920634921,0.925
0.03672456575682382,0.925
0.036742800397219465,0.925
0.03676105315449578,0.925
0.03628230616302187,0.9125
0.036300348085529587,0.9125
0.03631840796019901,0.9125
0.03633648581383773,0.9125
0.036354581673306775,0.9125
0.03587443946188341,0.9
0.03589232303090728,0.9
0.035910224438902745,0.9
0.03592814371257485,0.9
0.03594608087868198,0.9
0.035464535464535464,0.8875
0.03548225887056472,0.8875
0.0355,0.8875
0.03551775887943972,0.8875
0.03553553553553553,0.8875
0.035553329994992486,0.8875
0.03557114228456914,0.8875
0.03558897243107769,0.8875
0.03560682046138415,0.8875
0.03562468640240843,0.8875
0.0356425702811245,0.8875
0.03566047212456052,0.8875
0.035678391959798994,0.8875
0.03569632981397687,0.8875
0.03571428571428571,0.8875
0.035732259687971814,0.8875
0.03575025176233636,0.8875
0.035768261964735516,0.8875
0.03578629032258065,0.8875
0.03580433686333838,0.8875
0.03582240161453078,0.8875
0.035840484603735484,0.8875
0.03585858585858586,0.8875
0.0358767054067711,0.8875
0.0358948432760364,0.8875
0.035912999494183105,0.8875
0.035931174089068825,0.8875
0.035949367088607596,0.8875
0.03596757852077001,0.8875
0.03598580841358338,0.8875
0.03600405679513185,0.8875
0.03602232369355657,0.8875
0.03604060913705584,0.8875
0.03605891315388522,0.8875
0.036077235772357726,0.8875
0.03609557702084393,0.8875
0.03611393692777213,0.8875
0.036132315521628496,0.8875
0.03615071283095723,0.8875
0.03616912888436067,0.8875
0.03618756371049949,0.8875
0.035696073431922486,0.875
0.03571428571428571,0.875
0.03573251659009699,0.875
0.03575076608784474,0.875
0.03576903423607562,0.875
0.03578732106339468,0.875
0.03580562659846547,0.875
0.03582395087001024,0.875
0.035842293906810034,0.875
0.035860655737704916,0.875
0.03587903639159405,0.875
0.03538461538461538,0.8625
0.03540277065161621,0.8625
0.03542094455852156,0.8625
0.03492552645095018,0.85
0.03494347379239465,0.85
0.03496143958868895,0.85
0.03497942386831276,0.85
0.034997426659804425,0.85
0.035015447991761074,0.85
0.03503348789283874,0.85
0.03505154639175258,0.85
0.035069623517276945,0.85
0.03508771929824561,0.85
0.035105833763551884,0.85
0.03512396694214876,0.85
0.0351421188630491,0.85
0.03516028955532575,0.85
0.03517847904811174,0.85
0.035196687370600416,0.85
0.03521491455204557,0.85
0.035233160621761656,0.85
0.0352514256091239,0.85
0.035269709543568464,0.85
0.03528801245459263,0.85
0.035306334371754934,0.85
0.03532467532467533,0.85
0.035343035343035345,0.85
0.03536141445657826,0.85
0.03537981269510926,0.85
0.035398230088495575,0.85
0.035416666666666666,0.85
0.03543512245961438,0.85
0.035453597497393116,0.85
0.03547209181011998,0.85
0.03549060542797495,0.85
0.035509138381201046,0.85
0.035527690700104496,0.85
0.03554626241505489,0.85
0.03556485355648536,0.85
0.035583464154892726,0.85
0.0356020942408377,0.85
0.035620743844945,0.85
0.03563941299790356,0.85
0.0356581017304667,0.85
0.035676810073452254,0.85
0.03569553805774278,0.85
0.03571428571428571,0.85
0.03573305307409354,0.85
0.035751840168243953,0.85
0.03577064702788006,0.85
0.035789473684210524,0.85
0.03580832016850974,0.85
0.03582718651211802,0.85
0.03584607274644175,0.85
0.035864978902953586,0.85
0.035883905013192614,0.85
0.03590285110876452,0.85
0.03592181722134179,0.85
0.035940803382663845,0.85
0.035959809624537285,0.85
0.03597883597883598,0.85
0.035997882477501325,0.85
0.036016949152542374,0.85
0.036036036036036036,0.85
0.036055143160127257,0.85
0.03607427055702918,0.85
0.036093418259023353,0.85
0.036112586298459905,0.85
0.036131774707757705,0.85
0.03615098351940457,0.85
0.036170212765957444,0.85
0.036189462480042574,0.85
0.0362087326943557,0.85
0.036228023441662226,0.85
0.03624733475479744,0.85
0.03626666666666667,0.85
0.03628601921024546,0.85
0.036305392418579815,0.85
0.03632478632478633,0.85
0.036344200962052375,0.85
0.03636363636363636,0.85
0.03638309256286784,0.85
0.03640256959314775,0.85
0.03642206748794858,0.85
0.03644158628081458,0.85
0.03646112600536193,0.85
0.03648068669527897,0.85
0.03650026838432636,0.85
0.036519871106337275,0.85
0.03653949489521763,0.85
0.03655913978494624,0.85
0.03657880580957504,0.85
0.03659849300322928,0.85
0.0366182014001077,0.85
0.036637931034482756,0.85
0.036657681940700806,0.85
0.036677454153182305,0.85
0.03669724770642202,0.85
0.0367170626349892,0.85
0.036736898973527825,0.85
0.036756756756756756,0.85
0.03677663601946998,0.85
0.0367965367965368,0.85
0.036816459122902004,0.85
0.03683640303358613,0.85
0.03685636856368564,0.85
0.0368763557483731,0.85
0.03689636462289745,0.85
0.03691639522258415,0.85
0.036936447582835416,0.85
0.03695652173913044,0.85
0.036976617727025554,0.85
0.036996735582154515,0.85
0.037016875340228635,0.85
0.037037037037037035,0.85
0.037057220708446865,0.85
0.03707742639040349,0.85
0.03709765411893071,0.85
0.03657205240174673,0.8375
0.03604587657018023,0.825
0.036065573770491806,0.825
0.03608529250956807,0.825
0.036105032822757115,0.825
0.0361247947454844,0.825
0.03614457831325301,0.825
0.03616438356164384,0.825
0.03618421052631579,0.825
0.036204059243006036,0.825
0.036223929747530186,0.825
0.036243822075782535,0.825
0.03626373626373627,0.825
0.03628367234744365,0.825
0.036303630363036306,0.825
0.03632361034672537,0.825
0.03634361233480176,0.825
0.03636363636363636,0.825
0.03638368246968027,0.825
0.03640375068946498,0.825
0.03642384105960265,0.825
0.036443953616786304,0.825
0.036464088397790057,0.825
0.03648424543946932,0.825
0.03650442477876106,0.825
0.036524626452684006,0.825
0.036544850498338874,0.825
0.03656509695290859,0.825
0.036585365853658534,0.825
0.036605657237936774,0.825
0.03662597114317425,0.825
0.036646307606885066,0.825
0.03666666666666667,0.825
0.03668704836020011,0.825
0.03670745272525028,0.825
0.03672787979966611,0.825
0.036748329621380846,0.825
0.03676880222841226,0.825
0.036231884057971016,0.8125
0.03625209146681539,0.8125
0.03627232142857143,0.8125
0.036292573981016193,0.8125
0.036312849162011177,0.8125
0.03633314700950251,0.8125
0.036353467561521254,0.8125
0.03637381085618355,0.8125
0.036394176931690926,0.8125
0.036414565826330535,0.8125
0.03643497757847534,0.8125
0.03645541222658441,0.8125
0.03647586980920314,0.8125
0.0364963503649635,0.8125
0.03651685393258427,0.8125
0.03653738055087127,0.8125
0.03655793025871766,0.8125
0.03601575689364097,0.8
0.036036036036036036,0.8
0.036056338028169016,0.8
0.036076662908680945,0.8
0.03609701071630006,0.8
0.03611738148984198,0.8
0.03613777526821005,0.8
0.03615819209039548,0.8
0.03617863199547767,0.8
0.03619909502262444,0.8
0.03621958121109225,0.8
0.0362400906002265,0.8
0.036260623229461754,0.8
0.036281179138321996,0.8
0.036301758366420876,0.8
0.036322360953461974,0.8
0.03634298693923907,0.8
0.03636363636363636,0.8
0.036384309266628764,0.8
0.03640500568828214,0.8
0.03642572566875356,0.8
0.03644646924829157,0.8
0.036467236467236465,0.8
0.036488027366020526,0.8
0.03650884198516828,0.8
0.0365296803652968,0.8
0.036550542547115934,0.8
0.036571428571428574,0.8
0.03659233847913093,0.8
0.036613272311212815,0.8
0.03663423010875787,0.8
0.03665521191294387,0.8
0.03667621776504298,0.8
0.03669724770642202,0.8
0.03671830177854274,0.8
0.03673938002296211,0.8
0.03676048248133257,0.8
0.0367816091954023,0.8
0.03680276020701553,0.8
0.03682393555811277,0.8
0.03684513529073115,0.8
0.03686635944700461,0.8
0.03688760806916427,0.8
0.03690888119953864,0.8
0.03693017888055395,0.8
0.03695150115473441,0.8
0.03697284806470248,0.8
0.03699421965317919,0.8
0.03701561596298438,0.8
0.037037037037037035,0.8
0.03705848291835553,0.8
0.03707995365005794,0.8
0.03710144927536232,0.8
0.037122969837587005,0.8
0.0371445153801509,0.8
0.03716608594657375,0.8
0.037187681580476466,0.8
0.037209302325581395,0.8
0.03723094822571262,0.8
0.037252619324796274,0.8
0.037274315666860805,0.8
0.037296037296037296,0.8
0.037317784256559766,0.8
0.03733955659276546,0.8
0.037361354349095155,0.8
0.037383177570093455,0.8
0.037405026300409115,0.8
0.03742690058479532,0.8
0.037448800468110006,0.8
0.03747072599531616,0.8
0.03690685413005272,0.7875
0.0369284876905041,0.7875
0.03695014662756598,0.7875
0.03697183098591549,0.7875
0.0369935408103347,0.7875
0.03701527614571093,0.7875
0.037037037037037035,0.7875
0.03705882352941176,0.7875
0.03708063566804003,0.7875
0.037102473498233215,0.7875
0.037124337065409546,0.7875
0.03714622641509434,0.7875
0.03716814159292035,0.7875
0.0371900826446281,0.7875
0.03721204961606615,0.7875
0.03723404255319149,0.7875
0.03725606150206978,0.7875
0.03727810650887574,0.7875
0.037300177619893425,0.7875
0.037322274881516584,0.7875
0.036751630112625965,0.775
0.036773428232502965,0.775
0.03679525222551929,0.775
0.03681710213776722,0.775
0.0368389780154486,0.775
0.036860879904875146,0.775
0.036882807852468766,0.775
0.036904761904761905,0.775
0.03692674210839786,0.775
0.03694874851013111,0.775
0.03697078115682767,0.775
0.03699284009546539,0.775
0.037014925373134326,0.775
0.037037037037037035,0.775
0.03705917513448894,0.775
0.03708133971291866,0.775
0.03710353081986834,0.775
0.037125748502994015,0.775
0.03654883163571001,0.7625
0.03657074340527578,0.7625
0.03659268146370726,0.7625
0.036614645858343335,0.7625
0.03663663663663664,0.7625
0.03665865384615385,0.7625
0.03668069753457607,0.7625
0.036702767749699154,0.7625
0.03672486453943408,0.7625
0.03674698795180723,0.7625
0.03676913803496082,0.7625
0.0367913148371532,0.7625
0.036813518406759206,0.7625
0.036231884057971016,0.75
0.03625377643504532,0.75
0.036275695284159616,0.75
0.036297640653357534,0.75
0.03631961259079903,0.75
0.03634161114476075,0.75
0.03636363636363636,0.75
0.036385688295936934,0.75
0.03640776699029126,0.75
0.0358227079538555,0.7375
0.035844471445929525,0.7375
0.035866261398176294,0.7375
0.035888077858880776,0.7375
0.035909920876445525,0.7375
0.035931790499390985,0.7375
0.03595368677635588,0.7375
0.03597560975609756,0.7375
0.03599755948749237,0.7375
0.036019536019536016,0.7375
0.03604153940134392,0.7375
0.03606356968215159,0.7375
0.036085626911314984,0.7375
0.03610771113831089,0.7375
0.036129822412737295,0.7375
0.03615196078431373,0.7375
0.036174126302881665,0.7375
0.03619631901840491,0.7375
0.03621853898096992,0.7375
0.03624078624078624,0.7375
0.03626306084818685,0.7375
0.03628536285362854,0.7375
0.036307692307692305,0.7375
0.03633004926108374,0.7375
0.036352433764633395,0.7375
0.036374845869297165,0.7375
0.03639728562615669,0.7375
0.03641975308641975,0.7375
0.03644224830142063,0.7375
0.03646477132262052,0.7375
0.036487322201607914,0.7375
0.03650990099009901,0.7375
0.03653250773993808,0.7375
0.036555142503097895,0.7375
0.0365778053316801,0.7375
0.03660049627791563,0.7375
0.03662321539416512,0.7375
0.03664596273291926,0.7375
0.036668738346799255,0.7375
0.03669154228855721,0.7375
0.03671437461107654,0.7375
0.036737235367372355,0.7375
0.0367601246105919,0.7375
0.03678304239401496,0.7375
0.036805988771054274,0.7375
0.03682896379525593,0.7375
0.03685196752029981,0.7375
0.036875,0.7375
0.03689806128830519,0.7375
0.036921151439299124,0.7375
0.036944270507201005,0.7375
0.03696741854636591,0.7375
0.03699059561128527,0.7375
0.0370138017565872,0.7375
0.037037037037037035,0.7375
0.03706030150753769,0.7375
0.03708359522313011,0.7375
0.03710691823899371,0.7375
0.037130270610446825,0.7375
0.0371536523929471,0.7375
0.037177063642092,0.7375
0.03720050441361917,0.7375
0.03722397476340694,0.7375
0.036616161616161616,0.725
0.03663929248262792,0.725
0.03666245259165613,0.725
0.036685641998734975,0.725
0.03670886075949367,0.725
0.03673210892970234,0.725
0.036755386565272496,0.725
0.03677869372225745,0.725
0.03680203045685279,0.725
0.036825396825396824,0.725
0.036848792884371026,0.725
0.036872218690400506,0.725
0.03689567430025445,0.725
0.036919159770846595,0.725
0.03694267515923567,0.725
0.036966220522625874,0.725
0.036989795918367346,0.725
0.037013401403956606,0.725
0.037037037037037035,0.725
0.03706070287539936,0.725
0.0370843989769821,0.725
0.037108125399872044,0.725
0.03713188220230474,0.725
0.037155669442664956,0.725
0.03717948717948718,0.725
0.03720333547145606,0.725
0.037227214377406934,0.725
0.037251123956326265,0.725
0.037275064267352186,0.725
0.03729903536977492,0.725
0.03732303732303732,0.725
0.03734707018673535,0.725
0.037371134020618556,0.725
0.037395228884590584,0.725
0.03741935483870968,0.725
0.03744351194318916,0.725
0.037467700258397935,0.725
0.03749191984486102,0.725
0.037516170763260026,0.725
0.037540453074433655,0.725
0.03756476683937824,0.725
0.037589112119248216,0.725
0.03761348897535668,0.725
0.03763789746917586,0.725
0.03766233766233766,0.725
0.037686809616634176,0.725
0.0377113133940182,0.725
0.03773584905660377,0.725
0.037760416666666664,0.725
0.03778501628664495,0.725
0.03780964797913951,0.725
0.037834311806914545,0.725
0.037859007832898174,0.725
0.037883736120182886,0.725
0.03790849673202614,0.725
0.03793328973185088,0.725
0.03795811518324607,0.725
0.03798297314996726,0.725
0.03800786369593709,0.725
0.0380327868852459,0.725
0.03805774278215223,0.725
0.03808273145108339,0.725
0.03810775295663601,0.725
0.0381328073635766,0.725
0.038157894736842106,0.725
0.03818301514154049,0.725
0.03820816864295125,0.725
0.03823335530652604,0.725
0.03825857519788918,0.725
0.03828382838283828,0.725
0.03830911492734478,0.725
0.038334434897554524,0.725
0.03835978835978836,0.725
0.03838517538054269,0.725
0.038410596026490065,0.725
0.038436050364479786,0.725
0.03779840848806366,0.7125
0.0378234903782349,0.7125
0.037848605577689244,0.7125
0.03787375415282392,0.7125
0.03789893617021277,0.7125
0.03792415169660679,0.7125
0.03794940079893475,0.7125
0.0379746835443038,0.7125
0.038,0.7125
0.03802535023348899,0.7125
0.038050734312416554,0.7125
0.03807615230460922,0.7125
0.038101604278074866,0.7125
0.03812709030100334,0.7125
0.03815261044176707,0.7125
0.038178164768921635,0.7125
0.03820375335120643,0.7125
0.03822937625754527,0.7125
0.03825503355704698,0.7125
0.038280725319006045,0.7125
0.03763440860215054,0.7
0.03765971755211836,0.7
0.03768506056527591,0.7
0.03771043771043771,0.7
0.03773584905660377,0.7
0.037761294672960216,0.7
0.037112010796221326,0.6875
0.03713706954760297,0.6875
0.037162162162162164,0.6875
0.03718728870858688,0.6875
0.03721244925575101,0.6875
0.037237643872714964,0.6875
0.03726287262872629,0.6875
0.03728813559322034,0.6875
0.03731343283582089,0.6875
0.0373387644263408,0.6875
0.03736413043478261,0.6875
0.037389530931339225,0.6875
0.03741496598639456,0.6875
0.037440435670524165,0.6875
0.03746594005449591,0.6875
0.03749147920927062,0.6875
0.03751705320600273,0.6875
0.03754266211604096,0.6875
0.03756830601092896,0.6875
0.03759398496240601,0.6875
0.03761969904240766,0.6875
0.03764544832306639,0.6875
0.03767123287671233,0.6875
0.03769705277587389,0.6875
0.03772290809327846,0.6875
0.03774879890185312,0.6875
0.03777472527472527,0.6875
0.037800687285223365,0.6875
0.03782668500687758,0.6875
0.03785271851342051,0.6875
0.03787878787878788,0.6875
0.03790489317711923,0.6875
0.03793103448275862,0.6875
0.03795721187025535,0.6875
0.03798342541436464,0.6875
0.03800967519004837,0.6875
0.03803596127247579,0.6875
0.03806228373702422,0.6875
0.038088642659279776,0.6875
0.038115038115038115,0.6875
0.03814147018030513,0.6875
0.03816793893129771,0.6875
0.03819444444444445,0.6875
0.037526059763724806,0.675
0.037552155771905425,0.675
0.03688239387613083,0.6625
0.03690807799442897,0.6625
0.036933797909407665,0.6625
0.03695955369595537,0.6625
0.03698534542916958,0.6625
0.037011173184357544,0.6625
0.037037037037037035,0.6625
0.03706293706293706,0.6625
0.0370888733379986,0.6625
0.03711484593837535,0.6625
0.03714085494043448,0.6625
0.03716690042075736,0.6625
0.037192982456140354,0.6625
0.037219101123595506,0.6625
0.03724525650035137,0.6625
0.03727144866385373,0.6625
0.03729767769176636,0.6625
0.03732394366197183,0.6625
0.037350246652572236,0.6625
0.03737658674188998,0.6625
0.0374029640084686,0.6625
0.03742937853107345,0.6625
0.03745583038869258,0.6625
0.03748231966053748,0.6625
0.03750884642604388,0.6625
0.037535410764872525,0.6625
0.03756201275690999,0.6625
0.0375886524822695,0.6625
0.03761533002129169,0.6625
0.037642045454545456,0.6625
0.037668798862828715,0.6625
0.03769559032716927,0.6625
0.03772241992882562,0.6625
0.03774928774928775,0.6625
0.037776193870277974,0.6625
0.037803138373751786,0.6625
0.03783012134189864,0.6625
0.03785714285714286,0.6625
0.03788420300214439,0.6625
0.03791130185979971,0.6625
0.03793843951324266,0.6625
0.03796561604584527,0.6625
0.03799283154121864,0.6625
0.03730272596843615,0.65
0.03732950466618808,0.65
0.03735632183908046,0.65
0.037383177570093455,0.65
0.03741007194244604,0.65
0.037437005039596835,0.65
0.037463976945244955,0.65
0.03749098774333093,0.65
0.03751803751803752,0.65
0.03754512635379061,0.65
0.03757225433526012,0.65
0.03759942154736081,0.65
0.03762662807525326,0.65
0.03765387400434468,0.65
0.03768115942028986,0.65
0.03770848440899202,0.65
0.03773584905660377,0.65
0.037037037037037035,0.6375
0.037063953488372096,0.6375
0.03709090909090909,0.6375
0.03711790393013101,0.6375
0.037144938091769844,0.6375
0.03717201166180758,0.6375
0.037199124726477024,0.6375
0.03722627737226277,0.6375
0.03725346968590212,0.6375
0.03728070175438596,0.6375
0.03730797366495977,0.6375
0.03733528550512445,0.6375
0.03736263736263736,0.6375
0.0373900293255132,0.6375
0.03741746148202495,0.6375
0.037444933920704845,0.6375
0.03747244673034533,0.6375
0.0375,0.6375
0.037527593818984545,0.6375
0.03755522827687776,0.6375
0.03758290346352248,0.6375
0.03761061946902655,0.6375
0.037638376383763834,0.6375
0.03766617429837518,0.6375
0.037694013303769404,0.6375
0.03772189349112426,0.6375
0.03774981495188749,0.6375
0.03777777777777778,0.6375
0.03780578206078577,0.6375
0.037833827893175076,0.6375
0.0378619153674833,0.6375
0.03789004457652303,0.6375
0.0379182156133829,0.6375
0.03794642857142857,0.6375
0.0379746835443038,0.6375
0.038002980625931444,0.6375
0.03803131991051454,0.6375
0.03805970149253731,0.6375
0.038088125466766244,0.6375
0.03811659192825112,0.6375
0.0381451009723261,0.6375
0.03817365269461078,0.6375
0.038202247191011236,0.6375
0.03823088455772114,0.6375
0.037509377344336084,0.625
0.03753753753753754,0.625
0.037565740045078885,0.625
0.03759398496240601,0.625
0.03762227238525207,0.625
0.03765060240963856,0.625
0.037678975131876416,0.625
0.03770739064856712,0.625
0.03773584905660377,0.625
0.0377643504531722,0.625
0.03779289493575208,0.625
0.037821482602118005,0.625
0.03785011355034065,0.625
0.03787878787878788,0.625
0.03790750568612585,0.625
0.03793626707132018,0.625
0.037965072133637055,0.625
0.037993920972644375,0.625
0.03802281368821293,0.625
0.0380517503805175,0.625
0.03808073115003808,0.625
0.038109756097560975,0.625
0.03813882532418002,0.625
0.03816793893129771,0.625
0.03819709702062643,0.625
0.0382262996941896,0.625
0.03825554705432287,0.625
0.03828483920367534,0.625
0.038314176245210725,0.625
0.03834355828220859,0.625
0.03837298541826554,0.625
0.03840245775729647,0.625
0.03843197540353574,0.625
0.038461538461538464,0.625
0.03849114703618168,0.625
0.03852080123266564,0.625
0.03855050115651504,0.625
0.038580246913580245,0.625
0.03861003861003861,0.625
0.03863987635239567,0.625
0.038669760247486466,0.625
0.03869969040247678,0.625
0.038729666924864445,0.625
0.03875968992248062,0.625
0.038789759503491075,0.625
0.03881987577639751,0.625
0.03885003885003885,0.625
0.038880248833592534,0.625
0.038910505836575876,0.625
0.0381619937694704,0.6125
0.03819173811379579,0.6125
0.038221528861154444,0.6125
0.03825136612021858,0.6125
0.03828125,0.6125
0.03831118060985145,0.6125
0.03834115805946792,0.6125
0.037588097102584185,0.6
0.03761755485893417,0.6
0.03764705882352941,0.6
0.03767660910518053,0.6
0.037706205813040065,0.6
0.03773584905660377,0.6
0.03776553894571204,0.6
0.03779527559055118,0.6
0.037825059101654845,0.6
0.03785488958990536,0.6
0.037884767166535126,0.6
0.037914691943127965,0.6
0.037944664031620556,0.6
0.0379746835443038,0.6
0.03800475059382423,0.6
0.03803486529318542,0.6
0.0380650277557494,0.6
0.0380952380952381,0.6
0.03812549642573471,0.6
0.03815580286168521,0.6
0.03818615751789976,0.6
0.03821656050955414,0.6
0.03824701195219123,0.6
0.03827751196172249,0.6
0.03830806065442937,0.6
0.038338658146964855,0.6
0.03836930455635491,0.6
0.0384,0.6
0.03843074459567654,0.6
0.038461538461538464,0.6
0.038492381716118684,0.6
0.038523274478330656,0.6
0.03855421686746988,0.6
0.03858520900321544,0.6
0.038616251005631534,0.6
0.03784219001610306,0.5875
0.0378726833199033,0.5875
0.03790322580645161,0.5875
0.037933817594834544,0.5875
0.03796445880452343,0.5875
0.03799514955537591,0.5875
0.03802588996763754,0.5875
0.03805668016194332,0.5875
0.03808752025931929,0.5875
0.038118410381184104,0.5875
0.03814935064935065,0.5875
0.038180341186027617,0.5875
0.038211382113821135,0.5875
0.03824247355573637,0.5875
0.038273615635179156,0.5875
0.03830480847595762,0.5875
0.03833605220228385,0.5875
0.03836734693877551,0.5875
0.03839869281045752,0.5875
0.038430089942763694,0.5875
0.038461538461538464,0.5875
0.03849303849303849,0.5875
0.038524590163934426,0.5875
0.03855619360131255,0.5875
0.03858784893267652,0.5875
0.038619556285949055,0.5875
0.038651315789473686,0.5875
0.03868312757201646,0.5875
0.03871499176276771,0.5875
0.03792250618301731,0.575
0.037953795379537955,0.575
0.037985136251032205,0.575
0.03801652892561983,0.575
0.0380479735318445,0.575
0.0380794701986755,0.575
0.03811101905550953,0.575
0.03814262023217247,0.575
0.038174273858921165,0.575
0.03820598006644518,0.575
0.038237738985868665,0.575
0.03826955074875208,0.575
0.038301415487094086,0.575
0.03833333333333333,0.575
0.03836530442035029,0.575
0.038397328881469114,0.575
0.03842940685045948,0.575
0.038461538461538464,0.575
0.038493723849372385,0.575
0.038525963149078725,0.575
0.038558256496227995,0.575
0.03859060402684564,0.575
0.038623005877413935,0.575
0.03865546218487395,0.575
0.03868797308662742,0.575
0.03872053872053872,0.575
0.038753159224936815,0.575
0.0387858347386172,0.575
0.038818565400843885,0.575
0.03885135135135135,0.575
0.03888419273034658,0.575
0.038917089678511,0.575
0.03895004233700254,0.575
0.03898305084745763,0.575
0.039016115351993216,0.575
0.03904923599320883,0.575
0.03908241291418862,0.575
0.0391156462585034,0.575
0.03914893617021276,0.575
0.039182282793867124,0.575
0.0392156862745098,0.575
0.03924914675767918,0.575
0.03928266438941076,0.575
0.039316239316239315,0.575
0.03934987168520103,0.575
0.039383561643835614,0.575
0.03941730934018852,0.575
0.03945111492281304,0.575
0.039484978540772535,0.575
0.03951890034364261,0.575
0.03955288048151333,0.575
0.039586919104991396,0.575
0.03962101636520241,0.575
0.039655172413793106,0.575
0.03968938740293356,0.575
0.039723661485319514,0.575
0.03975799481417459,0.575
0.039792387543252594,0.575
0.03982683982683983,0.575
0.03986135181975736,0.575
0.03902862098872507,0.5625
0.0390625,0.5625
0.03909643788010426,0.5625
0.0391304347826087,0.5625
0.0391644908616188,0.5625
0.039198606271777,0.5625
0.03923278116826504,0.5625
0.03926701570680628,0.5625
0.039301310043668124,0.5625
0.039335664335664336,0.5625
0.03937007874015748,0.5625
0.03940455341506129,0.5625
0.03943908851884312,0.5625
0.039473684210526314,0.5625
0.03950834064969271,0.5625
0.03954305799648506,0.5625
0.0395778364116095,0.5625
0.03961267605633803,0.5625
0.039647577092511016,0.5625
0.03968253968253968,0.5625
0.03971756398940865,0.5625
0.038869257950530034,0.55
0.038903625110521665,0.55
0.03893805309734513,0.55
0.03897254207263064,0.55
0.03900709219858156,0.55
0.03904170363797693,0.55
0.03907637655417407,0.55
0.03911111111111111,0.55
0.03914590747330961,0.55
0.039180765805877114,0.55
0.0392156862745098,0.55
0.039250669045495096,0.55
0.039285714285714285,0.55
0.03932082216264522,0.55
0.03935599284436494,0.55
0.03939122649955237,0.55
0.03942652329749104,0.55
0.039461883408071746,0.55
0.03949730700179533,0.55
0.039532794249775384,0.55
0.039568345323741004,0.55
0.039603960396039604,0.55
0.03963963963963964,0.55
0.03967538322813345,0.55
0.039711191335740074,0.55
0.03974706413730804,0.55
0.039783001808318265,0.55
0.039819004524886875,0.55
0.03985507246376811,0.55
0.03989120580235721,0.55
0.039927404718693285,0.55
0.03996366939146231,0.55
0.04,0.55
0.040036396724294813,0.55
0.04007285974499089,0.55
0.040109389243391066,0.55
0.040145985401459854,0.55
0.04018264840182648,0.55
0.04021937842778794,0.55
0.04025617566331199,0.55
0.040293040293040296,0.55
0.04032997250229148,0.55
0.04036697247706422,0.55
0.04040404040404041,0.55
0.03952205882352941,0.5375
0.03955841766329347,0.5375
0.03959484346224678,0.5375
0.03963133640552995,0.5375
0.03966789667896679,0.5375
0.03970452446906741,0.5375
0.03974121996303143,0.5375
0.039777983348751156,0.5375
0.03981481481481482,0.5375
0.03985171455050973,0.5375
0.039888682745825604,0.5375
0.039925719591457756,0.5375
0.039962825278810406,0.5375
0.04,0.5375
0.04003724394785847,0.5375
0.04007455731593663,0.5375
0.04011194029850746,0.5375
0.040149393090569564,0.5375
0.03925233644859813,0.525
0.03928905519176801,0.525
0.03932584269662921,0.525
0.03936269915651359,0.525
0.039399624765478425,0.525
0.03943661971830986,0.525
0.03853383458646616,0.5125
0.03762935089369708,0.5
0.03766478342749529,0.5
0.03770028275212064,0.5
0.03773584905660377,0.5
0.03777148253068933,0.5
0.03780718336483932,0.5
0.03784295175023652,0.5
0.03787878787878788,0.5
0.037914691943127965,0.5
0.03795066413662239,0.5
0.03798670465337132,0.5
0.03802281368821293,0.5
0.038058991436726926,0.5
0.0380952380952381,0.5
0.03813155386081983,0.5
0.03816793893129771,0.5
0.038204393505253106,0.5
0.03824091778202677,0.5
0.03827751196172249,0.5
0.038314176245210725,0.5
0.038350910834132314,0.5
0.03838771593090211,0.5
0.03842459173871278,0.5
0.038461538461538464,0.5
0.03849855630413859,0.5
0.038535645472061654,0.5
0.03857280617164899,0.5
0.03861003861003861,0.5
0.03864734299516908,0.5
0.03868471953578337,0.5
0.03872216844143272,0.5
0.03875968992248062,0.5
0.038797284190106696,0.5
0.038834951456310676,0.5
0.038872691933916424,0.5
0.038910505836575876,0.5
0.03894839337877313,0.5
0.03898635477582846,0.5
0.03902439024390244,0.5
0.0390625,0.5
0.039100684261974585,0.5
0.03913894324853229,0.5
0.039177277179236046,0.5
0.0392156862745098,0.5
0.03925417075564279,0.5
0.03929273084479371,0.5
0.03933136676499508,0.5
0.03937007874015748,0.5
0.03940886699507389,0.5
0.03944773175542406,0.5
0.039486673247778874,0.5
0.039525691699604744,0.5
0.03956478733926805,0.5
0.039603960396039604,0.5
0.03964321110009911,0.5
0.03968253968253968,0.5
0.039721946375372394,0.5
0.039761431411530816,0.5
0.03980099502487562,0.5
0.0398406374501992,0.5
0.03988035892323031,0.5
0.038922155688622756,0.4875
0.03896103896103896,0.4875
0.039,0.4875
0.03903903903903904,0.4875
0.03907815631262525,0.4875
0.03911735205616851,0.4875
0.0391566265060241,0.4875
0.03919597989949749,0.4875
0.039235412474849095,0.4875
0.03927492447129909,0.4875
0.038306451612903226,0.475
0.03834510595358224,0.475
0.03838383838383838,0.475
0.03842264914054601,0.475
0.038461538461538464,0.475
0.03850050658561297,0.475
0.038539553752535496,0.475
0.03857868020304569,0.475
0.03861788617886179,0.475
0.038657171922685654,0.475
0.038696537678207736,0.475
0.03873598369011213,0.475
0.03877551020408163,0.475
0.03881511746680286,0.475
0.03885480572597137,0.475
0.038894575230296824,0.475
0.0389344262295082,0.475
0.038974358974358976,0.475
0.039014373716632446,0.475
0.03905447070914697,0.475
0.03909465020576132,0.475
0.03913491246138002,0.475
0.03917525773195876,0.475
0.0392156862745098,0.475
0.03925619834710744,0.475
0.03929679420889348,0.475
0.039337474120082816,0.475
0.039378238341968914,0.475
0.03941908713692946,0.475
0.03946002076843198,0.475
0.0395010395010395,0.475
0.03954214360041623,0.475
0.03958333333333333,0.475
0.03962460896767466,0.475
0.03966597077244259,0.475
0.03970741901776385,0.475
0.038702928870292884,0.4625
0.0387434554973822,0.4625
0.03878406708595388,0.4625
0.03882476390346275,0.4625
0.038865546218487396,0.4625
0.03890641430073607,0.4625
0.03894736842105263,0.4625
0.03898840885142255,0.4625
0.039029535864978905,0.4625
0.03907074973600845,0.4625
0.039112050739957716,0.4625
0.039153439153439155,0.4625
0.03919491525423729,0.4625
0.03923647932131495,0.4625
0.03927813163481953,0.4625
0.039319872476089264,0.4625
0.039361702127659576,0.4625
0.039403620873269436,0.4625
0.039445628997867806,0.4625
0.03948772678762007,0.4625
0.03952991452991453,0.4625
0.039572192513368985,0.4625
0.03961456102783726,0.4625
0.03965702036441586,0.4625
0.03969957081545064,0.4625
0.0397422126745435,0.4625
0.03978494623655914,0.4625
0.03982777179763186,0.4625
0.03987068965517242,0.4625
0.039913700107874865,0.4625
0.03995680345572354,0.4625
0.04,0.4625
0.04004329004329004,0.4625
0.04008667388949079,0.4625
0.04013015184381779,0.4625
0.04017372421281216,0.4625
0.04021739130434782,0.4625
0.04026115342763874,0.4625
0.04030501089324619,0.4625
0.04034896401308615,0.4625
0.04039301310043668,0.4625
0.040437158469945354,0.4625
0.04048140043763676,0.4625
0.040525739320920046,0.4625
0.04057017543859649,0.4625
0.04061470911086718,0.4625
0.04065934065934066,0.4625
0.0407040704070407,0.4625
0.040748898678414094,0.4625
0.03969128996692393,0.45
0.039735099337748346,0.45
0.039779005524861875,0.45
0.03982300884955752,0.45
0.03986710963455149,0.45
0.03991130820399113,0.45
0.03995560488346282,0.45
0.04,0.45
0.04004449388209121,0.45
0.0400890868596882,0.45
0.04013377926421405,0.45
0.04017857142857143,0.45
0.04022346368715084,0.45
0.040268456375838924,0.45
0.040313549832026875,0.45
0.04035874439461883,0.45
0.04040404040404041,0.45
0.04044943820224719,0.45
0.04049493813273341,0.45
0.04054054054054054,0.45
0.040586245772266064,0.45
0.040632054176072234,0.45
0.04067796610169491,0.45
0.04072398190045249,0.45
0.04077010192525481,0.45
0.04081632653061224,0.45
0.04086265607264472,0.45
0.04090909090909091,0.45
0.040955631399317405,0.45
0.04100227790432802,0.45
0.04104903078677309,0.45
0.0410958904109589,0.45
0.04114285714285714,0.45
0.041189931350114416,0.45
0.041237113402061855,0.45
0.04128440366972477,0.45
0.04133180252583238,0.45
0.041379310344827586,0.45
0.04142692750287687,0.45
0.041474654377880185,0.45
0.04152249134948097,0.45
0.04157043879907621,0.45
0.04161849710982659,0.45
0.041666666666666664,0.45
0.04171494785631518,0.45
0.04176334106728538,0.45
0.041811846689895474,0.45
0.04186046511627907,0.45
0.04190919674039581,0.45
0.04195804195804196,0.45
0.042007001166861145,0.45
0.04205607476635514,0.45
0.042105263157894736,0.45
0.04215456674473068,0.45
0.04220398593200469,0.45
0.04225352112676056,0.45
0.04230317273795535,0.45
0.042352941176470586,0.45
0.04240282685512368,0.45
0.04245283018867924,0.45
0.04250295159386069,0.45
0.0425531914893617,0.45
0.04260355029585799,0.45
0.04265402843601896,0.45
0.042704626334519574,0.45
0.04275534441805225,0.45
0.04280618311533888,0.45
0.041666666666666664,0.4375
0.041716328963051254,0.4375
0.041766109785202864,0.4375
0.04181600955794504,0.4375
0.041866028708133975,0.4375
0.041916167664670656,0.4375
0.04196642685851319,0.4375
0.04201680672268908,0.4375
0.042067307692307696,0.4375
0.0421179302045728,0.4375
0.04216867469879518,0.4375
0.04221954161640531,0.4375
0.042270531400966184,0.4375
0.04232164449818621,0.4375
0.0423728813559322,0.4375
0.04242424242424243,0.4375
0.04247572815533981,0.4375
0.0425273390036452,0.4375
0.04257907542579075,0.4375
0.04263093788063337,0.4375
0.042682926829268296,0.4375
0.042735042735042736,0.4375
0.042787286063569685,0.4375
0.042839657282741736,0.4375
0.0428921568627451,0.4375
0.04294478527607362,0.4375
0.042997542997543,0.4375
0.04305043050430504,0.4375
0.04310344827586207,0.4375
0.04315659679408138,0.4375
0.043209876543209874,0.4375
0.04326328800988875,0.4375
0.043316831683168314,0.4375
0.04337050805452292,0.4375
0.043424317617866005,0.4375
0.043478260869565216,0.4375
0.043532338308457715,0.4375
0.043586550435865505,0.4375
0.043640897755610975,0.4375
0.04369538077403246,0.4375
0.04375,0.4375
0.04380475594493116,0.4375
0.043859649122807015,0.4375
0.043914680050188205,0.4375
0.04396984924623116,0.4375
0.0440251572327044,0.4375
0.04408060453400504,0.4375
0.044136191677175286,0.4375
0.04419191919191919,0.4375
0.04424778761061947,0.4375
0.04430379746835443,0.4375
0.044359949302915085,0.4375
0.044416243654822336,0.4375
0.044472681067344345,0.4375
0.044529262086514,0.4375
0.044585987261146494,0.4375
0.044642857142857144,0.4375
0.04469987228607918,0.4375
0.04475703324808184,0.4375
0.04481434058898848,0.4375
0.04487179487179487,0.4375
0.044929396662387676,0.4375
0.04498714652956298,0.4375
0.04504504504504504,0.4375
0.04381443298969072,0.425
0.04387096774193548,0.425
0.04392764857881137,0.425
0.04398447606727038,0.425
0.04404145077720207,0.425
0.04409857328145266,0.425
0.04415584415584416,0.425
0.044213263979193757,0.425
0.044270833333333336,0.425
0.04432855280312908,0.425
0.044386422976501305,0.425
0.044444444444444446,0.425
0.04450261780104712,0.425
0.04456094364351245,0.425
0.04461942257217848,0.425
0.04467805519053877,0.425
0.04473684210526316,0.425
0.04479578392621871,0.425
0.04353562005277045,0.4125
0.043593130779392336,0.4125
0.04365079365079365,0.4125
0.0423841059602649,0.4
0.042440318302387266,0.4
0.04249667994687915,0.4
0.0425531914893617,0.4
0.0426098535286285,0.4
0.042666666666666665,0.4
0.042723631508678236,0.4
0.0427807486631016,0.4
0.0428380187416332,0.4
0.04289544235924933,0.4
0.042953020134228186,0.4
0.043010752688172046,0.4
0.04306864064602961,0.4
0.0431266846361186,0.4
0.04183535762483131,0.3875
0.041891891891891894,0.3875
0.04194857916102842,0.3875
0.04200542005420054,0.3875
0.04206241519674356,0.3875
0.042119565217391304,0.3875
0.04217687074829932,0.3875
0.04223433242506812,0.3875
0.04229195088676671,0.3875
0.04234972677595628,0.3875
0.04240766073871409,0.3875
0.04246575342465753,0.3875
0.04252400548696845,0.3875
0.042582417582417584,0.3875
0.04264099037138927,0.3875
0.04269972451790634,0.3875
0.04275862068965517,0.3875
0.04281767955801105,0.3875
0.042876901798063624,0.3875
0.04293628808864266,0.3875
0.04299583911234397,0.3875
0.043055555555555555,0.3875
0.043115438108484005,0.3875
0.04317548746518106,0.3875
0.043235704323570434,0.3875
0.04329608938547486,0.3875
0.043356643356643354,0.3875
0.04341736694677871,0.3875
0.043478260869565216,0.3875
0.04353932584269663,0.3875
0.04360056258790436,0.3875
0.04366197183098591,0.3875
0.04372355430183357,0.3875
0.043785310734463276,0.3875
0.04384724186704385,0.3875
0.043909348441926344,0.3875
0.04397163120567376,0.3875
0.04403409090909091,0.3875
0.044096728307254626,0.3875
0.04415954415954416,0.3875
0.0442225392296719,0.3875
0.04428571428571428,0.3875
0.044349070100143065,0.3875
0.044412607449856735,0.3875
0.04447632711621234,0.3875
0.04454022988505747,0.3875
0.04460431654676259,0.3875
0.0446685878962536,0.3875
0.044733044733044736,0.3875
0.044797687861271675,0.3875
0.04486251808972504,0.3875
0.04492753623188406,0.3875
0.04354136429608128,0.375
0.0436046511627907,0.375
0.043668122270742356,0.375
0.043731778425655975,0.375
0.043795620437956206,0.375
0.043859649122807015,0.375
0.043923865300146414,0.375
0.04398826979472141,0.375
0.04405286343612335,0.375
0.04411764705882353,0.375
0.044182621502209134,0.375
0.04424778761061947,0.375
0.04431314623338257,0.375
0.04437869822485207,0.375
0.044444444444444446,0.375
0.04451038575667656,0.375
0.04457652303120357,0.375
0.044642857142857144,0.375
0.044709388971684055,0.375
0.04477611940298507,0.375
0.04484304932735426,0.375
0.04491017964071856,0.375
0.044977511244377814,0.375
0.04504504504504504,0.375
0.045112781954887216,0.375
0.045180722891566265,0.375
0.04524886877828054,0.375
0.045317220543806644,0.375
0.0453857791225416,0.375
0.04393939393939394,0.3625
0.04400606980273141,0.3625
0.044072948328267476,0.3625
0.0441400304414003,0.3625
0.04420731707317073,0.3625
0.044274809160305344,0.3625
0.04434250764525994,0.3625
0.042879019908116385,0.35
0.04294478527607362,0.35
0.043010752688172046,0.35
0.043076923076923075,0.35
0.04314329738058552,0.35
0.043209876543209874,0.35
0.04327666151468315,0.35
0.043343653250773995,0.35
0.043410852713178294,0.35
0.043478260869565216,0.35
0.04354587869362364,0.35
0.04361370716510903,0.35
0.0436817472698908,0.35
0.04375,0.35
0.04381846635367762,0.35
0.0438871473354232,0.35
0.04395604395604396,0.35
0.0440251572327044,0.35
0.04409448818897638,0.35
0.04416403785488959,0.35
0.044233807266982623,0.35
0.04430379746835443,0.35
0.044374009508716325,0.35
0.044444444444444446,0.35
0.04451510333863275,0.35
0.044585987261146494,0.35
0.044657097288676235,0.35
0.04472843450479233,0.35
0.0448,0.35
0.04487179487179487,0.35
0.0449438202247191,0.35
0.04501607717041801,0.35
0.04508856682769726,0.35
0.04516129032258064,0.35
0.045234248788368334,0.35
0.045307443365695796,0.35
0.04538087520259319,0.35
0.045454545454545456,0.35
0.04552845528455285,0.35
0.04560260586319218,0.35
0.04567699836867863,0.35
0.0457516339869281,0.35
0.04582651391162029,0.35
0.04590163934426229,0.35
0.04597701149425287,0.35
0.046052631578947366,0.35
0.04612850082372323,0.35
0.0462046204620462,0.35
0.04628099173553719,0.35
0.046357615894039736,0.35
0.04643449419568822,0.35
0.046511627906976744,0.35
0.04492512479201331,0.3375
0.045,0.3375
0.045075125208681135,0.3375
0.0451505016722408,0.3375
0.04522613065326633,0.3375
0.04530201342281879,0.3375
0.0453781512605042,0.3375
0.045454545454545456,0.3375
0.045531197301854974,0.3375
0.04560810810810811,0.3375
0.04568527918781726,0.3375
0.04576271186440678,0.3375
0.04584040747028863,0.3375
0.04591836734693878,0.3375
0.04599659284497445,0.3375
0.04607508532423208,0.3375
0.046153846153846156,0.3375
0.046232876712328765,0.3375
0.04631217838765009,0.3375
0.04639175257731959,0.3375
0.04647160068846816,0.3375
0.04655172413793104,0.3375
0.046632124352331605,0.3375
0.04671280276816609,0.3375
0.04679376083188908,0.3375
0.046875,0.3375
0.04695652173913043,0.3375
0.047038327526132406,0.3375
0.04712041884816754,0.3375
0.0472027972027972,0.3375
0.047285464098073555,0.3375
0.04736842105263158,0.3375
0.04745166959578207,0.3375
0.045774647887323945,0.325
0.04585537918871252,0.325
0.045936395759717315,0.325
0.04601769911504425,0.325
0.04609929078014184,0.325
0.046181172291296625,0.325
0.046263345195729534,0.325
0.04634581105169341,0.325
0.04642857142857143,0.325
0.046511627906976744,0.325
0.04659498207885305,0.325
0.0466786355475763,0.325
0.046762589928057555,0.325
0.04684684684684685,0.325
0.04693140794223827,0.325
0.04701627486437613,0.325
0.04710144927536232,0.325
0.047186932849364795,0.325
0.04727272727272727,0.325
0.04735883424408015,0.325
0.04744525547445255,0.325
0.04753199268738574,0.325
0.047619047619047616,0.325
0.047706422018348627,0.325
0.04779411764705882,0.325
0.04788213627992634,0.325
0.04797047970479705,0.325
0.04805914972273567,0.325
0.04814814814814815,0.325
0.04823747680890538,0.325
0.048327137546468404,0.325
0.048417132216014895,0.325
0.048507462686567165,0.325
0.048598130841121495,0.325
0.04868913857677903,0.325
0.04878048780487805,0.325
0.04887218045112782,0.325
0.047080979284369114,0.3125
0.04716981132075472,0.3125
0.04725897920604915,0.3125
0.04734848484848485,0.3125
0.04743833017077799,0.3125
0.04752851711026616,0.3125
0.047619047619047616,0.3125
0.04770992366412214,0.3125
0.04780114722753346,0.3125
0.04789272030651341,0.3125
0.04798464491362764,0.3125
0.04807692307692308,0.3125
0.04816955684007707,0.3125
0.04826254826254826,0.3125
0.048355899419729204,0.3125
0.04844961240310078,0.3125
0.04854368932038835,0.3125
0.048638132295719845,0.3125
0.04873294346978557,0.3125
0.048828125,0.3125
0.04892367906066536,0.3125
0.049019607843137254,0.3125
0.04911591355599214,0.3125
0.04921259842519685,0.3125
0.04930966469428008,0.3125
0.04940711462450593,0.3125
0.04950495049504951,0.3125
0.0496031746031746,0.3125
0.04970178926441352,0.3125
0.049800796812749,0.3125
0.0499001996007984,0.3125
0.05,0.3125
0.050100200400801605,0.3125
0.04819277108433735,0.3
0.0482897384305835,0.3
0.04838709677419355,0.3
0.048484848484848485,0.3
0.048582995951417005,0.3
0.0486815415821501,0.3
0.04878048780487805,0.3
0.048879837067209775,0.3
0.04897959183673469,0.3
0.049079754601226995,0.3
0.04918032786885246,0.3
0.049281314168377825,0.3
0.04938271604938271,0.3
0.049484536082474224,0.3
0.049586776859504134,0.3
0.049689440993788817,0.3
0.04979253112033195,0.3
0.0498960498960499,0.3
0.05,0.3
0.05010438413361169,0.3
0.0502092050209205,0.3
0.050314465408805034,0.3
0.05042016806722689,0.3
0.05052631578947368,0.3
0.04852320675105485,0.2875
0.048625792811839326,0.2875
0.048728813559322036,0.2875
0.04883227176220807,0.2875
0.04893617021276596,0.2875
0.04904051172707889,0.2875
0.049145299145299144,0.2875
0.04925053533190578,0.2875
0.04935622317596566,0.2875
0.04946236559139785,0.2875
0.04956896551724138,0.2875
0.04967602591792657,0.2875
0.049783549783549784,0.2875
0.049891540130151846,0.2875
0.05,0.2875
0.05010893246187364,0.2875
0.05021834061135371,0.2875
0.05032822757111598,0.2875
0.05043859649122807,0.2875
0.05054945054945055,0.2875
0.05066079295154185,0.2875
0.05077262693156733,0.2875
0.05088495575221239,0.2875
0.050997782705099776,0.2875
0.051111111111111114,0.2875
0.051224944320712694,0.2875
0.05133928571428571,0.2875
0.05145413870246085,0.2875
0.0515695067264574,0.2875
0.051685393258426963,0.2875
0.0518018018018018,0.2875
0.04966139954853273,0.275
0.049773755656108594,0.275
0.049886621315192746,0.275
0.05,0.275
0.05011389521640091,0.275
0.0502283105022831,0.275
0.05034324942791762,0.275
0.05045871559633028,0.275
0.05057471264367816,0.275
0.05069124423963134,0.275
0.050808314087759814,0.275
0.05092592592592592,0.275
0.05104408352668213,0.275
0.05116279069767442,0.275
0.05128205128205128,0.275
0.0514018691588785,0.275
0.05152224824355972,0.275
0.051643192488262914,0.275
0.05176470588235294,0.275
0.049528301886792456,0.2625
0.04964539007092199,0.2625
0.04739336492890995,0.25
0.047505938242280284,0.25
0.047619047619047616,0.25
0.0477326968973747,0.25
0.04784688995215311,0.25
0.047961630695443645,0.25
0.04807692307692308,0.25
0.04819277108433735,0.25
0.04589371980676329,0.2375
0.04600484261501211,0.2375
0.04611650485436893,0.2375
0.046228710462287104,0.2375
0.046341463414634146,0.2375
0.04645476772616137,0.2375
0.04656862745098039,0.2375
0.04668304668304668,0.2375
0.046798029556650245,0.2375
0.04691358024691358,0.2375
0.04702970297029703,0.2375
0.04714640198511166,0.2375
0.0472636815920398,0.2375
0.04738154613466334,0.2375
0.0475,0.2375
0.047619047619047616,0.2375
0.04773869346733668,0.2375
0.04785894206549118,0.2375
0.045454545454545456,0.225
0.04556962025316456,0.225
0.04568527918781726,0.225
0.04580152671755725,0.225
0.04591836734693878,0.225
0.04603580562659847,0.225
0.046153846153846156,0.225
0.04627249357326478,0.225
0.04639175257731959,0.225
0.046511627906976744,0.225
0.046632124352331605,0.225
0.046753246753246755,0.225
0.046875,0.225
0.04699738903394256,0.225
0.04712041884816754,0.225
0.047244094488188976,0.225
0.04736842105263158,0.225
0.047493403693931395,0.225
0.047619047619047616,0.225
0.04774535809018567,0.225
0.047872340425531915,0.225
0.048,0.225
0.0481283422459893,0.225
0.04825737265415549,0.225
0.04838709677419355,0.225
0.04851752021563342,0.225
0.04864864864864865,0.225
0.04878048780487805,0.225
0.04891304347826087,0.225
0.04904632152588556,0.225
0.04918032786885246,0.225
0.049315068493150684,0.225
0.04945054945054945,0.225
0.049586776859504134,0.225
0.049723756906077346,0.225
0.04986149584487535,0.225
0.05,0.225
0.04735376044568245,0.2125
0.04748603351955307,0.2125
0.047619047619047616,0.2125
0.047752808988764044,0.2125
0.04788732394366197,0.2125
0.0480225988700565,0.2125
0.04815864022662889,0.2125
0.048295454545454544,0.2125
0.04843304843304843,0.2125
0.04857142857142857,0.2125
0.04871060171919771,0.2125
0.04885057471264368,0.2125
0.04899135446685879,0.2125
0.049132947976878616,0.2125
0.04927536231884058,0.2125
0.046511627906976744,0.2
0.04664723032069971,0.2
0.04678362573099415,0.2
0.0469208211143695,0.2
0.047058823529411764,0.2
0.0471976401179941,0.2
0.047337278106508875,0.2
0.04747774480712166,0.2
0.047619047619047616,0.2
0.04776119402985075,0.2
0.04790419161676647,0.2
0.04804804804804805,0.2
0.04819277108433735,0.2
0.04833836858006042,0.2
0.048484848484848485,0.2
0.0486322188449848,0.2
0.04573170731707317,0.1875
0.045871559633027525,0.1875
0.046012269938650305,0.1875
0.046153846153846156,0.1875
0.046296296296296294,0.1875
0.04643962848297214,0.1875
0.046583850931677016,0.1875
0.04672897196261682,0.1875
0.046875,0.1875
0.047021943573667714,0.1875
0.04716981132075472,0.1875
0.0473186119873817,0.1875
0.04746835443037975,0.1875
0.047619047619047616,0.1875
0.04777070063694268,0.1875
0.04792332268370607,0.1875
0.04807692307692308,0.1875
0.04823151125401929,0.1875
0.04838709677419355,0.1875
0.045307443365695796,0.175
0.045454545454545456,0.175
0.04560260586319218,0.175
0.0457516339869281,0.175
0.04590163934426229,0.175
0.046052631578947366,0.175
0.0462046204620462,0.175
0.046357615894039736,0.175
0.046511627906976744,0.175
0.04666666666666667,0.175
0.046822742474916385,0.175
0.04697986577181208,0.175
0.04377104377104377,0.1625
0.04391891891891892,0.1625
0.04406779661016949,0.1625
0.04421768707482993,0.1625
0.04436860068259386,0.1625
0.04452054794520548,0.1625
0.044673539518900345,0.1625
0.04482758620689655,0.1625
0.04498269896193772,0.1625
0.04513888888888889,0.1625
0.04529616724738676,0.1625
0.045454545454545456,0.1625
0.0456140350877193,0.1625
0.045774647887323945,0.1625
0.045936395759717315,0.1625
0.04609929078014184,0.1625
0.046263345195729534,0.1625
0.04642857142857143,0.1625
0.04659498207885305,0.1625
0.046762589928057555,0.1625
0.04693140794223827,0.1625
0.04710144927536232,0.1625
0.04727272727272727,0.1625
0.04744525547445255,0.1625
0.047619047619047616,0.1625
0.04779411764705882,0.1625
0.04797047970479705,0.1625
0.04814814814814815,0.1625
0.048327137546468404,0.1625
0.048507462686567165,0.1625
0.04868913857677903,0.1625
0.04887218045112782,0.1625
0.04905660377358491,0.1625
0.04924242424242424,0.1625
0.045627376425855515,0.15
0.04198473282442748,0.1375
0.0421455938697318,0.1375
0.04230769230769231,0.1375
0.04247104247104247,0.1375
0.04263565891472868,0.1375
0.042801556420233464,0.1375
0.04296875,0.1375
0.0392156862745098,0.125
0.03937007874015748,0.125
0.039525691699604744,0.125
0.03968253968253968,0.125
0.0398406374501992,0.125
0.04,0.125
0.040160642570281124,0.125
0.04032258064516129,0.125
0.04048582995951417,0.125
0.04065040650406504,0.125
0.04081632653061224,0.125
0.040983606557377046,0.125
0.0411522633744856,0.125
0.04132231404958678,0.125
0.04149377593360996,0.125
0.041666666666666664,0.125
0.04184100418410042,0.125
0.04201680672268908,0.125
0.04219409282700422,0.125
0.0423728813559322,0.125
0.0425531914893617,0.125
0.042735042735042736,0.125
0.04291845493562232,0.125
0.03879310344827586,0.1125
0.03896103896103896,0.1125
0.0391304347826087,0.1125
0.039301310043668124,0.1125
0.039473684210526314,0.1125
0.039647577092511016,0.1125
0.03982300884955752,0.1125
0.04,0.1125
0.04017857142857143,0.1125
0.04035874439461883,0.1125
0.04054054054054054,0.1125
0.04072398190045249,0.1125
0.04090909090909091,0.1125
0.0410958904109589,0.1125
0.04128440366972477,0.1125
0.041474654377880185,0.1125
0.041666666666666664,0.1125
0.04186046511627907,0.1125
0.037383177570093455,0.1
0.03755868544600939,0.1
0.03773584905660377,0.1
0.037914691943127965,0.1
0.0380952380952381,0.1
0.03827751196172249,0.1
0.038461538461538464,0.1
0.03864734299516908,0.1
0.038834951456310676,0.1
0.03902439024390244,0.1
0.0392156862745098,0.1
0.03940886699507389,0.1
0.039603960396039604,0.1
0.03980099502487562,0.1
0.04,0.1
0.04020100502512563,0.1
0.04040404040404041,0.1
0.04060913705583756,0.1
0.04081632653061224,0.1
0.041025641025641026,0.1
0.041237113402061855,0.1
0.04145077720207254,0.1
0.041666666666666664,0.1
0.041884816753926704,0.1
0.042105263157894736,0.1
0.042328042328042326,0.1
0.0425531914893617,0.1
0.0427807486631016,0.1
0.043010752688172046,0.1
0.043243243243243246,0.1
0.043478260869565216,0.1
0.04371584699453552,0.1
0.04395604395604396,0.1
0.04419889502762431,0.1
0.044444444444444446,0.1
0.0446927374301676,0.1
0.0449438202247191,0.1
0.04519774011299435,0.1
0.045454545454545456,0.1
0.045714285714285714,0.1
0.04597701149425287,0.1
0.046242774566473986,0.1
0.046511627906976744,0.1
0.04678362573099415,0.1
0.047058823529411764,0.1
0.047337278106508875,0.1
0.047619047619047616,0.1
0.04790419161676647,0.1
0.04819277108433735,0.1
0.048484848484848485,0.1
0.04878048780487805,0.1
0.049079754601226995,0.1
0.04938271604938271,0.1
0.049689440993788817,0.1
0.05,0.1
0.050314465408805034,0.1
0.05063291139240506,0.1
0.050955414012738856,0.1
0.05128205128205128,0.1
0.05161290322580645,0.1
0.05194805194805195,0.1
0.05228758169934641,0.1
0.05263157894736842,0.1
0.052980132450331126,0.1
0.05333333333333334,0.1
0.053691275167785234,0.1
0.05405405405405406,0.1
0.05442176870748299,0.1
0.0547945205479452,0.1
0.05517241379310345,0.1
0.05555555555555555,0.1
0.055944055944055944,0.1
0.056338028169014086,0.1
0.05673758865248227,0.1
0.05714285714285714,0.1
0.05755395683453238,0.1
0.057971014492753624,0.1
0.058394160583941604,0.1
0.058823529411764705,0.1
0.05925925925925926,0.1
0.05970149253731343,0.1
0.06015037593984962,0.1
0.06060606060606061,0.1
0.061068702290076333,0.1
0.06153846153846154,0.1
0.06201550387596899,0.1
0.0625,0.1
0.06299212598425197,0.1
0.06349206349206349,0.1
0.064,0.1
0.06451612903225806,0.1
0.06504065040650407,0.1
0.06557377049180328,0.1
0.05785123966942149,0.0875
0.058333333333333334,0.0875
0.058823529411764705,0.0875
0.059322033898305086,0.0875
0.05982905982905983,0.0875
0.05172413793103448,0.075
0.05217391304347826,0.075
0.05263157894736842,0.075
0.05309734513274336,0.075
0.05357142857142857,0.075
0.05405405405405406,0.075
0.05454545454545454,0.075
0.05504587155963303,0.075
0.05555555555555555,0.075
0.056074766355140186,0.075
0.05660377358490566,0.075
0.05714285714285714,0.075
0.057692307692307696,0.075
0.05825242718446602,0.075
0.058823529411764705,0.075
0.0594059405940594,0.075
0.06,0.075
0.06060606060606061,0.075
0.061224489795918366,0.075
0.061855670103092786,0.075
0.0625,0.075
0.06315789473684211,0.075
0.06382978723404255,0.075
0.06451612903225806,0.075
0.06521739130434782,0.075
0.06593406593406594,0.075
0.06666666666666667,0.075
0.06741573033707865,0.075
0.06818181818181818,0.075
0.06896551724137931,0.075
0.06976744186046512,0.075
0.07058823529411765,0.075
0.07142857142857142,0.075
0.07228915662650602,0.075
0.07317073170731707,0.075
0.07407407407407407,0.075
0.075,0.075
0.0759493670886076,0.075
0.07692307692307693,0.075
0.07792207792207792,0.075
0.07894736842105263,0.075
0.08,0.075
0.08108108108108109,0.075
0.0821917808219178,0.075
0.08333333333333333,0.075
0.08450704225352113,0.075
0.07142857142857142,0.0625
0.07246376811594203,0.0625
0.058823529411764705,0.05
0.05970149253731343,0.05
0.06060606060606061,0.05
0.06153846153846154,0.05
0.0625,0.05
0.06349206349206349,0.05
0.06451612903225806,0.05
0.06557377049180328,0.05
0.06666666666666667,0.05
0.06779661016949153,0.05
0.06896551724137931,0.05
0.07017543859649122,0.05
0.07142857142857142,0.05
0.07272727272727272,0.05
0.07407407407407407,0.05
0.07547169811320754,0.05
0.07692307692307693,0.05
0.0784313725490196,0.05
0.08,0.05
0.08163265306122448,0.05
0.08333333333333333,0.05
0.0851063829787234,0.05
0.08695652173913043,0.05
0.08888888888888889,0.05
0.09090909090909091,0.05
0.06976744186046512,0.0375
0.07142857142857142,0.0375
0.07317073170731707,0.0375
0.075,0.0375
0.07692307692307693,0.0375
0.07894736842105263,0.0375
0.08108108108108109,0.0375
0.08333333333333333,0.0375
0.08571428571428572,0.0375
0.08823529411764706,0.0375
0.09090909090909091,0.0375
0.0625,0.025
0.06451612903225806,0.025
0.06666666666666667,0.025
0.06896551724137931,0.025
0.07142857142857142,0.025
0.07407407407407407,0.025
0.07692307692307693,0.025
0.08,0.025
0.08333333333333333,0.025
0.08695652173913043,0.025
0.09090909090909091,0.025
0.09523809523809523,0.025
0.05,0.0125
0.05263157894736842,0.0125
0.05555555555555555,0.0125
0.058823529411764705,0.0125
0.0625,0.0125
0.06666666666666667,0.0125
0.07142857142857142,0.0125
0.07692307692307693,0.0125
0.0,0.0
0.0,0.0
0.0,0.0
0.0,0.0
0.0,0.0
0.0,0.0
0.0,0.0
0.0,0.0
0.0,0.0
0.0,0.0
0.0,0.0
0.0,0.0
1.0,0.0
