Precision,Recall
0.039100684261974585,1.0
0.03863080684596577,0.9875
0.038649706457925634,0.9875
0.03866862457170827,0.9875
0.03868756121449559,0.9875
0.03870651641352278,0.9875
0.03872549019607843,0.9875
0.03874448258950466,0.9875
0.03876349362119725,0.9875
0.038782523318605794,0.9875
0.03880157170923379,0.9875
0.03882063882063882,0.9875
0.03883972468043265,0.9875
0.03885882931628136,0.9875
0.03887795275590551,0.9875
0.038897095027080254,0.9875
0.03891625615763547,0.9875
0.03893543617545589,0.9875
0.03895463510848126,0.9875
0.038973852984706465,0.9875
0.03899308983218164,0.9875
0.03901234567901234,0.9875
0.03903162055335968,0.9875
0.03905091448344043,0.9875
0.0390702274975272,0.9875
0.03908955962394854,0.9875
0.03910891089108911,0.9875
0.0391282813273898,0.9875
0.03914767096134787,0.9875
0.039167079821517105,0.9875
0.039186507936507936,0.9875
0.039205955334987594,0.9875
0.03922542204568024,0.9875
0.039244908097367116,0.9875
0.03926441351888668,0.9875
0.03928393833913476,0.9875
0.039303482587064675,0.9875
0.039323046291687404,0.9875
0.03934262948207171,0.9875
0.0393622321873443,0.9875
0.03938185443668993,0.9875
0.03940149625935162,0.9875
0.03942115768463074,0.9875
0.03944083874188717,0.9875
0.039460539460539464,0.9875
0.03948025987006497,0.9875
0.0395,0.9875
0.03951975987993997,0.9875
0.03953953953953954,0.9875
0.039559339008512766,0.9875
0.039579158316633264,0.9875
0.039598997493734335,0.9875
0.03961885656970913,0.9875
0.03963873557451079,0.9875
0.03965863453815261,0.9875
0.03967855349070819,0.9875
0.03969849246231156,0.9875
0.03971845148315736,0.9875
0.039738430583501,0.9875
0.03975842979365878,0.9875
0.039778449144008056,0.9875
0.039798488664987405,0.9875
0.039818548387096774,0.9875
0.03983862834089763,0.9875
0.03985872855701312,0.9875
0.039878849066128215,0.9875
0.0398989898989899,0.9875
0.03991915108640728,0.9875
0.03993933265925177,0.9875
0.03995953464845726,0.9875
0.039979757085020245,0.9875
0.04,0.9875
0.04002026342451875,0.9875
0.039533705017739486,0.975
0.03955375253549696,0.975
0.0395738203957382,0.975
0.03959390862944162,0.975
0.03961401726764855,0.975
0.039634146341463415,0.975
0.03965429588205389,0.975
0.03967446592065107,0.975
0.03969465648854962,0.975
0.03971486761710794,0.975
0.039735099337748346,0.975
0.039755351681957186,0.975
0.03977562468128506,0.975
0.03979591836734694,0.975
0.039816232771822356,0.975
0.03983656792645557,0.975
0.0398569238630557,0.975
0.03987730061349693,0.975
0.03989769820971867,0.975
0.03991811668372569,0.975
0.039938556067588324,0.975
0.039959016393442626,0.975
0.03997949769349052,0.975
0.04,0.975
0.04002052334530529,0.975
0.04004106776180698,0.975
0.040061633281972264,0.975
0.040082219938335044,0.975
0.04010282776349614,0.975
0.040123456790123455,0.975
0.04014410705095214,0.975
0.04016477857878476,0.975
0.0401854714064915,0.975
0.04020618556701031,0.975
0.040226921093347086,0.975
0.04024767801857585,0.975
0.040268456375838924,0.975
0.040289256198347105,0.975
0.040310077519379844,0.975
0.04033092037228542,0.975
0.04035178479048112,0.975
0.040372670807453416,0.975
0.04039357845675816,0.975
0.04041450777202073,0.975
0.04043545878693624,0.975
0.04045643153526971,0.975
0.040477426050856254,0.975
0.040498442367601244,0.975
0.04051948051948052,0.975
0.04054054054054054,0.975
0.0405616224648986,0.975
0.04058272632674298,0.975
0.04060385216033316,0.975
0.040625,0.975
0.04064616988014591,0.975
0.040667361835245046,0.975
0.0406885758998435,0.975
0.0407098121085595,0.975
0.04073107049608355,0.975
0.04075235109717868,0.975
0.04077365394668061,0.975
0.04079497907949791,0.975
0.04081632653061224,0.975
0.040837696335078534,0.975
0.040859088528025146,0.975
0.040880503144654086,0.975
0.04090194022024122,0.975
0.040923399790136414,0.975
0.04094488188976378,0.975
0.04096638655462185,0.975
0.040987913820283765,0.975
0.04100946372239748,0.975
0.041031036296685953,0.975
0.04105263157894737,0.975
0.04107424960505529,0.975
0.0410958904109589,0.975
0.04111755403268318,0.975
0.04113924050632911,0.975
0.04116094986807388,0.975
0.04118268215417107,0.975
0.04120443740095087,0.975
0.0412262156448203,0.975
0.041248016922263354,0.975
0.040740740740740744,0.9625
0.04076230809952356,0.9625
0.04078389830508475,0.9625
0.04080551139374669,0.9625
0.0408271474019088,0.9625
0.04084880636604774,0.9625
0.04087048832271762,0.9625
0.040892193308550186,0.9625
0.04091392136025505,0.9625
0.04093567251461988,0.9625
0.040957446808510635,0.9625
0.04097924427887174,0.9625
0.041001064962726305,0.9625
0.041022908897176344,0.9625
0.041044776119402986,0.9625
0.04106666666666667,0.9625
0.04108858057630736,0.9625
0.041110517885744796,0.9625
0.04113247863247863,0.9625
0.04115446285408872,0.9625
0.041176470588235294,0.9625
0.04119850187265917,0.9625
0.04122055674518201,0.9625
0.04124263524370648,0.9625
0.04126473740621651,0.9625
0.04128686327077748,0.9625
0.04130901287553648,0.9625
0.041331186258722494,0.9625
0.041353383458646614,0.9625
0.04137560451370231,0.9625
0.04139784946236559,0.9625
0.04142011834319527,0.9625
0.041442411194833155,0.9625
0.041464728056004305,0.9625
0.041487068965517244,0.9625
0.04150943396226415,0.9625
0.041531823085221145,0.9625
0.04155423637344846,0.9625
0.041576673866090715,0.9625
0.041599135602377095,0.9625
0.04162162162162162,0.9625
0.04164413196322336,0.9625
0.041666666666666664,0.9625
0.041689225771521385,0.9625
0.04171180931744312,0.9625
0.04173441734417344,0.9625
0.04175704989154013,0.9625
0.041779706999457406,0.9625
0.041802388707926165,0.9625
0.04182509505703422,0.9625
0.04184782608695652,0.9625
0.04187058183795541,0.9625
0.041893362350380846,0.9625
0.041916167664670656,0.9625
0.041938997821350764,0.9625
0.041961852861035424,0.9625
0.04198473282442748,0.9625
0.042007637752318604,0.9625
0.04203056768558952,0.9625
0.042053522665210265,0.9625
0.04207650273224044,0.9625
0.04209950792782941,0.9625
0.04212253829321663,0.9625
0.0421455938697318,0.9625
0.04216867469879518,0.9625
0.04219178082191781,0.9625
0.042214912280701754,0.9625
0.042238069116840374,0.9625
0.04226125137211855,0.9625
0.04228445908841296,0.9625
0.04230769230769231,0.9625
0.04233095107201759,0.9625
0.04235423542354235,0.9625
0.04237754540451293,0.9625
0.042400881057268726,0.9625
0.04242424242424243,0.9625
0.04244762954796031,0.9625
0.04247104247104247,0.9625
0.04249448123620309,0.9625
0.04251794588625069,0.9625
0.042541436464088395,0.9625
0.04256495301271421,0.9625
0.042588495575221236,0.9625
0.04261206419479801,0.9625
0.04263565891472868,0.9625
0.04265927977839335,0.9625
0.042682926829268296,0.9625
0.04270660011092623,0.9625
0.04273029966703663,0.9625
0.042754025541365905,0.9625
0.042777777777777776,0.9625
0.042801556420233464,0.9625
0.04282536151279199,0.9625
0.04284919309961046,0.9625
0.04287305122494432,0.9625
0.04289693593314763,0.9625
0.04292084726867335,0.9625
0.04294478527607362,0.9625
0.04296875,0.9625
0.042992741485203795,0.9625
0.043016759776536316,0.9625
0.043040804918949134,0.9625
0.043064876957494405,0.9625
0.04308897593732513,0.9625
0.04311310190369541,0.9625
0.043137254901960784,0.9625
0.043161434977578475,0.9625
0.04318564217610768,0.9625
0.043209876543209874,0.9625
0.043234138124649074,0.9625
0.04325842696629213,0.9625
0.04328274311410905,0.9625
0.04330708661417323,0.9625
0.04333145751266179,0.9625
0.04335585585585586,0.9625
0.04338028169014085,0.9625
0.04340473506200677,0.9625
0.04342921601804851,0.9625
0.04345372460496614,0.9625
0.043478260869565216,0.9625
0.04350282485875706,0.9625
0.04352741661955907,0.9625
0.04355203619909502,0.9625
0.04357668364459536,0.9625
0.04360135900339751,0.9625
0.04362606232294618,0.9625
0.04365079365079365,0.9625
0.04367555303460011,0.9625
0.04370034052213394,0.9625
0.043725156161272004,0.9625
0.04375,0.9625
0.04377487208641274,0.9625
0.04379977246871445,0.9625
0.043824701195219126,0.9625
0.043849658314350795,0.9625
0.043874643874643876,0.9625
0.04389965792474344,0.9625
0.04392470051340559,0.9625
0.043949771689497714,0.9625
0.04397487150199886,0.9625
0.044,0.9625
0.0440251572327044,0.9625
0.044050343249427915,0.9625
0.044075558099599316,0.9625
0.0441008018327606,0.9625
0.044126074498567334,0.9625
0.04415137614678899,0.9625
0.04417670682730924,0.9625
0.04420206659012629,0.9625
0.04422745548535324,0.9625
0.044252873563218394,0.9625
0.04427832087406555,0.9625
0.04430379746835443,0.9625
0.04432930339666091,0.9625
0.04435483870967742,0.9625
0.04438040345821326,0.9625
0.04440599769319493,0.9625
0.044431621465666475,0.9625
0.044457274826789836,0.9625
0.04448295782784518,0.9625
0.04450867052023121,0.9625
0.044534412955465584,0.9625
0.04456018518518518,0.9625
0.044585987261146494,0.9625
0.044611819235225954,0.9625
0.04463768115942029,0.9625
0.04466357308584687,0.9625
0.04468949506674405,0.9625
0.044715447154471545,0.9625
0.04474142940151075,0.9625
0.044767441860465114,0.9625
0.0447934845840605,0.9625
0.044819557625145515,0.9625
0.0448456610366919,0.9625
0.04487179487179487,0.9625
0.044897959183673466,0.9625
0.044924154025670945,0.9625
0.04495037945125511,0.9625
0.04497663551401869,0.9625
0.04500292226767972,0.9625
0.04502923976608187,0.9625
0.04505558806319485,0.9625
0.045081967213114756,0.9625
0.04510837727006444,0.9625
0.045134818288393906,0.9625
0.04516129032258064,0.9625
0.04518779342723005,0.9625
0.04521432765707575,0.9625
0.04524089306698002,0.9625
0.04526748971193416,0.9625
0.045294117647058825,0.9625
0.04532077692760447,0.9625
0.04534746760895171,0.9625
0.04537418974661167,0.9625
0.04540094339622641,0.9625
0.04542772861356932,0.9625
0.045454545454545456,0.9625
0.045481393975191964,0.9625
0.04550827423167849,0.9625
0.04553518628030751,0.9625
0.045562130177514794,0.9625
0.045589105979869746,0.9625
0.04561611374407583,0.9625
0.04564315352697095,0.9625
0.045670225385527875,0.9625
0.0456973293768546,0.9625
0.045724465558194774,0.9625
0.0457516339869281,0.9625
0.045778834720570746,0.9625
0.04580606781677573,0.9625
0.04583333333333333,0.9625
0.04586063132817153,0.9625
0.045887961859356376,0.9625
0.045915324985092425,0.9625
0.045942720763723154,0.9625
0.04597014925373134,0.9625
0.045997610513739545,0.9625
0.04602510460251046,0.9625
0.046052631578947366,0.9625
0.04608019150209455,0.9625
0.04610778443113772,0.9625
0.046135410425404436,0.9625
0.046163069544364506,0.9625
0.04619076184763048,0.9625
0.046218487394957986,0.9625
0.04624624624624624,0.9625
0.046274038461538464,0.9625
0.04630186410102225,0.9625
0.04632972322503008,0.9625
0.046357615894039736,0.9625
0.0463855421686747,0.9625
0.046413502109704644,0.9625
0.046441495778045835,0.9625
0.04646952323476162,0.9625
0.0464975845410628,0.9625
0.04652567975830816,0.9625
0.046553808948004836,0.9625
0.04658197217180883,0.9625
0.046610169491525424,0.9625
0.04663840096910963,0.9625
0.04666666666666667,0.9625
0.046694966646452396,0.9625
0.046723300970873786,0.9625
0.046751669702489375,0.9625
0.04678007290400972,0.9625
0.04680851063829787,0.9625
0.04683698296836983,0.9625
0.04686548995739501,0.9625
0.04689403166869671,0.9625
0.04692260816575259,0.9625
0.04695121951219512,0.9625
0.04697986577181208,0.9625
0.04700854700854701,0.9625
0.047037263286499695,0.9625
0.04706601466992665,0.9625
0.04709480122324159,0.9625
0.047123623011015914,0.9625
0.04715248009797918,0.9625
0.04718137254901961,0.9625
0.04721030042918455,0.9625
0.04723926380368098,0.9625
0.047268262737875995,0.9625
0.0472972972972973,0.9625
0.04732636754763368,0.9625
0.047355473554735544,0.9625
0.047384615384615386,0.9625
0.04741379310344827,0.9625
0.0474430067775724,0.9625
0.047472256473489516,0.9625
0.047501542257865514,0.9625
0.047530864197530866,0.9625
0.04756022235948116,0.9625
0.04758961681087762,0.9625
0.047619047619047616,0.9625
0.04764851485148515,0.9625
0.04767801857585139,0.9625
0.04770755885997522,0.9625
0.04773713577185369,0.9625
0.047766749379652605,0.9625
0.04779639975170701,0.9625
0.04782608695652174,0.9625
0.04785581106277191,0.9625
0.04788557213930348,0.9625
0.04791537025513379,0.9625
0.04794520547945205,0.9625
0.047975077881619935,0.9625
0.04800498753117207,0.9625
0.048034934497816595,0.9625
0.048064918851435705,0.9625
0.048094940662086194,0.9625
0.048125,0.9625
0.04815509693558474,0.9625
0.04818523153942428,0.9625
0.048215403882279274,0.9625
0.04824561403508772,0.9625
0.04827586206896552,0.9625
0.04830614805520703,0.9625
0.04833647206528562,0.9625
0.04836683417085427,0.9625
0.04839723444374607,0.9625
0.048427672955974846,0.9625
0.048458149779735685,0.9625
0.04848866498740554,0.9625
0.048519218651543794,0.9625
0.048549810844892814,0.9625
0.04858044164037855,0.9625
0.04861111111111111,0.9625
0.04864181933038535,0.9625
0.048672566371681415,0.9625
0.048703352308665404,0.9625
0.048734177215189876,0.9625
0.04876504116529449,0.9625
0.048795944233206594,0.9625
0.04882688649334179,0.9625
0.04885786802030457,0.9625
0.04888888888888889,0.9625
0.04891994917407878,0.9625
0.04895104895104895,0.9625
0.048982188295165395,0.9625
0.049013367281986,0.9625
0.04904458598726115,0.9625
0.049075844486934354,0.9625
0.049107142857142856,0.9625
0.04913848117421825,0.9625
0.0491698595146871,0.9625
0.049201277955271565,0.9625
0.049232736572890026,0.9625
0.04926423544465771,0.9625
0.04929577464788732,0.9625
0.04932735426008968,0.9625
0.04935897435897436,0.9625
0.04939063502245029,0.9625
0.04942233632862644,0.9625
0.04945407835581246,0.9625
0.04948586118251928,0.9625
0.049517684887459806,0.9625
0.04954954954954955,0.9625
0.049581455247907275,0.9625
0.04961340206185567,0.9625
0.04964539007092199,0.9625
0.04967741935483871,0.9625
0.04970948999354422,0.9625
0.04974160206718346,0.9625
0.049773755656108594,0.9625
0.04980595084087969,0.9625
0.04983818770226537,0.9625
0.04987046632124352,0.9625
0.049902786779001944,0.9625
0.04993514915693904,0.9625
0.0499675535366645,0.9625
0.05,0.9625
0.050032488628979854,0.9625
0.05006501950585176,0.9625
0.0494469746258946,0.95
0.049479166666666664,0.95
0.049511400651465795,0.95
0.04954367666232073,0.95
0.04957599478147423,0.95
0.04960835509138381,0.95
0.049640757674722404,0.95
0.04967320261437908,0.95
0.04970568999345978,0.95
0.049738219895287955,0.95
0.04977079240340537,0.95
0.04980340760157274,0.95
0.049836065573770495,0.95
0.04921259842519685,0.9375
0.04924491135915955,0.9375
0.049277266754270695,0.9375
0.04930966469428008,0.9375
0.049342105263157895,0.9375
0.04937458854509546,0.9375
0.04940711462450593,0.9375
0.049439683586025046,0.9375
0.04947229551451187,0.9375
0.04950495049504951,0.9375
0.04953764861294584,0.9375
0.0495703899537343,0.9375
0.0496031746031746,0.9375
0.04963600264725347,0.9375
0.04966887417218543,0.9375
0.04970178926441352,0.9375
0.04973474801061008,0.9375
0.0497677504976775,0.9375
0.049800796812749,0.9375
0.04983388704318937,0.9375
0.049867021276595744,0.9375
0.0499001996007984,0.9375
0.049933422103861515,0.9375
0.049966688874083946,0.9375
0.05,0.9375
0.05003335557038025,0.9375
0.050066755674232306,0.9375
0.050100200400801605,0.9375
0.05013368983957219,0.9375
0.05016722408026756,0.9375
0.050200803212851405,0.9375
0.05023442732752847,0.9375
0.05026809651474531,0.9375
0.05030181086519115,0.9375
0.050335570469798654,0.9375
0.050369375419744795,0.9375
0.05040322580645161,0.9375
0.05043712172158709,0.9375
0.05047106325706595,0.9375
0.050505050505050504,0.9375
0.05053908355795148,0.9375
0.05057316250842886,0.9375
0.05060728744939271,0.9375
0.05064145847400405,0.9375
0.05067567567567568,0.9375
0.05070993914807302,0.9375
0.05074424898511502,0.9375
0.05077860528097495,0.9375
0.0508130081300813,0.9375
0.05084745762711865,0.9375
0.05088195386702849,0.9375
0.05091649694501019,0.9375
0.050951086956521736,0.9375
0.05098572399728076,0.9375
0.05102040816326531,0.9375
0.05105513955071477,0.9375
0.05108991825613079,0.9375
0.05112474437627812,0.9375
0.05115961800818554,0.9375
0.051194539249146756,0.9375
0.05122950819672131,0.9375
0.05126452494873548,0.9375
0.05129958960328317,0.9375
0.0513347022587269,0.9375
0.05136986301369863,0.9375
0.05140507196710076,0.9375
0.051440329218107,0.9375
0.05147563486616335,0.9375
0.05151098901098901,0.9375
0.05154639175257732,0.9375
0.0515818431911967,0.9375
0.051617343427391604,0.9375
0.05096418732782369,0.925
0.05099931082012405,0.925
0.0503448275862069,0.9125
0.05037957211870255,0.9125
0.05041436464088398,0.9125
0.05044920525224603,0.9125
0.050484094052558784,0.9125
0.05051903114186851,0.9125
0.05055401662049862,0.9125
0.05058905058905059,0.9125
0.05062413314840499,0.9125
0.05065926439972242,0.9125
0.050694444444444445,0.9125
0.05072967338429465,0.9125
0.050764951321279554,0.9125
0.05080027835768963,0.9125
0.05083565459610028,0.9125
0.050871080139372825,0.9125
0.05090655509065551,0.9125
0.050942079553384506,0.9125
0.05097765363128492,0.9125
0.05101327742837177,0.9125
0.05104895104895105,0.9125
0.05108467459762071,0.9125
0.05112044817927171,0.9125
0.051156271899089,0.9125
0.05119214586255259,0.9125
0.051228070175438595,0.9125
0.051264044943820225,0.9125
0.05130007027406887,0.9125
0.051336146272855133,0.9125
0.05137227304714989,0.9125
0.05140845070422535,0.9125
0.05144467935165609,0.9125
0.05148095909732017,0.9125
0.051517290049400144,0.9125
0.05155367231638418,0.9125
0.051590106007067135,0.9125
0.051626591230551626,0.9125
0.051663128096249115,0.9125
0.051699716713881017,0.9125
0.0517363571934798,0.9125
0.05177304964539007,0.9125
0.051809794180269694,0.9125
0.05113636363636364,0.9
0.0511727078891258,0.9
0.051209103840682786,0.9
0.05124555160142349,0.9
0.05128205128205128,0.9
0.05131860299358518,0.9
0.05135520684736091,0.9
0.05139186295503212,0.9
0.05142857142857143,0.9
0.05146533238027162,0.9
0.05150214592274678,0.9
0.05153901216893343,0.9
0.05157593123209169,0.9
0.05161290322580645,0.9
0.05164992826398852,0.9
0.05168700646087581,0.9
0.05172413793103448,0.9
0.05176132278936017,0.9
0.051798561151079135,0.9
0.05183585313174946,0.9
0.05187319884726225,0.9
0.05191059841384282,0.9
0.05194805194805195,0.9
0.05198555956678701,0.9
0.05202312138728324,0.9
0.052060737527114966,0.9
0.05209840810419682,0.9
0.05213613323678494,0.9
0.05217391304347826,0.9
0.05221174764321972,0.9
0.05224963715529753,0.9
0.05228758169934641,0.9
0.05232558139534884,0.9
0.05236363636363636,0.9
0.05240174672489083,0.9
0.05243991260014567,0.9
0.052478134110787174,0.9
0.0525164113785558,0.9
0.052554744525547446,0.9
0.052593133674214754,0.9
0.05263157894736842,0.9
0.05267008046817849,0.9
0.0527086383601757,0.9
0.05274725274725275,0.9
0.05278592375366569,0.9
0.05282465150403522,0.9
0.05286343612334802,0.9
0.05290227773695812,0.9
0.052941176470588235,0.9
0.052980132450331126,0.9
0.053019145802650956,0.9
0.05305821665438467,0.9
0.05309734513274336,0.9
0.053136531365313655,0.9
0.053175775480059084,0.9
0.05321507760532151,0.9
0.05325443786982249,0.9
0.052553663952627686,0.8875
0.052592592592592594,0.8875
0.05263157894736842,0.8875
0.052670623145400594,0.8875
0.05270972531551596,0.8875
0.05274888558692422,0.8875
0.05278810408921933,0.8875
0.05282738095238095,0.8875
0.05286671630677588,0.8875
0.05290611028315946,0.8875
0.0529455630126771,0.8875
0.05298507462686567,0.8875
0.05227781926811053,0.875
0.052316890881913304,0.875
0.05235602094240838,0.875
0.05239520958083832,0.875
0.052434456928838954,0.875
0.05247376311844078,0.875
0.05251312828207052,0.875
0.052552552552552555,0.875
0.05259203606311044,0.875
0.05263157894736842,0.875
0.0526711813393529,0.875
0.05271084337349398,0.875
0.05275056518462698,0.875
0.05203619909502263,0.8625
0.052075471698113204,0.8625
0.05211480362537765,0.8625
0.05215419501133787,0.8625
0.05219364599092285,0.8625
0.052233156699470096,0.8625
0.05227272727272727,0.8625
0.052312357846853674,0.8625
0.05235204855842185,0.8625
0.05239179954441914,0.8625
0.05243161094224924,0.8625
0.05247148288973384,0.8625
0.05251141552511415,0.8625
0.05255140898705255,0.8625
0.052591463414634144,0.8625
0.05263157894736842,0.8625
0.05267175572519084,0.8625
0.052711993888464474,0.8625
0.052752293577981654,0.8625
0.05279265493496557,0.8625
0.052833078101071976,0.8625
0.052873563218390804,0.8625
0.05214723926380368,0.85
0.052187260168841135,0.85
0.05222734254992319,0.85
0.05226748654880861,0.85
0.052307692307692305,0.85
0.05234795996920708,0.85
0.05238828967642527,0.85
0.052428681572860444,0.85
0.05246913580246913,0.85
0.05250965250965251,0.85
0.05255023183925812,0.85
0.05259087393658159,0.85
0.05263157894736842,0.85
0.052672347017815646,0.85
0.05271317829457364,0.85
0.05275407292474787,0.85
0.052795031055900624,0.85
0.05283605283605284,0.85
0.05287713841368585,0.85
0.05291828793774319,0.85
0.0529595015576324,0.85
0.05300077942322681,0.85
0.0530421216848674,0.85
0.05308352849336456,0.85
0.053125,0.85
0.053166536356528536,0.85
0.053208137715179966,0.85
0.05324980422866092,0.85
0.05329153605015674,0.85
0.05333333333333334,0.85
0.05337519623233909,0.85
0.05341712490180676,0.85
0.05345911949685535,0.85
0.05350118017309206,0.85
0.05354330708661417,0.85
0.05358550039401103,0.85
0.05362776025236593,0.85
0.05367008681925809,0.85
0.053712480252764615,0.85
0.05375494071146245,0.85
0.05379746835443038,0.85
0.053840063341250986,0.85
0.05388272583201268,0.85
0.05392545598731166,0.85
0.05396825396825397,0.85
0.054011119936457505,0.85
0.05405405405405406,0.85
0.05409705648369133,0.85
0.054140127388535034,0.85
0.054183266932270914,0.85
0.05422647527910686,0.85
0.05426975259377494,0.85
0.054313099041533544,0.85
0.05435651478816946,0.85
0.0544,0.85
0.0544435548438751,0.85
0.05368589743589743,0.8375
0.053728949478749,0.8375
0.05377207062600321,0.8375
0.05381526104417671,0.8375
0.053858520900321546,0.8375
0.053901850362027354,0.8375
0.05394524959742351,0.8375
0.053988718775181306,0.8375
0.05403225806451613,0.8375
0.05407586763518967,0.8375
0.05411954765751212,0.8375
0.054163298302344384,0.8375
0.054207119741100325,0.8375
0.05425101214574899,0.8375
0.05429497568881685,0.8375
0.054339010543390104,0.8375
0.05438311688311688,0.8375
0.054427294882209584,0.8375
0.05447154471544716,0.8375
0.05451586655817738,0.8375
0.05456026058631922,0.8375
0.05460472697636512,0.8375
0.05464926590538336,0.8375
0.054693877551020405,0.8375
0.05473856209150327,0.8375
0.05478331970564186,0.8375
0.05482815057283143,0.8375
0.054873054873054876,0.8375
0.05491803278688524,0.8375
0.054963084495488104,0.8375
0.055008210180623976,0.8375
0.05505341002465078,0.8375
0.055098684210526314,0.8375
0.0551440329218107,0.8375
0.05518945634266886,0.8375
0.055234954657873044,0.8375
0.05528052805280528,0.8375
0.05532617671345995,0.8375
0.05537190082644628,0.8375
0.055417700578990904,0.8375
0.055463576158940396,0.8375
0.05550952775476388,0.8375
0.05555555555555555,0.8375
0.05560165975103734,0.8375
0.05564784053156146,0.8375
0.05569409808811305,0.8375
0.05574043261231281,0.8375
0.05578684429641965,0.8375
0.05583333333333333,0.8375
0.05587989991659716,0.8375
0.055926544240400666,0.8375
0.055973266499582286,0.8375
0.056020066889632104,0.8375
0.05606694560669456,0.8375
0.05611390284757119,0.8375
0.056160938809723386,0.8375
0.05620805369127517,0.8375
0.056255247691015954,0.8375
0.05630252100840336,0.8375
0.056349873843566024,0.8375
0.0563973063973064,0.8375
0.05644481887110362,0.8375
0.05649241146711636,0.8375
0.056540084388185655,0.8375
0.056587837837837836,0.8375
0.0566356720202874,0.8375
0.05668358714043993,0.8375
0.056731583403895,0.8375
0.05677966101694915,0.8375
0.056827820186598814,0.8375
0.056876061120543296,0.8375
0.05692438402718777,0.8375
0.05697278911564626,0.8375
0.05702127659574468,0.8375
0.05706984667802385,0.8375
0.05711849957374254,0.8375
0.05716723549488054,0.8375
0.05721605465414176,0.8375
0.05726495726495726,0.8375
0.05731394354148845,0.8375
0.05736301369863014,0.8375
0.05741216795201371,0.8375
0.057461406518010294,0.8375
0.05751072961373391,0.8375
0.05756013745704467,0.8375
0.05760963026655202,0.8375
0.0576592082616179,0.8375
0.05770887166236004,0.8375
0.05775862068965517,0.8375
0.057808455565142365,0.8375
0.05785837651122625,0.8375
0.05790838375108038,0.8375
0.05795847750865052,0.8375
0.05800865800865801,0.8375
0.05805892547660312,0.8375
0.058109280138768434,0.8375
0.058159722222222224,0.8375
0.05821025195482189,0.8375
0.058260869565217394,0.8375
0.058311575282854654,0.8375
0.05836236933797909,0.8375
0.05841325196163906,0.8375
0.05846422338568935,0.8375
0.05851528384279476,0.8375
0.05856643356643357,0.8375
0.05861767279090114,0.8375
0.05866900175131348,0.8375
0.058720420683610865,0.8375
0.058771929824561406,0.8375
0.058823529411764705,0.8375
0.058875219683655534,0.8375
0.058927000879507474,0.8375
0.05897887323943662,0.8375
0.059030837004405284,0.8375
0.059082892416225746,0.8375
0.05913503971756399,0.8375
0.05918727915194346,0.8375
0.0592396109637489,0.8375
0.05929203539823009,0.8375
0.05934455270150576,0.8375
0.05939716312056738,0.8375
0.05944986690328305,0.8375
0.05950266429840142,0.8375
0.059555555555555556,0.8375
0.059608540925266906,0.8375
0.05966162065894924,0.8375
0.059714795008912656,0.8375
0.05976806422836753,0.8375
0.059821428571428574,0.8375
0.05987488829311886,0.8375
0.05992844364937388,0.8375
0.05998209489704566,0.8375
0.06003584229390681,0.8375
0.060089686098654706,0.8375
0.06014362657091562,0.8375
0.06019766397124888,0.8375
0.06025179856115108,0.8375
0.06030603060306031,0.8375
0.06036036036036036,0.8375
0.060414788097385035,0.8375
0.06046931407942238,0.8375
0.06052393857271906,0.8375
0.06057866184448463,0.8375
0.06063348416289593,0.8375
0.059782608695652176,0.825
0.05983680870353581,0.825
0.05989110707803993,0.825
0.05994550408719346,0.825
0.06,0.825
0.06005459508644222,0.825
0.060109289617486336,0.825
0.0601640838650866,0.825
0.060218978102189784,0.825
0.06027397260273973,0.825
0.0603290676416819,0.825
0.06038426349496798,0.825
0.06043956043956044,0.825
0.06049495875343722,0.825
0.060550458715596334,0.825
0.06060606060606061,0.825
0.06066176470588235,0.825
0.06071757129714812,0.825
0.06077348066298342,0.825
0.060829493087557605,0.825
0.06088560885608856,0.825
0.060941828254847646,0.825
0.06099815157116451,0.825
0.06105457909343201,0.825
0.06111111111111111,0.825
0.061167747914735865,0.825
0.061224489795918366,0.825
0.06128133704735376,0.825
0.06133828996282528,0.825
0.061395348837209304,0.825
0.061452513966480445,0.825
0.06150978564771668,0.825
0.061567164179104475,0.825
0.06162464985994398,0.825
0.0616822429906542,0.825
0.0617399438727783,0.825
0.06179775280898876,0.825
0.061855670103092786,0.825
0.06191369606003752,0.825
0.061971830985915494,0.825
0.06203007518796992,0.825
0.062088428974600186,0.825
0.062146892655367235,0.825
0.06220546654099906,0.825
0.062264150943396226,0.825
0.06232294617563739,0.825
0.062381852551984876,0.825
0.06244087038789026,0.825
0.0625,0.825
0.06255924170616113,0.825
0.06261859582542695,0.825
0.06267806267806268,0.825
0.06273764258555133,0.825
0.06279733587059944,0.825
0.06285714285714286,0.825
0.06291706387035272,0.825
0.06297709923664122,0.825
0.06303724928366762,0.825
0.06309751434034416,0.825
0.06315789473684211,0.825
0.06321839080459771,0.825
0.06327900287631831,0.825
0.06333973128598848,0.825
0.06340057636887608,0.825
0.06346153846153846,0.825
0.06352261790182868,0.825
0.06358381502890173,0.825
0.06364513018322084,0.825
0.0637065637065637,0.825
0.06376811594202898,0.825
0.06382978723404255,0.825
0.06292352371732816,0.8125
0.06298449612403101,0.8125
0.06304558680892337,0.8125
0.06310679611650485,0.8125
0.062196307094266275,0.8
0.0622568093385214,0.8
0.062317429406037,0.8
0.06237816764132553,0.8
0.0624390243902439,0.8
0.0625,0.8
0.06256109481915934,0.8
0.06262230919765166,0.8
0.06268364348677767,0.8
0.06274509803921569,0.8
0.06280667320902845,0.8
0.06286836935166994,0.8
0.06293018682399214,0.8
0.06299212598425197,0.8
0.06305418719211822,0.8
0.0631163708086785,0.8
0.0631786771964462,0.8
0.06324110671936758,0.8
0.06330365974282888,0.8
0.06336633663366337,0.8
0.06342913776015857,0.8
0.06349206349206349,0.8
0.06355511420059583,0.8
0.0636182902584493,0.8
0.06368159203980099,0.8
0.06374501992031872,0.8
0.06380857427716849,0.8
0.06387225548902195,0.8
0.06393606393606394,0.8
0.064,0.8
0.06406406406406406,0.8
0.06412825651302605,0.8
0.0641925777331996,0.8
0.0642570281124498,0.8
0.06432160804020101,0.8
0.06438631790744467,0.8
0.06445115810674723,0.8
0.06451612903225806,0.8
0.06458123107971746,0.8
0.06464646464646465,0.8
0.06471183013144591,0.8
0.06477732793522267,0.8
0.06382978723404255,0.7875
0.06389452332657201,0.7875
0.06395939086294417,0.7875
0.06402439024390244,0.7875
0.06408952187182096,0.7875
0.06415478615071284,0.7875
0.06422018348623854,0.7875
0.06428571428571428,0.7875
0.06435137895812053,0.7875
0.06441717791411043,0.7875
0.06448311156601842,0.7875
0.06454918032786885,0.7875
0.06461538461538462,0.7875
0.0646817248459959,0.7875
0.06474820143884892,0.7875
0.06481481481481481,0.7875
0.06488156539649846,0.7875
0.06494845360824743,0.7875
0.06501547987616099,0.7875
0.06508264462809918,0.7875
0.06514994829369183,0.7875
0.06521739130434782,0.7875
0.06528497409326425,0.7875
0.06431535269709543,0.775
0.06438213914849429,0.775
0.06444906444906445,0.775
0.06451612903225806,0.775
0.06458333333333334,0.775
0.06465067778936393,0.775
0.06471816283924843,0.775
0.06478578892371996,0.775
0.06485355648535565,0.775
0.06492146596858639,0.775
0.0649895178197065,0.775
0.06505771248688352,0.775
0.06512605042016807,0.775
0.06519453207150368,0.775
0.06526315789473684,0.775
0.06533192834562697,0.775
0.06540084388185655,0.775
0.06546990496304118,0.775
0.06553911205073996,0.775
0.0656084656084656,0.775
0.06567796610169492,0.775
0.06574761399787911,0.775
0.06581740976645435,0.775
0.06588735387885228,0.775
0.06595744680851064,0.775
0.06602768903088392,0.775
0.06609808102345416,0.775
0.06616862326574173,0.775
0.06623931623931624,0.775
0.06631016042780749,0.775
0.06638115631691649,0.775
0.06645230439442658,0.775
0.06652360515021459,0.775
0.06659505907626208,0.775
0.06666666666666667,0.775
0.06673842841765339,0.775
0.0668103448275862,0.775
0.0668824163969795,0.775
0.06695464362850972,0.775
0.06702702702702702,0.775
0.0670995670995671,0.775
0.06717226435536294,0.775
0.06724511930585683,0.775
0.06731813246471227,0.775
0.06739130434782609,0.775
0.06746463547334058,0.775
0.06753812636165578,0.775
0.06761177753544166,0.775
0.06768558951965066,0.775
0.06775956284153005,0.775
0.06783369803063458,0.775
0.06790799561883899,0.775
0.06798245614035088,0.775
0.06805708013172337,0.775
0.06813186813186813,0.775
0.06820682068206821,0.775
0.06828193832599119,0.775
0.06835722160970231,0.775
0.0684326710816777,0.775
0.06850828729281767,0.775
0.06858407079646017,0.775
0.06866002214839424,0.775
0.06873614190687362,0.775
0.06881243063263041,0.775
0.06888888888888889,0.775
0.06896551724137931,0.775
0.06904231625835189,0.775
0.06911928651059086,0.775
0.06919642857142858,0.775
0.06927374301675977,0.775
0.06935123042505593,0.775
0.06942889137737962,0.775
0.06950672645739911,0.775
0.06958473625140292,0.775
0.0696629213483146,0.775
0.06974128233970754,0.775
0.06981981981981981,0.775
0.06989853438556934,0.775
0.06997742663656885,0.775
0.07005649717514124,0.775
0.07013574660633484,0.775
0.07021517553793885,0.775
0.07029478458049887,0.775
0.07037457434733257,0.775
0.07045454545454545,0.775
0.07053469852104664,0.775
0.07061503416856492,0.775
0.07069555302166476,0.775
0.07077625570776255,0.775
0.07085714285714285,0.775
0.07093821510297482,0.775
0.07101947308132875,0.775
0.07110091743119266,0.775
0.0711825487944891,0.775
0.07126436781609195,0.775
0.0713463751438435,0.775
0.07142857142857142,0.775
0.07151095732410612,0.775
0.07159353348729793,0.775
0.07167630057803469,0.775
0.07175925925925926,0.775
0.07184241019698726,0.775
0.07192575406032482,0.775
0.07200929152148665,0.775
0.07209302325581396,0.775
0.07217694994179279,0.775
0.07226107226107226,0.775
0.07234539089848308,0.775
0.07242990654205607,0.775
0.07251461988304093,0.775
0.07259953161592506,0.775
0.07268464243845252,0.775
0.07276995305164319,0.775
0.07285546415981199,0.775
0.07294117647058823,0.775
0.07302709069493522,0.775
0.07311320754716981,0.775
0.07319952774498228,0.775
0.07328605200945626,0.775
0.07337278106508875,0.775
0.07345971563981042,0.775
0.07354685646500593,0.775
0.07363420427553444,0.775
0.07372175980975029,0.775
0.07380952380952381,0.775
0.07389749702026222,0.775
0.07398568019093078,0.775
0.07407407407407407,0.775
0.07416267942583732,0.775
0.07425149700598803,0.775
0.07434052757793765,0.775
0.0744297719087635,0.775
0.07451923076923077,0.775
0.07460890493381468,0.775
0.0746987951807229,0.775
0.07478890229191798,0.775
0.07367149758454106,0.7625
0.07376058041112454,0.7625
0.07384987893462469,0.7625
0.07393939393939394,0.7625
0.07402912621359223,0.7625
0.07411907654921021,0.7625
0.07420924574209246,0.7625
0.07429963459196103,0.7625
0.07439024390243902,0.7625
0.07448107448107448,0.7625
0.0745721271393643,0.7625
0.07466340269277846,0.7625
0.07475490196078431,0.7625
0.07484662576687116,0.7625
0.07493857493857493,0.7625
0.07503075030750307,0.7625
0.07389162561576355,0.75
0.07398273736128237,0.75
0.07407407407407407,0.75
0.07416563658838071,0.75
0.07425742574257425,0.75
0.07434944237918216,0.75
0.07444168734491315,0.75
0.07453416149068323,0.75
0.07462686567164178,0.75
0.074719800747198,0.75
0.07481296758104738,0.75
0.0749063670411985,0.75
0.075,0.75
0.07509386733416772,0.75
0.07518796992481203,0.75
0.07528230865746549,0.75
0.07537688442211055,0.75
0.07547169811320754,0.75
0.07556675062972293,0.75
0.07566204287515763,0.75
0.07575757575757576,0.75
0.07585335018963338,0.75
0.0759493670886076,0.75
0.07477820025348543,0.7375
0.07487309644670051,0.7375
0.07496823379923762,0.7375
0.07506361323155217,0.7375
0.0751592356687898,0.7375
0.07525510204081633,0.7375
0.07407407407407407,0.725
0.07289002557544758,0.7125
0.07298335467349552,0.7125
0.07307692307692308,0.7125
0.07317073170731707,0.7125
0.07326478149100257,0.7125
0.07335907335907337,0.7125
0.07345360824742268,0.7125
0.07354838709677419,0.7125
0.07235142118863049,0.7
0.0724450194049159,0.7
0.07253886010362694,0.7
0.07263294422827497,0.7
0.07272727272727272,0.7
0.07282184655396619,0.7
0.07291666666666667,0.7
0.07301173402868318,0.7
0.0731070496083551,0.7
0.07320261437908497,0.7
0.07329842931937172,0.7
0.07339449541284404,0.7
0.07349081364829396,0.7
0.0735873850197109,0.7
0.07368421052631578,0.7
0.07378129117259552,0.7
0.07387862796833773,0.7
0.07397622192866579,0.7
0.07407407407407407,0.7
0.07417218543046358,0.7
0.07427055702917772,0.7
0.07436918990703852,0.7
0.07446808510638298,0.7
0.07456724367509987,0.7
0.07466666666666667,0.7
0.07476635514018691,0.7
0.0748663101604278,0.7
0.0749665327978581,0.7
0.07506702412868632,0.7
0.07516778523489932,0.7
0.07526881720430108,0.7
0.0740242261103634,0.6875
0.07412398921832884,0.6875
0.07422402159244265,0.6875
0.07432432432432433,0.6875
0.07442489851150202,0.6875
0.07452574525745258,0.6875
0.07462686567164178,0.6875
0.07472826086956522,0.6875
0.07482993197278912,0.6875
0.07493188010899182,0.6875
0.07503410641200546,0.6875
0.07513661202185792,0.6875
0.07523939808481532,0.6875
0.07534246575342465,0.6875
0.07544581618655692,0.6875
0.07554945054945054,0.6875
0.07565337001375516,0.6875
0.07575757575757576,0.6875
0.07586206896551724,0.6875
0.07596685082872928,0.6875
0.07607192254495158,0.6875
0.07617728531855955,0.6875
0.07628294036061026,0.6875
0.0763888888888889,0.6875
0.07649513212795549,0.6875
0.0766016713091922,0.6875
0.07670850767085077,0.6875
0.07681564245810056,0.6875
0.07692307692307693,0.6875
0.07703081232492998,0.6875
0.07713884992987377,0.6875
0.07724719101123595,0.6875
0.07735583684950774,0.6875
0.07746478873239436,0.6875
0.07757404795486601,0.6875
0.07768361581920905,0.6875
0.07779349363507779,0.6875
0.07790368271954674,0.6875
0.07801418439716312,0.6875
0.078125,0.6875
0.07823613086770982,0.6875
0.07834757834757834,0.6875
0.07703281027104136,0.675
0.07714285714285714,0.675
0.07725321888412018,0.675
0.07736389684813753,0.675
0.07747489239598278,0.675
0.07758620689655173,0.675
0.0776978417266187,0.675
0.07780979827089338,0.675
0.07792207792207792,0.675
0.07803468208092486,0.675
0.07814761215629522,0.675
0.0782608695652174,0.675
0.0783744557329463,0.675
0.07848837209302326,0.675
0.07860262008733625,0.675
0.07871720116618076,0.675
0.07883211678832117,0.675
0.07894736842105263,0.675
0.07906295754026355,0.675
0.07917888563049853,0.675
0.07929515418502203,0.675
0.07941176470588235,0.675
0.07952871870397643,0.675
0.07964601769911504,0.675
0.07976366322008863,0.675
0.07988165680473373,0.675
0.07851851851851852,0.6625
0.07863501483679525,0.6625
0.0787518573551263,0.6625
0.07886904761904762,0.6625
0.07898658718330849,0.6625
0.0791044776119403,0.6625
0.07922272047832586,0.6625
0.07934131736526946,0.6625
0.07946026986506746,0.6625
0.07957957957957958,0.6625
0.07969924812030076,0.6625
0.07981927710843373,0.6625
0.07993966817496229,0.6625
0.08006042296072508,0.6625
0.08018154311649017,0.6625
0.0803030303030303,0.6625
0.08042488619119878,0.6625
0.08054711246200608,0.6625
0.0806697108066971,0.6625
0.08079268292682927,0.6625
0.08091603053435115,0.6625
0.08103975535168195,0.6625
0.08116385911179173,0.6625
0.08128834355828221,0.6625
0.07987711213517665,0.65
0.08,0.65
0.08012326656394453,0.65
0.08024691358024691,0.65
0.080370942812983,0.65
0.0804953560371517,0.65
0.08062015503875969,0.65
0.07919254658385093,0.6375
0.07931570762052877,0.6375
0.0794392523364486,0.6375
0.07956318252730109,0.6375
0.0796875,0.6375
0.07981220657276995,0.6375
0.07993730407523511,0.6375
0.08006279434850863,0.6375
0.08018867924528301,0.6375
0.07874015748031496,0.625
0.07886435331230283,0.625
0.07898894154818326,0.625
0.07911392405063292,0.625
0.07765451664025357,0.6125
0.07777777777777778,0.6125
0.07790143084260731,0.6125
0.07802547770700637,0.6125
0.07814992025518341,0.6125
0.07827476038338659,0.6125
0.0784,0.6125
0.07852564102564102,0.6125
0.07704654895666131,0.6
0.07717041800643087,0.6
0.07729468599033816,0.6
0.07741935483870968,0.6
0.07754442649434572,0.6
0.07766990291262135,0.6
0.07779578606158834,0.6
0.07792207792207792,0.6
0.07804878048780488,0.6
0.0781758957654723,0.6
0.07830342577487764,0.6
0.0784313725490196,0.6
0.07855973813420622,0.6
0.07868852459016394,0.6
0.07881773399014778,0.6
0.07894736842105263,0.6
0.07907742998352553,0.6
0.07920792079207921,0.6
0.07933884297520662,0.6
0.07947019867549669,0.6
0.07960199004975124,0.6
0.07807308970099668,0.5875
0.07820299500831947,0.5875
0.07833333333333334,0.5875
0.07846410684474124,0.5875
0.07859531772575251,0.5875
0.07872696817420435,0.5875
0.07885906040268456,0.5875
0.07899159663865546,0.5875
0.07912457912457913,0.5875
0.07925801011804384,0.5875
0.07939189189189189,0.5875
0.07952622673434856,0.5875
0.07966101694915254,0.5875
0.07979626485568761,0.5875
0.07993197278911565,0.5875
0.08006814310051108,0.5875
0.08020477815699659,0.5875
0.08034188034188035,0.5875
0.08047945205479452,0.5875
0.08061749571183534,0.5875
0.08075601374570447,0.5875
0.08089500860585198,0.5875
0.08103448275862069,0.5875
0.08117443868739206,0.5875
0.08131487889273356,0.5875
0.08145580589254767,0.5875
0.08159722222222222,0.5875
0.0817391304347826,0.5875
0.08188153310104529,0.5875
0.08202443280977312,0.5875
0.08216783216783216,0.5875
0.08231173380035026,0.5875
0.0824561403508772,0.5875
0.08260105448154657,0.5875
0.08274647887323944,0.5875
0.08289241622574955,0.5875
0.08303886925795052,0.5875
0.0831858407079646,0.5875
0.08333333333333333,0.5875
0.08348134991119005,0.5875
0.08362989323843416,0.5875
0.08377896613190731,0.5875
0.08392857142857142,0.5875
0.08407871198568873,0.5875
0.08422939068100359,0.5875
0.0843806104129264,0.5875
0.08453237410071943,0.5875
0.08468468468468468,0.5875
0.08483754512635379,0.5875
0.08499095840867993,0.5875
0.08514492753623189,0.5875
0.0852994555353902,0.5875
0.08545454545454545,0.5875
0.08561020036429873,0.5875
0.08576642335766424,0.5875
0.08592321755027423,0.5875
0.08608058608058608,0.5875
0.08623853211009175,0.5875
0.08639705882352941,0.5875
0.0865561694290976,0.5875
0.08671586715867159,0.5875
0.08687615526802218,0.5875
0.08703703703703704,0.5875
0.08719851576994433,0.5875
0.08736059479553904,0.5875
0.08752327746741155,0.5875
0.08768656716417911,0.5875
0.08785046728971962,0.5875
0.08801498127340825,0.5875
0.08818011257035648,0.5875
0.08834586466165413,0.5875
0.08662900188323917,0.575
0.08679245283018867,0.575
0.08695652173913043,0.575
0.08522727272727272,0.5625
0.08538899430740038,0.5625
0.08555133079847908,0.5625
0.08571428571428572,0.5625
0.08587786259541985,0.5625
0.08604206500956023,0.5625
0.08620689655172414,0.5625
0.08637236084452975,0.5625
0.08461538461538462,0.55
0.08477842003853564,0.55
0.08494208494208494,0.55
0.0851063829787234,0.55
0.08527131782945736,0.55
0.0854368932038835,0.55
0.08365758754863813,0.5375
0.08382066276803118,0.5375
0.08203125,0.525
0.0821917808219178,0.525
0.08235294117647059,0.525
0.0825147347740668,0.525
0.08267716535433071,0.525
0.08284023668639054,0.525
0.08300395256916997,0.525
0.08316831683168317,0.525
0.08134920634920635,0.5125
0.08151093439363817,0.5125
0.08167330677290836,0.5125
0.08183632734530938,0.5125
0.082,0.5125
0.08016032064128256,0.5
0.08032128514056225,0.5
0.07847082494969819,0.4875
0.07862903225806452,0.4875
0.07878787878787878,0.4875
0.07894736842105263,0.4875
0.07910750507099391,0.4875
0.07926829268292683,0.4875
0.07942973523421588,0.4875
0.07959183673469387,0.4875
0.07975460122699386,0.4875
0.07991803278688525,0.4875
0.08008213552361396,0.4875
0.08024691358024691,0.4875
0.08041237113402062,0.4875
0.08057851239669421,0.4875
0.08074534161490683,0.4875
0.08091286307053942,0.4875
0.08108108108108109,0.4875
0.08125,0.4875
0.081419624217119,0.4875
0.08158995815899582,0.4875
0.08176100628930817,0.4875
0.0819327731092437,0.4875
0.08210526315789474,0.4875
0.08227848101265822,0.4875
0.0824524312896406,0.4875
0.0826271186440678,0.4875
0.08280254777070063,0.4875
0.08297872340425531,0.4875
0.08315565031982942,0.4875
0.08333333333333333,0.4875
0.0835117773019272,0.4875
0.08369098712446352,0.4875
0.08387096774193549,0.4875
0.08405172413793104,0.4875
0.08423326133909287,0.4875
0.08441558441558442,0.4875
0.08459869848156182,0.4875
0.08478260869565217,0.4875
0.08496732026143791,0.4875
0.0851528384279476,0.4875
0.08533916849015317,0.4875
0.08552631578947369,0.4875
0.08351648351648351,0.475
0.08370044052863436,0.475
0.08388520971302428,0.475
0.084070796460177,0.475
0.08425720620842572,0.475
0.08444444444444445,0.475
0.08463251670378619,0.475
0.08482142857142858,0.475
0.08501118568232663,0.475
0.08520179372197309,0.475
0.0853932584269663,0.475
0.08558558558558559,0.475
0.08577878103837472,0.475
0.08597285067873303,0.475
0.08616780045351474,0.475
0.08636363636363636,0.475
0.08428246013667426,0.4625
0.08447488584474885,0.4625
0.08466819221967964,0.4625
0.08486238532110092,0.4625
0.08505747126436781,0.4625
0.08525345622119816,0.4625
0.08314087759815242,0.45
0.08101851851851852,0.4375
0.08120649651972157,0.4375
0.08139534883720931,0.4375
0.08158508158508158,0.4375
0.08177570093457943,0.4375
0.08196721311475409,0.4375
0.08215962441314555,0.4375
0.08235294117647059,0.4375
0.08254716981132075,0.4375
0.08274231678486997,0.4375
0.08056872037914692,0.425
0.08076009501187649,0.425
0.08095238095238096,0.425
0.081145584725537,0.425
0.08133971291866028,0.425
0.0815347721822542,0.425
0.08173076923076923,0.425
0.0819277108433735,0.425
0.0821256038647343,0.425
0.08232445520581114,0.425
0.0825242718446602,0.425
0.0827250608272506,0.425
0.08292682926829269,0.425
0.08312958435207823,0.425
0.08333333333333333,0.425
0.08353808353808354,0.425
0.08374384236453201,0.425
0.08395061728395062,0.425
0.08415841584158416,0.425
0.08436724565756824,0.425
0.0845771144278607,0.425
0.08478802992518704,0.425
0.085,0.425
0.08521303258145363,0.425
0.08542713567839195,0.425
0.08564231738035265,0.425
0.08585858585858586,0.425
0.08607594936708861,0.425
0.08375634517766498,0.4125
0.08396946564885496,0.4125
0.08418367346938775,0.4125
0.08439897698209718,0.4125
0.08461538461538462,0.4125
0.08226221079691516,0.4
0.08247422680412371,0.4
0.082687338501292,0.4
0.08290155440414508,0.4
0.08311688311688312,0.4
0.08333333333333333,0.4
0.0835509138381201,0.4
0.08376963350785341,0.4
0.08398950131233596,0.4
0.08421052631578947,0.4
0.08443271767810026,0.4
0.08465608465608465,0.4
0.08488063660477453,0.4
0.08244680851063829,0.3875
0.08266666666666667,0.3875
0.08288770053475936,0.3875
0.08310991957104558,0.3875
0.08333333333333333,0.3875
0.08355795148247978,0.3875
0.08378378378378379,0.3875
0.08401084010840108,0.3875
0.08423913043478261,0.3875
0.08446866485013624,0.3875
0.08469945355191257,0.3875
0.08493150684931507,0.3875
0.08516483516483517,0.3875
0.08539944903581267,0.3875
0.0856353591160221,0.3875
0.08587257617728532,0.3875
0.08611111111111111,0.3875
0.08635097493036212,0.3875
0.08659217877094973,0.3875
0.08683473389355742,0.3875
0.08707865168539326,0.3875
0.08732394366197183,0.3875
0.08757062146892655,0.3875
0.08781869688385269,0.3875
0.08806818181818182,0.3875
0.08831908831908832,0.3875
0.08571428571428572,0.375
0.08595988538681948,0.375
0.08620689655172414,0.375
0.08645533141210375,0.375
0.08670520231213873,0.375
0.08695652173913043,0.375
0.0872093023255814,0.375
0.08746355685131195,0.375
0.08771929824561403,0.375
0.08797653958944282,0.375
0.08823529411764706,0.375
0.08849557522123894,0.375
0.08875739644970414,0.375
0.08902077151335312,0.375
0.08928571428571429,0.375
0.08955223880597014,0.375
0.08982035928143713,0.375
0.09009009009009009,0.375
0.09036144578313253,0.375
0.08761329305135952,0.3625
0.08787878787878788,0.3625
0.08814589665653495,0.3625
0.08841463414634146,0.3625
0.08868501529051988,0.3625
0.08895705521472393,0.3625
0.08923076923076922,0.3625
0.08950617283950617,0.3625
0.08978328173374613,0.3625
0.09006211180124224,0.3625
0.09034267912772585,0.3625
0.090625,0.3625
0.09090909090909091,0.3625
0.0880503144654088,0.35
0.08832807570977919,0.35
0.08860759493670886,0.35
0.08888888888888889,0.35
0.08917197452229299,0.35
0.08945686900958466,0.35
0.08974358974358974,0.35
0.09003215434083602,0.35
0.09032258064516129,0.35
0.09061488673139159,0.35
0.09090909090909091,0.35
0.09120521172638436,0.35
0.0915032679738562,0.35
0.09180327868852459,0.35
0.09210526315789473,0.35
0.0924092409240924,0.35
0.09271523178807947,0.35
0.09302325581395349,0.35
0.09333333333333334,0.35
0.09364548494983277,0.35
0.09395973154362416,0.35
0.09427609427609428,0.35
0.0945945945945946,0.35
0.09152542372881356,0.3375
0.09183673469387756,0.3375
0.09215017064846416,0.3375
0.09246575342465753,0.3375
0.09278350515463918,0.3375
0.0896551724137931,0.325
0.08996539792387544,0.325
0.09027777777777778,0.325
0.09059233449477352,0.325
0.08741258741258741,0.3125
0.08771929824561403,0.3125
0.0880281690140845,0.3125
0.08833922261484099,0.3125
0.08865248226950355,0.3125
0.08896797153024912,0.3125
0.08928571428571429,0.3125
0.08960573476702509,0.3125
0.08992805755395683,0.3125
0.09025270758122744,0.3125
0.09057971014492754,0.3125
0.09090909090909091,0.3125
0.09124087591240876,0.3125
0.09157509157509157,0.3125
0.09191176470588236,0.3125
0.08856088560885608,0.3
0.08888888888888889,0.3
0.08921933085501858,0.3
0.08955223880597014,0.3
0.0898876404494382,0.3
0.08646616541353383,0.2875
0.08679245283018867,0.2875
0.08712121212121213,0.2875
0.08745247148288973,0.2875
0.08778625954198473,0.2875
0.08812260536398467,0.2875
0.08846153846153847,0.2875
0.0888030888030888,0.2875
0.08914728682170543,0.2875
0.08949416342412451,0.2875
0.08984375,0.2875
0.09019607843137255,0.2875
0.09055118110236221,0.2875
0.09090909090909091,0.2875
0.09126984126984126,0.2875
0.09163346613545817,0.2875
0.092,0.2875
0.09236947791164658,0.2875
0.09274193548387097,0.2875
0.0931174089068826,0.2875
0.09349593495934959,0.2875
0.09387755102040816,0.2875
0.0942622950819672,0.2875
0.09465020576131687,0.2875
0.09504132231404959,0.2875
0.0954356846473029,0.2875
0.09166666666666666,0.275
0.09205020920502092,0.275
0.09243697478991597,0.275
0.09282700421940929,0.275
0.09322033898305085,0.275
0.09361702127659574,0.275
0.09401709401709402,0.275
0.0944206008583691,0.275
0.09482758620689655,0.275
0.09523809523809523,0.275
0.09130434782608696,0.2625
0.09170305676855896,0.2625
0.08771929824561403,0.25
0.0881057268722467,0.25
0.08849557522123894,0.25
0.08888888888888889,0.25
0.08482142857142858,0.2375
0.08520179372197309,0.2375
0.08558558558558559,0.2375
0.08597285067873303,0.2375
0.08636363636363636,0.2375
0.0867579908675799,0.2375
0.0871559633027523,0.2375
0.08755760368663594,0.2375
0.08796296296296297,0.2375
0.08837209302325581,0.2375
0.08878504672897196,0.2375
0.0892018779342723,0.2375
0.08962264150943396,0.2375
0.09004739336492891,0.2375
0.09047619047619047,0.2375
0.09090909090909091,0.2375
0.08653846153846154,0.225
0.08695652173913043,0.225
0.08737864077669903,0.225
0.08780487804878048,0.225
0.08823529411764706,0.225
0.08866995073891626,0.225
0.0891089108910891,0.225
0.08955223880597014,0.225
0.09,0.225
0.09045226130653267,0.225
0.09090909090909091,0.225
0.09137055837563451,0.225
0.09183673469387756,0.225
0.09230769230769231,0.225
0.09278350515463918,0.225
0.08808290155440414,0.2125
0.08854166666666667,0.2125
0.08900523560209424,0.2125
0.08947368421052632,0.2125
0.08994708994708994,0.2125
0.09042553191489362,0.2125
0.09090909090909091,0.2125
0.0913978494623656,0.2125
0.0918918918918919,0.2125
0.09239130434782608,0.2125
0.09289617486338798,0.2125
0.09340659340659341,0.2125
0.09392265193370165,0.2125
0.08888888888888889,0.2
0.08379888268156424,0.1875
0.08426966292134831,0.1875
0.0847457627118644,0.1875
0.08522727272727272,0.1875
0.08571428571428572,0.1875
0.08620689655172414,0.1875
0.08670520231213873,0.1875
0.0872093023255814,0.1875
0.08771929824561403,0.1875
0.08823529411764706,0.1875
0.08875739644970414,0.1875
0.08928571428571429,0.1875
0.08982035928143713,0.1875
0.09036144578313253,0.1875
0.09090909090909091,0.1875
0.09146341463414634,0.1875
0.08588957055214724,0.175
0.08024691358024691,0.1625
0.08074534161490683,0.1625
0.08125,0.1625
0.08176100628930817,0.1625
0.08227848101265822,0.1625
0.08280254777070063,0.1625
0.08333333333333333,0.1625
0.08387096774193549,0.1625
0.08441558441558442,0.1625
0.08496732026143791,0.1625
0.08552631578947369,0.1625
0.08609271523178808,0.1625
0.08666666666666667,0.1625
0.087248322147651,0.1625
0.08783783783783784,0.1625
0.08843537414965986,0.1625
0.08904109589041095,0.1625
0.0896551724137931,0.1625
0.09027777777777778,0.1625
0.08391608391608392,0.15
0.08450704225352113,0.15
0.0851063829787234,0.15
0.07857142857142857,0.1375
0.07913669064748201,0.1375
0.07246376811594203,0.125
0.072992700729927,0.125
0.07352941176470588,0.125
0.07407407407407407,0.125
0.07462686567164178,0.125
0.07518796992481203,0.125
0.07575757575757576,0.125
0.07633587786259542,0.125
0.07692307692307693,0.125
0.07751937984496124,0.125
0.078125,0.125
0.07874015748031496,0.125
0.07936507936507936,0.125
0.08,0.125
0.08064516129032258,0.125
0.08130081300813008,0.125
0.08196721311475409,0.125
0.08264462809917356,0.125
0.08333333333333333,0.125
0.07563025210084033,0.1125
0.07627118644067797,0.1125
0.06837606837606838,0.1
0.06896551724137931,0.1
0.06956521739130435,0.1
0.07017543859649122,0.1
0.07079646017699115,0.1
0.07142857142857142,0.1
0.07207207207207207,0.1
0.07272727272727272,0.1
0.07339449541284404,0.1
0.07407407407407407,0.1
0.07476635514018691,0.1
0.07547169811320754,0.1
0.06666666666666667,0.0875
0.0673076923076923,0.0875
0.06796116504854369,0.0875
0.06862745098039216,0.0875
0.06930693069306931,0.0875
0.07,0.0875
0.0707070707070707,0.0875
0.07142857142857142,0.0875
0.07216494845360824,0.0875
0.07291666666666667,0.0875
0.07368421052631578,0.0875
0.07446808510638298,0.0875
0.07526881720430108,0.0875
0.07608695652173914,0.0875
0.07692307692307693,0.0875
0.07777777777777778,0.0875
0.06741573033707865,0.075
0.06818181818181818,0.075
0.06896551724137931,0.075
0.06976744186046512,0.075
0.07058823529411765,0.075
0.07142857142857142,0.075
0.07228915662650602,0.075
0.07317073170731707,0.075
0.07407407407407407,0.075
0.075,0.075
0.0759493670886076,0.075
0.07692307692307693,0.075
0.07792207792207792,0.075
0.07894736842105263,0.075
0.08,0.075
0.08108108108108109,0.075
0.0821917808219178,0.075
0.08333333333333333,0.075
0.08450704225352113,0.075
0.08571428571428572,0.075
0.08695652173913043,0.075
0.08823529411764706,0.075
0.08955223880597014,0.075
0.09090909090909091,0.075
0.09230769230769231,0.075
0.09375,0.075
0.09523809523809523,0.075
0.0967741935483871,0.075
0.09836065573770492,0.075
0.1,0.075
0.1016949152542373,0.075
0.10344827586206896,0.075
0.08771929824561403,0.0625
0.08928571428571429,0.0625
0.09090909090909091,0.0625
0.09259259259259259,0.0625
0.09433962264150944,0.0625
0.09615384615384616,0.0625
0.0784313725490196,0.05
0.08,0.05
0.08163265306122448,0.05
0.08333333333333333,0.05
0.0851063829787234,0.05
0.08695652173913043,0.05
0.08888888888888889,0.05
0.09090909090909091,0.05
0.09302325581395349,0.05
0.09523809523809523,0.05
0.0975609756097561,0.05
0.075,0.0375
0.07692307692307693,0.0375
0.07894736842105263,0.0375
0.08108108108108109,0.0375
0.08333333333333333,0.0375
0.08571428571428572,0.0375
0.08823529411764706,0.0375
0.09090909090909091,0.0375
0.09375,0.0375
0.0967741935483871,0.0375
0.1,0.0375
0.06896551724137931,0.025
0.07142857142857142,0.025
0.07407407407407407,0.025
0.07692307692307693,0.025
0.08,0.025
0.08333333333333333,0.025
0.08695652173913043,0.025
0.09090909090909091,0.025
0.09523809523809523,0.025
0.1,0.025
0.10526315789473684,0.025
0.1111111111111111,0.025
0.11764705882352941,0.025
0.125,0.025
0.13333333333333333,0.025
0.14285714285714285,0.025
0.15384615384615385,0.025
0.16666666666666666,0.025
0.18181818181818182,0.025
0.2,0.025
0.2222222222222222,0.025
0.25,0.025
0.14285714285714285,0.0125
0.16666666666666666,0.0125
0.0,0.0
0.0,0.0
0.0,0.0
0.0,0.0
0.0,0.0
1.0,0.0
