Precision,Recall
0.032693093583980384,1.0
0.032297628781684386,0.9875
0.032310838445807774,0.9875
0.032324058919803604,0.9875
0.032337290216946375,0.9875
0.03235053235053235,0.9875
0.032363785333879555,0.9875
0.03237704918032787,0.9875
0.03239032390323903,0.9875
0.03240360951599672,0.9875
0.032416906032006566,0.9875
0.032430213464696225,0.9875
0.0324435318275154,0.9875
0.03245686113393591,0.9875
0.03247020139745171,0.9875
0.03248355263157895,0.9875
0.03249691484985603,0.9875
0.03251028806584362,0.9875
0.03252367229312474,0.9875
0.032537067545304776,0.9875
0.032550473836011534,0.9875
0.0325638911788953,0.9875
0.03257731958762886,0.9875
0.03259075907590759,0.9875
0.032604209657449444,0.9875
0.032617671345995046,0.9875
0.032631144155307726,0.9875
0.03264462809917355,0.9875
0.032658123191401406,0.9875
0.032671629445823,0.9875
0.032685146876292925,0.9875
0.03269867549668874,0.9875
0.032712215320910974,0.9875
0.03272576636288318,0.9875
0.03273932863655201,0.9875
0.03275290215588723,0.9875
0.032766486934881794,0.9875
0.03278008298755187,0.9875
0.0327936903279369,0.9875
0.03280730897009967,0.9875
0.0328209389281263,0.9875
0.03283458021612635,0.9875
0.03284823284823285,0.9875
0.03286189683860233,0.9875
0.0328755722014149,0.9875
0.03288925895087427,0.9875
0.03290295710120783,0.9875
0.032916666666666664,0.9875
0.03293038766152564,0.9875
0.0329441201000834,0.9875
0.03295786399666249,0.9875
0.03297161936560935,0.9875
0.03298538622129436,0.9875
0.032999164578111945,0.9875
0.03301295445048057,0.9875
0.03302675585284281,0.9875
0.03304056879966541,0.9875
0.03305439330543933,0.9875
0.033068229384679786,0.9875
0.0330820770519263,0.9875
0.03309593632174277,0.9875
0.03310980720871752,0.9875
0.03312368972746331,0.9875
0.03313758389261745,0.9875
0.0331514897188418,0.9875
0.03316540722082284,0.9875
0.03317933641327173,0.9875
0.03319327731092437,0.9875
0.0332072299285414,0.9875
0.03322119428090833,0.9875
0.03323517038283551,0.9875
0.03324915824915825,0.9875
0.03326315789473684,0.9875
0.03327716933445661,0.9875
0.033291192583227984,0.9875
0.03330522765598651,0.9875
0.03331927456769296,0.9875
0.03333333333333333,0.9875
0.03334740396791895,0.9875
0.033361486486486486,0.9875
0.033375580904098014,0.9875
0.033389687235841084,0.9875
0.03340380549682875,0.9875
0.03341793570219966,0.9875
0.03343207786711807,0.9875
0.03344623200677392,0.9875
0.033460398136382886,0.9875
0.03347457627118644,0.9875
0.033488766426451884,0.9875
0.033502968617472435,0.9875
0.03351718285956724,0.9875
0.03353140916808149,0.9875
0.03354564755838641,0.9875
0.033559898045879354,0.9875
0.03357416064598385,0.9875
0.03358843537414966,0.9875
0.033602722245852826,0.9875
0.03361702127659574,0.9875
0.033631332481907195,0.9875
0.03364565587734242,0.9875
0.03365999147848317,0.9875
0.033674339300937765,0.9875
0.03368869936034115,0.9875
0.03370307167235495,0.9875
0.03371745625266752,0.9875
0.033731853116994025,0.9875
0.03374626228107646,0.9875
0.03376068376068376,0.9875
0.0337751175716118,0.9875
0.03378956372968349,0.9875
0.03380402225074882,0.9875
0.033818493150684935,0.9875
0.033832976445396144,0.9875
0.03384747215081405,0.9875
0.03386198028289756,0.9875
0.033876500857632934,0.9875
0.03389103389103389,0.9875
0.03390557939914163,0.9875
0.0339201373980249,0.9875
0.033934707903780066,0.9875
0.033949290932531156,0.9875
0.033963886500429925,0.9875
0.03397849462365592,0.9875
0.03399311531841653,0.9875
0.03400774860094705,0.9875
0.034022394487510765,0.9875
0.034037052994398964,0.9875
0.03405172413793103,0.9875
0.03406640793445451,0.9875
0.034081104400345126,0.9875
0.03409581355200691,0.9875
0.034110535405872194,0.9875
0.03412526997840173,0.9875
0.0341400172860847,0.9875
0.03415477734543882,0.9875
0.034169550173010384,0.9875
0.0341843357853743,0.9875
0.0341991341991342,0.9875
0.034213945430922474,0.9875
0.03422876949740035,0.9875
0.03424360641525791,0.9875
0.034258456201214225,0.9875
0.03427331887201735,0.9875
0.03428819444444445,0.9875
0.03430308293530178,0.9875
0.03431798436142485,0.9875
0.0343328987396784,0.9875
0.03434782608695652,0.9875
0.03436276642018269,0.9875
0.034377719756309835,0.9875
0.034392686112320416,0.9875
0.03440766550522648,0.9875
0.03442265795206972,0.9875
0.03443766346992153,0.9875
0.034452682075883125,0.9875
0.03446771378708551,0.9875
0.034482758620689655,0.9875
0.03449781659388646,0.9875
0.0345128877238969,0.9875
0.034527972027972025,0.9875
0.03454306952339309,0.9875
0.03455818022747156,0.9875
0.03457330415754924,0.9875
0.03458844133099825,0.9875
0.0346035917652212,0.9875
0.034618755477651184,0.9875
0.03463393248575186,0.9875
0.03464912280701754,0.9875
0.03466432645897324,0.9875
0.03467954345917471,0.9875
0.03469477382520861,0.9875
0.03471001757469244,0.9875
0.03472527472527472,0.9875
0.034740545294635,0.9875
0.034755829300483945,0.9875
0.03477112676056338,0.9875
0.03478643769264641,0.9875
0.03480176211453744,0.9875
0.03481710004407228,0.9875
0.034832451499118164,0.9875
0.03484781649757389,0.9875
0.03486319505736982,0.9875
0.03487858719646799,0.9875
0.03489399293286219,0.9875
0.034909412284577994,0.9875
0.034924845269672856,0.9875
0.03494029190623618,0.9875
0.034955752212389384,0.9875
0.03497122620628597,0.9875
0.034986713906111605,0.9875
0.035002215330084185,0.9875
0.0350177304964539,0.9875
0.03503325942350333,0.9875
0.035048802129547474,0.9875
0.03506435863293387,0.9875
0.03507992895204263,0.9875
0.03509551310528654,0.9875
0.035111111111111114,0.9875
0.035126722987994664,0.9875
0.035142348754448396,0.9875
0.03471295060080107,0.975
0.034728406055209264,0.975
0.03474387527839644,0.975
0.034759358288770054,0.975
0.034774855104770394,0.975
0.03479036574487065,0.975
0.03480589022757698,0.975
0.03482142857142857,0.975
0.034836980794997766,0.975
0.03485254691689008,0.975
0.0348681269557443,0.975
0.03488372093023256,0.975
0.0348993288590604,0.975
0.03491495076096687,0.975
0.03493058665472459,0.975
0.03494623655913978,0.975
0.03496190049305244,0.975
0.03497757847533632,0.975
0.034993270524899055,0.975
0.03500897666068223,0.975
0.03502469690166143,0.975
0.03504043126684636,0.975
0.0350561797752809,0.975
0.03507194244604316,0.975
0.03508771929824561,0.975
0.0351035103510351,0.975
0.035119315623592974,0.975
0.03513513513513514,0.975
0.03515096890491212,0.975
0.0351668169522092,0.975
0.035182679296346414,0.975
0.0351985559566787,0.975
0.035214446952595936,0.975
0.03523035230352303,0.975
0.03524627202892002,0.975
0.0352622061482821,0.975
0.035278154681139755,0.975
0.03484162895927602,0.9625
0.03485740153915799,0.9625
0.034873188405797104,0.9625
0.0348889895786135,0.9625
0.034904805077062555,0.9625
0.03492063492063492,0.9625
0.034936479128856626,0.9625
0.03495233772128915,0.9625
0.03496821071752952,0.9625
0.03498409813721036,0.9625
0.035,0.9625
0.035015916325602546,0.9625
0.03503184713375796,0.9625
0.03504779244424215,0.9625
0.03506375227686703,0.9625
0.03507972665148064,0.9625
0.03509571558796718,0.9625
0.03511171910624715,0.9625
0.03512773722627737,0.9625
0.03514376996805112,0.9625
0.03515981735159817,0.9625
0.035175879396984924,0.9625
0.035191956124314444,0.9625
0.035208047553726564,0.9625
0.035224153705397984,0.9625
0.035240274599542334,0.9625
0.035256410256410256,0.9625
0.03527256069628951,0.9625
0.03528872593950504,0.9625
0.03530490600641907,0.9625
0.035321100917431195,0.9625
0.03533731069297843,0.9625
0.03535353535353535,0.9625
0.03536977491961415,0.9625
0.035386029411764705,0.9625
0.035402298850574714,0.9625
0.03541858325666973,0.9625
0.0354348826507133,0.9625
0.035451197053407,0.9625
0.03546752648549056,0.9625
0.035483870967741936,0.9625
0.03550023052097741,0.9625
0.03551660516605166,0.9625
0.03553299492385787,0.9625
0.035549399815327794,0.9625
0.03556581986143187,0.9625
0.0355822550831793,0.9625
0.03559870550161812,0.9625
0.035615171137835334,0.9625
0.03563165201295696,0.9625
0.03564814814814815,0.9625
0.035664659564613246,0.9625
0.03568118628359592,0.9625
0.03569772832637923,0.9625
0.03571428571428571,0.9625
0.0357308584686775,0.9625
0.03574744661095636,0.9625
0.035764050162563864,0.9625
0.03578066914498141,0.9625
0.03579730357973036,0.9625
0.035813953488372095,0.9625
0.035830618892508145,0.9625
0.03584729981378026,0.9625
0.03586399627387052,0.9625
0.0358807082945014,0.9625
0.035897435897435895,0.9625
0.03591417910447761,0.9625
0.03593093793747083,0.9625
0.03594771241830065,0.9625
0.03596450256889304,0.9625
0.035981308411214954,0.9625
0.035998129967274424,0.9625
0.03601496725912067,0.9625
0.03603182030884417,0.9625
0.03604868913857678,0.9625
0.036065573770491806,0.9625
0.03608247422680412,0.9625
0.03609939052977028,0.9625
0.036116322701688554,0.9625
0.03613327076489911,0.9625
0.03615023474178404,0.9625
0.03616721465476749,0.9625
0.03618421052631579,0.9625
0.03620122237893747,0.9625
0.03621825023518344,0.9625
0.03623529411764706,0.9625
0.036252354048964215,0.9625
0.03626943005181347,0.9625
0.03628652214891612,0.9625
0.036303630363036306,0.9625
0.03632075471698113,0.9625
0.03633789523360075,0.9625
0.03635505193578848,0.9625
0.036372224846480866,0.9625
0.036389413988657845,0.9625
0.03640661938534279,0.9625
0.03642384105960265,0.9625
0.03644107903454804,0.9625
0.036458333333333336,0.9625
0.0364756039791568,0.9625
0.036492890995260666,0.9625
0.036510194404931244,0.9625
0.03652751423149905,0.9625
0.036544850498338874,0.9625
0.0365622032288699,0.9625
0.03657957244655582,0.9625
0.036596958174904944,0.9625
0.03661436043747028,0.9625
0.03663177925784967,0.9625
0.03664921465968586,0.9625
0.03666666666666667,0.9625
0.03668413530252501,0.9625
0.03670162059103908,0.9625
0.03671912255603243,0.9625
0.036736641221374045,0.9625
0.03675417661097852,0.9625
0.03677172874880611,0.9625
0.03678929765886288,0.9625
0.036806883365200764,0.9625
0.036824485891917745,0.9625
0.03684210526315789,0.9625
0.03685974150311154,0.9625
0.036877394636015325,0.9625
0.03689506468615237,0.9625
0.03691275167785235,0.9625
0.036930455635491605,0.9625
0.03694817658349328,0.9625
0.03696591454632741,0.9625
0.036983669548511046,0.9625
0.03700144161460836,0.9625
0.03701923076923077,0.9625
0.037037037037037035,0.9625
0.0370548604427334,0.9625
0.03707270101107366,0.9625
0.03709055876685934,0.9625
0.03710843373493976,0.9625
0.03664416586306654,0.95
0.036661842739990354,0.95
0.03667953667953668,0.95
0.03669724770642202,0.95
0.03671497584541063,0.95
0.03624939584340261,0.9375
0.0362669245647969,0.9375
0.036284470246734396,0.9375
0.03630203291384317,0.9375
0.03631961259079903,0.9375
0.036337209302325583,0.9375
0.036354823073194376,0.9375
0.036372453928225024,0.9375
0.036390101892285295,0.9375
0.03640776699029126,0.9375
0.036425449247207385,0.9375
0.03644314868804665,0.9375
0.036460865337870685,0.9375
0.036478599221789886,0.9375
0.0364963503649635,0.9375
0.0365141187925998,0.9375
0.03653190452995616,0.9375
0.03654970760233918,0.9375
0.036567528035104824,0.9375
0.036585365853658534,0.9375
0.036603221083455345,0.9375
0.03662109375,0.9375
0.03663898387884709,0.9375
0.036656891495601175,0.9375
0.03667481662591687,0.9375
0.03669275929549902,0.9375
0.03671071953010279,0.9375
0.03672869735553379,0.9375
0.03674669279764821,0.9375
0.03627450980392157,0.925
0.036292300147130946,0.925
0.03631010794896958,0.925
0.03632793323514973,0.925
0.036345776031434185,0.925
0.03636363636363636,0.925
0.03638151425762045,0.925
0.03639940973930152,0.925
0.03641732283464567,0.925
0.03643525356967011,0.925
0.03645320197044335,0.925
0.036471168063085264,0.925
0.03648915187376726,0.925
0.036507153428712386,0.925
0.03652517275419546,0.925
0.03654320987654321,0.925
0.036561264822134384,0.925
0.0365793376173999,0.925
0.036597428288822946,0.925
0.03661553686293914,0.925
0.03663366336633663,0.925
0.03665180782565627,0.925
0.036669970267591674,0.925
0.03668815071888944,0.925
0.03670634920634921,0.925
0.03672456575682382,0.925
0.03624627606752731,0.9125
0.03626428216592151,0.9125
0.03628230616302187,0.9125
0.036300348085529587,0.9125
0.03631840796019901,0.9125
0.03633648581383773,0.9125
0.036354581673306775,0.9125
0.036372695565520675,0.9125
0.036390827517447655,0.9125
0.03640897755610972,0.9125
0.03592814371257485,0.9
0.03594608087868198,0.9
0.03596403596403597,0.9
0.035982008995502246,0.9
0.0355,0.8875
0.03551775887943972,0.8875
0.03553553553553553,0.8875
0.035553329994992486,0.8875
0.03557114228456914,0.8875
0.03558897243107769,0.8875
0.03560682046138415,0.8875
0.03562468640240843,0.8875
0.035140562248995984,0.875
0.03515821195379206,0.875
0.035175879396984924,0.875
0.03519356460532931,0.875
0.035211267605633804,0.875
0.035228988424760944,0.875
0.035246727089627394,0.875
0.03526448362720403,0.875
0.03528225806451613,0.875
0.03530005042864347,0.875
0.035317860746720484,0.875
0.0353356890459364,0.875
0.03535353535353535,0.875
0.035371399696816574,0.875
0.03538928210313448,0.875
0.035407182599898834,0.875
0.0354251012145749,0.875
0.035443037974683546,0.875
0.03546099290780142,0.875
0.035478966041561075,0.875
0.035496957403651115,0.875
0.035514967021816335,0.875
0.03553299492385787,0.875
0.03555104113763331,0.875
0.03556910569105691,0.875
0.03558718861209965,0.875
0.03560528992878942,0.875
0.035623409669211195,0.875
0.035641547861507125,0.875
0.03565970453387672,0.875
0.03567787971457696,0.875
0.035696073431922486,0.875
0.03571428571428571,0.875
0.03573251659009699,0.875
0.03575076608784474,0.875
0.03576903423607562,0.875
0.0352760736196319,0.8625
0.03529411764705882,0.8625
0.035312180143295804,0.8625
0.03533026113671275,0.8625
0.0353483606557377,0.8625
0.035366478728856995,0.8625
0.03538461538461538,0.8625
0.03540277065161621,0.8625
0.03542094455852156,0.8625
0.03543913713405239,0.8625
0.03545734840698869,0.8625
0.03547557840616967,0.8625
0.035493827160493825,0.8625
0.035512094698919194,0.8625
0.03553038105046344,0.8625
0.03554868624420402,0.8625
0.03556701030927835,0.8625
0.03558535327488396,0.8625
0.03560371517027864,0.8625
0.035622096024780586,0.8625
0.035640495867768594,0.8625
0.03565891472868217,0.8625
0.035677352637021716,0.8625
0.03569580962234868,0.8625
0.03571428571428571,0.8625
0.035732780942516834,0.8625
0.035751295336787565,0.8625
0.03576982892690513,0.8625
0.03578838174273859,0.8625
0.03580695381421899,0.8625
0.03582554517133956,0.8625
0.035844155844155845,0.8625
0.035862785862785865,0.8625
0.0358814352574103,0.8625
0.03590010405827263,0.8625
0.03591879229567933,0.8625
0.0359375,0.8625
0.03595622720166754,0.8625
0.03597497393117831,0.8625
0.03599374021909233,0.8625
0.0360125260960334,0.8625
0.03603133159268929,0.8625
0.03605015673981191,0.8625
0.03606900156821746,0.8625
0.03608786610878661,0.8625
0.03610675039246468,0.8625
0.03612565445026178,0.8625
0.03614457831325301,0.8625
0.036163522012578615,0.8625
0.03618248557944415,0.8625
0.03620146904512067,0.8625
0.03622047244094488,0.8625
0.03623949579831933,0.8625
0.03625853914871256,0.8625
0.03627760252365931,0.8625
0.036296685954760655,0.8625
0.03631578947368421,0.8625
0.036334913112164295,0.8625
0.03635405690200211,0.8625
0.03637322087506589,0.8625
0.03639240506329114,0.8625
0.03641160949868074,0.8625
0.036430834213305174,0.8625
0.03645007923930269,0.8625
0.03646934460887949,0.8625
0.035959809624537285,0.85
0.03597883597883598,0.85
0.035997882477501325,0.85
0.036016949152542374,0.85
0.036036036036036036,0.85
0.036055143160127257,0.85
0.03607427055702918,0.85
0.036093418259023353,0.85
0.036112586298459905,0.85
0.036131774707757705,0.85
0.03615098351940457,0.85
0.03563829787234043,0.8375
0.03565726450239489,0.8375
0.03567625133120341,0.8375
0.03569525839104955,0.8375
0.03571428571428571,0.8375
0.03573333333333333,0.8375
0.03575240128068303,0.8375
0.03577148958889482,0.8375
0.03579059829059829,0.8375
0.03580972741849278,0.8375
0.03582887700534759,0.8375
0.03584804708400214,0.8375
0.03586723768736617,0.8375
0.035886448848419926,0.8375
0.03590568060021436,0.8375
0.035924932975871314,0.8375
0.03594420600858369,0.8375
0.035963499731615674,0.8375
0.0359828141783029,0.8375
0.03600214938205266,0.8375
0.03602150537634408,0.8375
0.03604088219472835,0.8375
0.03606027987082885,0.8375
0.03607969843834141,0.8375
0.03609913793103448,0.8375
0.03611859838274933,0.8375
0.036138079827400214,0.8375
0.03615758229897464,0.8375
0.036177105831533475,0.8375
0.036196650459211235,0.8375
0.036216216216216214,0.8375
0.03623580313683072,0.8375
0.036255411255411256,0.8375
0.03627504060638874,0.8375
0.03629469122426869,0.8375
0.036314363143631435,0.8375
0.03633405639913232,0.8375
0.0363537710255019,0.8375
0.03637350705754615,0.8375
0.03639326453014666,0.8375
0.03641304347826087,0.8375
0.03643284393692224,0.8375
0.03645266594124048,0.8375
0.03647250952640174,0.8375
0.03649237472766884,0.8375
0.03651226158038147,0.8375
0.03653217011995638,0.8375
0.036552100381887616,0.8375
0.03657205240174673,0.8375
0.03659202621518296,0.8375
0.0366120218579235,0.8375
0.036632039365773646,0.8375
0.03665207877461707,0.8375
0.03667214012041598,0.8375
0.03669222343921139,0.8375
0.03671232876712329,0.8375
0.03673245614035088,0.8375
0.036752605595172794,0.8375
0.03677277716794731,0.8375
0.036792970895112576,0.8375
0.036813186813186814,0.8375
0.036833424958768554,0.8375
0.03685368536853685,0.8375
0.036873968079251515,0.8375
0.036894273127753306,0.8375
0.03691460055096419,0.8375
0.03693495038588754,0.8375
0.03695532266960838,0.8375
0.0369757174392936,0.8375
0.03699613473219216,0.8375
0.037016574585635356,0.8375
0.037037037037037035,0.8375
0.03705752212389381,0.8375
0.03707802988378528,0.8375
0.03709856035437431,0.8375
0.0371191135734072,0.8375
0.03713968957871397,0.8375
0.03716028840820854,0.8375
0.03718091009988901,0.8375
0.03720155469183787,0.8375
0.03722222222222222,0.8375
0.03724291272929405,0.8375
0.03726362625139043,0.8375
0.03728436282693378,0.8375
0.037305122494432075,0.8375
0.03732590529247911,0.8375
0.037346711259754736,0.8375
0.0373675404350251,0.8375
0.037388392857142856,0.8375
0.03740926856504746,0.8375
0.037430167597765365,0.8375
0.03745108999441028,0.8375
0.03747203579418344,0.8375
0.03749300503637381,0.8375
0.037513997760358346,0.8375
0.03753501400560224,0.8375
0.03755605381165919,0.8375
0.03757711721817162,0.8375
0.037598204264870934,0.8375
0.037619314991577765,0.8375
0.037640449438202245,0.8375
0.03766160764474424,0.8375
0.03768278965129359,0.8375
0.037703995498030385,0.8375
0.03772522522522523,0.8375
0.03774647887323944,0.8375
0.037767756482525366,0.8375
0.03778905809362662,0.8375
0.03781038374717833,0.8375
0.0378317334839074,0.8375
0.03785310734463277,0.8375
0.03787450537026569,0.8375
0.03789592760180995,0.8375
0.03791737408036219,0.8375
0.037938844847112116,0.8375
0.037960339943342775,0.8375
0.03798185941043084,0.8375
0.03800340328984685,0.8375
0.038024971623155504,0.8375
0.0380465644520159,0.8375
0.03806818181818182,0.8375
0.03808982376350199,0.8375
0.03811149032992037,0.8375
0.03813318155947638,0.8375
0.038154897494305236,0.8375
0.038176638176638175,0.8375
0.03819840364880274,0.8375
0.03822019395322305,0.8375
0.03824200913242009,0.8375
0.03826384922901199,0.8375
0.038285714285714284,0.8375
0.038307604345340196,0.8375
0.03832951945080092,0.8375
0.0383514596451059,0.8375
0.03837342497136312,0.8375
0.038395415472779366,0.8375
0.03841743119266055,0.8375
0.0378657487091222,0.825
0.03788748564867968,0.825
0.03790924755887421,0.825
0.03793103448275862,0.825
0.03795284646348476,0.825
0.0379746835443038,0.825
0.037996545768566495,0.825
0.038018433179723504,0.825
0.03804034582132565,0.825
0.03806228373702422,0.825
0.038084246970571264,0.825
0.03810623556581986,0.825
0.038128249566724434,0.825
0.03815028901734104,0.825
0.038172353961827644,0.825
0.03819444444444445,0.825
0.03821656050955414,0.825
0.038238702201622246,0.825
0.03768115942028986,0.8125
0.037703016241299306,0.8125
0.03772489843296576,0.8125
0.03774680603948897,0.8125
0.03776873910517141,0.8125
0.0377906976744186,0.8125
0.03781268179173938,0.8125
0.03783469150174622,0.8125
0.0378567268491555,0.8125
0.03787878787878788,0.8125
0.037900874635568516,0.8125
0.037922987164527425,0.8125
0.03794512551079977,0.8125
0.037967289719626166,0.8125
0.03798947983635301,0.8125
0.038011695906432746,0.8125
0.038033937975424224,0.8125
0.038056206088992975,0.8125
0.038078500292911543,0.8125
0.038100820633059786,0.8125
0.03812316715542522,0.8125
0.03814553990610329,0.8125
0.03816793893129771,0.8125
0.038190364277320796,0.8125
0.03821281599059377,0.8125
0.03823529411764706,0.8125
0.03766921718658034,0.8
0.03769140164899882,0.8
0.03771361225692398,0.8
0.03773584905660377,0.8
0.03775811209439528,0.8
0.03778040141676505,0.8
0.03780271707028943,0.8
0.037825059101654845,0.8
0.03784742755765819,0.8
0.0378698224852071,0.8
0.037892243931320305,0.8
0.037914691943127965,0.8
0.03793716656787196,0.8
0.03795966785290629,0.8
0.03798219584569733,0.8
0.03800475059382423,0.8
0.038027332144979206,0.8
0.03804994054696789,0.8
0.0380725758477097,0.8
0.0380952380952381,0.8
0.038117927337701016,0.8
0.03814064362336114,0.8
0.0381633870005963,0.8
0.03818615751789976,0.8
0.0382089552238806,0.8
0.038231780167264036,0.8
0.03825463239689181,0.8
0.03827751196172249,0.8
0.038300418910831836,0.8
0.03832335329341317,0.8
0.03834631515877771,0.8
0.03836930455635491,0.8
0.03839232153569286,0.8
0.03841536614645858,0.8
0.03843843843843844,0.8
0.038461538461538464,0.8
0.03848466626578473,0.8
0.03850782190132371,0.8
0.03853100541842264,0.8
0.03855421686746988,0.8
0.038577456298975285,0.8
0.038600723763570564,0.8
0.03862401931200966,0.8
0.03864734299516908,0.8
0.03867069486404834,0.8
0.03869407496977025,0.8
0.03871748336358137,0.8
0.0387409200968523,0.8
0.03815869170199879,0.7875
0.038181818181818185,0.7875
0.03820497271073378,0.7875
0.03822815533980582,0.7875
0.03825136612021858,0.7875
0.03827460510328068,0.7875
0.03829787234042553,0.7875
0.03832116788321168,0.7875
0.03834449178332319,0.7875
0.03836784409257003,0.7875
0.038391224862888484,0.7875
0.03841463414634146,0.7875
0.03843807199511898,0.7875
0.038461538461538464,0.7875
0.037874160048869884,0.775
0.037897310513447434,0.775
0.037920489296636085,0.775
0.037943696450428395,0.775
0.037966932026944275,0.775
0.03799019607843137,0.775
0.03801348865726548,0.775
0.03803680981595092,0.775
0.03806015960712093,0.775
0.038083538083538086,0.775
0.03810694529809465,0.775
0.038130381303813035,0.775
0.03753846153846154,0.7625
0.037561576354679806,0.7625
0.03758471965495995,0.7625
0.0376078914919852,0.7625
0.03763109191856878,0.7625
0.037654320987654324,0.7625
0.03767757875231625,0.7625
0.0377008652657602,0.7625
0.03772418058132344,0.7625
0.037747524752475246,0.7625
0.03777089783281734,0.7625
0.037794299876084264,0.7625
0.03781773093614383,0.7625
0.03784119106699752,0.7625
0.03786468032278088,0.7625
0.037888198757763975,0.7625
0.03791174642635177,0.7625
0.03793532338308458,0.7625
0.037958929682638455,0.7625
0.03798256537982565,0.7625
0.038006230529595016,0.7625
0.038029925187032416,0.7625
0.038053649407361195,0.7625
0.038077403245942575,0.7625
0.038101186758276076,0.7625
0.038125,0.7625
0.03814884302689181,0.7625
0.038172715894868585,0.7625
0.03757044458359424,0.75
0.03759398496240601,0.75
0.03761755485893417,0.75
0.037641154328732745,0.75
0.03766478342749529,0.75
0.03768844221105527,0.75
0.03771213073538655,0.75
0.03773584905660377,0.75
0.03775959723096287,0.75
0.037783375314861464,0.75
0.03780718336483932,0.75
0.03783102143757881,0.75
0.03785488958990536,0.75
0.03787878787878788,0.75
0.03790271636133923,0.75
0.03792667509481669,0.75
0.03795066413662239,0.75
0.0379746835443038,0.75
0.03799873337555415,0.75
0.03802281368821293,0.75
0.03804692454026633,0.75
0.03807106598984772,0.75
0.0380952380952381,0.75
0.03811944091486658,0.75
0.03814367450731087,0.75
0.03816793893129771,0.75
0.03819223424570337,0.75
0.0375796178343949,0.7375
0.03760356915232632,0.7375
0.03762755102040816,0.7375
0.03765156349712827,0.7375
0.037675606641123884,0.7375
0.03769968051118211,0.7375
0.037723785166240406,0.7375
0.037747920665387076,0.7375
0.03777208706786172,0.7375
0.03779628443305574,0.7375
0.03782051282051282,0.7375
0.03784477228992944,0.7375
0.037869062901155326,0.7375
0.03789338471419396,0.7375
0.037917737789203085,0.7375
0.037942122186495175,0.7375
0.03796653796653797,0.7375
0.037990985189954925,0.7375
0.03801546391752577,0.7375
0.038039974210186976,0.7375
0.03806451612903226,0.7375
0.03808908973531311,0.7375
0.03811369509043928,0.7375
0.03813833225597932,0.7375
0.03816300129366106,0.7375
0.038187702265372166,0.7375
0.03821243523316062,0.7375
0.03823720025923526,0.7375
0.03826199740596628,0.7375
0.038286826735885786,0.7375
0.03831168831168831,0.7375
0.03833658219623132,0.7375
0.0377113133940182,0.725
0.03708523096942095,0.7125
0.037109375,0.7125
0.03713355048859935,0.7125
0.037157757496740544,0.7125
0.03718199608610567,0.7125
0.03720626631853786,0.7125
0.037230568256041804,0.7125
0.03725490196078431,0.7125
0.03727926749509483,0.7125
0.037303664921465966,0.7125
0.03732809430255403,0.7125
0.037352555701179554,0.7125
0.037377049180327866,0.7125
0.03740157480314961,0.7125
0.03742613263296126,0.7125
0.03745072273324573,0.7125
0.03747534516765286,0.7125
0.0375,0.7125
0.037524687294272545,0.7125
0.037549407114624504,0.7125
0.037574159525379035,0.7125
0.037598944591029027,0.7125
0.03762376237623762,0.7125
0.037648612945838836,0.7125
0.03767349636483807,0.7125
0.037698412698412696,0.7125
0.03772336201191264,0.7125
0.03774834437086093,0.7125
0.03777335984095427,0.7125
0.03779840848806366,0.7125
0.0378234903782349,0.7125
0.037848605577689244,0.7125
0.03787375415282392,0.7125
0.03789893617021277,0.7125
0.03792415169660679,0.7125
0.03794940079893475,0.7125
0.0379746835443038,0.7125
0.038,0.7125
0.037358238825883926,0.7
0.037383177570093455,0.7
0.03740814963259853,0.7
0.0374331550802139,0.7
0.03745819397993311,0.7
0.03748326639892905,0.7
0.03750837240455459,0.7
0.03753351206434316,0.7
0.03755868544600939,0.7
0.03758389261744966,0.7
0.03760913364674278,0.7
0.03763440860215054,0.7
0.03765971755211836,0.7
0.03768506056527591,0.7
0.03771043771043771,0.7
0.03773584905660377,0.7
0.037086985839514496,0.6875
0.037112010796221326,0.6875
0.03713706954760297,0.6875
0.037162162162162164,0.6875
0.03718728870858688,0.6875
0.03721244925575101,0.6875
0.037237643872714964,0.6875
0.03726287262872629,0.6875
0.03728813559322034,0.6875
0.03731343283582089,0.6875
0.0373387644263408,0.6875
0.03736413043478261,0.6875
0.037389530931339225,0.6875
0.03741496598639456,0.6875
0.037440435670524165,0.6875
0.03746594005449591,0.6875
0.03749147920927062,0.6875
0.03751705320600273,0.6875
0.03754266211604096,0.6875
0.03756830601092896,0.6875
0.03759398496240601,0.6875
0.03761969904240766,0.6875
0.03764544832306639,0.6875
0.03767123287671233,0.6875
0.03769705277587389,0.6875
0.03772290809327846,0.6875
0.03774879890185312,0.6875
0.03777472527472527,0.6875
0.037800687285223365,0.6875
0.03782668500687758,0.6875
0.03785271851342051,0.6875
0.03787878787878788,0.6875
0.03790489317711923,0.6875
0.03793103448275862,0.6875
0.03795721187025535,0.6875
0.03798342541436464,0.6875
0.03800967519004837,0.6875
0.03803596127247579,0.6875
0.03806228373702422,0.6875
0.038088642659279776,0.6875
0.038115038115038115,0.6875
0.03814147018030513,0.6875
0.03816793893129771,0.6875
0.03819444444444445,0.6875
0.03822098679638638,0.6875
0.03824756606397774,0.6875
0.038274182324286705,0.6875
0.037604456824512536,0.675
0.037630662020905925,0.675
0.03765690376569038,0.675
0.03698534542916958,0.6625
0.037011173184357544,0.6625
0.037037037037037035,0.6625
0.03706293706293706,0.6625
0.0370888733379986,0.6625
0.03711484593837535,0.6625
0.03714085494043448,0.6625
0.03716690042075736,0.6625
0.037192982456140354,0.6625
0.037219101123595506,0.6625
0.03724525650035137,0.6625
0.03727144866385373,0.6625
0.03729767769176636,0.6625
0.03732394366197183,0.6625
0.037350246652572236,0.6625
0.03737658674188998,0.6625
0.03669724770642202,0.65
0.03672316384180791,0.65
0.03674911660777385,0.65
0.036775106082036775,0.65
0.03680113234253362,0.65
0.036827195467422094,0.65
0.0368532955350815,0.65
0.03687943262411347,0.65
0.036905606813342796,0.65
0.036931818181818184,0.65
0.03695806680881308,0.65
0.03698435277382646,0.65
0.03701067615658363,0.65
0.037037037037037035,0.65
0.03706343549536707,0.65
0.037089871611982884,0.65
0.037116345467523196,0.65
0.037142857142857144,0.65
0.03716940671908506,0.65
0.03719599427753934,0.65
0.03722261989978525,0.65
0.03724928366762178,0.65
0.03727598566308244,0.65
0.03730272596843615,0.65
0.03732950466618808,0.65
0.03735632183908046,0.65
0.037383177570093455,0.65
0.03741007194244604,0.65
0.037437005039596835,0.65
0.037463976945244955,0.65
0.03749098774333093,0.65
0.03751803751803752,0.65
0.03754512635379061,0.65
0.03757225433526012,0.65
0.03759942154736081,0.65
0.03762662807525326,0.65
0.03765387400434468,0.65
0.03768115942028986,0.65
0.03770848440899202,0.65
0.03773584905660377,0.65
0.03776325344952796,0.65
0.0377906976744186,0.65
0.03781818181818182,0.65
0.03784570596797671,0.65
0.037873270211216316,0.65
0.037900874635568516,0.65
0.03792851932895697,0.65
0.03795620437956204,0.65
0.03798392987582177,0.65
0.038011695906432746,0.65
0.038039502560351136,0.65
0.03806734992679356,0.65
0.0380952380952381,0.65
0.03812316715542522,0.65
0.03815113719735877,0.65
0.0381791483113069,0.65
0.03820720058780309,0.65
0.03823529411764706,0.65
0.03826342899190582,0.65
0.03829160530191458,0.65
0.03831982313927782,0.65
0.038348082595870206,0.65
0.03837638376383764,0.65
0.03840472673559823,0.65
0.038433111603843315,0.65
0.038461538461538464,0.65
0.0384900074019245,0.65
0.03851851851851852,0.65
0.0385470719051149,0.65
0.03857566765578635,0.65
0.038604305864884926,0.65
0.03863298662704309,0.65
0.038661710037174724,0.65
0.03869047619047619,0.65
0.0387192851824274,0.65
0.038748137108792845,0.65
0.03877703206562267,0.65
0.03880597014925373,0.65
0.038834951456310676,0.65
0.03886397608370702,0.65
0.03889304412864622,0.65
0.038922155688622756,0.65
0.03895131086142322,0.65
0.038980509745127435,0.65
0.03900975243810953,0.65
0.03903903903903904,0.65
0.03906836964688205,0.65
0.039097744360902256,0.65
0.03912716328066215,0.65
0.0391566265060241,0.65
0.03918613413715147,0.65
0.0392156862745098,0.65
0.03924528301886793,0.65
0.03927492447129909,0.65
0.039304610733182165,0.65
0.039334341906202726,0.65
0.03936411809235428,0.65
0.03939393939393939,0.65
0.039423805913570885,0.65
0.03945371775417299,0.65
0.039483675018982534,0.65
0.03951367781155015,0.65
0.03954372623574144,0.65
0.0395738203957382,0.65
0.039603960396039604,0.65
0.039634146341463415,0.65
0.03966437833714721,0.65
0.03969465648854962,0.65
0.03972498090145149,0.65
0.039755351681957186,0.65
0.03978576893649579,0.65
0.039816232771822356,0.65
0.03984674329501916,0.65
0.03987730061349693,0.65
0.039907904834996163,0.65
0.039938556067588324,0.65
0.03996925441967717,0.65
0.04,0.65
0.04003079291762895,0.65
0.040061633281972264,0.65
0.040092521202775636,0.65
0.03935185185185185,0.6375
0.039382239382239385,0.6375
0.03941267387944358,0.6375
0.03944315545243619,0.6375
0.039473684210526314,0.6375
0.039504260263361735,0.6375
0.03953488372093023,0.6375
0.0395655546935609,0.6375
0.039596273291925464,0.6375
0.039627039627039624,0.6375
0.03965785381026438,0.6375
0.03968871595330739,0.6375
0.0397196261682243,0.6375
0.03975058456742011,0.6375
0.039781591263650544,0.6375
0.03981264637002342,0.6375
0.03984375,0.6375
0.039093041438623924,0.625
0.03912363067292645,0.625
0.03915426781519186,0.625
0.03918495297805643,0.625
0.0392156862745098,0.625
0.03924646781789639,0.625
0.03927729772191673,0.625
0.03930817610062893,0.625
0.03933910306845004,0.625
0.03937007874015748,0.625
0.039401103230890466,0.625
0.03943217665615142,0.625
0.03946329913180742,0.625
0.03949447077409163,0.625
0.039525691699604744,0.625
0.03955696202531646,0.625
0.0395882818685669,0.625
0.039619651347068144,0.625
0.03965107057890563,0.625
0.03968253968253968,0.625
0.03971405877680699,0.625
0.0397456279809221,0.625
0.03977724741447892,0.625
0.03980891719745223,0.625
0.0398406374501992,0.625
0.03987240829346093,0.625
0.03990422984836393,0.625
0.03913738019169329,0.6125
0.03916866506794564,0.6125
0.0392,0.6125
0.03923138510808647,0.6125
0.03926282051282051,0.6125
0.03929430633520449,0.6125
0.03932584269662921,0.6125
0.0393574297188755,0.6125
0.03938906752411576,0.6125
0.039420756234915526,0.6125
0.039452495974235106,0.6125
0.0394842868654311,0.6125
0.03951612903225806,0.6125
0.03954802259887006,0.6125
0.0395799676898223,0.6125
0.039611964430072755,0.6125
0.03964401294498382,0.6125
0.03967611336032389,0.6125
0.03970826580226904,0.6125
0.039740470397404706,0.6125
0.03977272727272727,0.6125
0.039805036555645816,0.6125
0.03983739837398374,0.6125
0.03986981285598047,0.6125
0.039902280130293157,0.6125
0.03993480032599837,0.6125
0.0399673735725938,0.6125
0.04,0.6125
0.04003267973856209,0.6125
0.04006541291905151,0.6125
0.040098199672667756,0.6125
0.03931203931203931,0.6
0.03934426229508197,0.6
0.03937653814602133,0.6
0.03940886699507389,0.6
0.03944124897288414,0.6
0.039473684210526314,0.6
0.03950617283950617,0.6
0.039538714991762765,0.6
0.03957131079967024,0.6
0.039603960396039604,0.6
0.03963666391412056,0.6
0.03966942148760331,0.6
0.03970223325062035,0.6
0.039735099337748346,0.6
0.03976801988400994,0.6
0.03980099502487562,0.6
0.03983402489626556,0.6
0.03986710963455149,0.6
0.0399002493765586,0.6
0.03993344425956739,0.6
0.03996669442131557,0.6
0.04,0.6
0.040033361134278564,0.6
0.04006677796327212,0.6
0.040100250626566414,0.6
0.04013377926421405,0.6
0.03933054393305439,0.5875
0.03936348408710218,0.5875
0.039396479463537304,0.5875
0.03942953020134228,0.5875
0.03946263643996641,0.5875
0.03949579831932773,0.5875
0.03952901597981497,0.5875
0.03956228956228956,0.5875
0.039595619208087615,0.5875
0.03962900505902192,0.5875
0.039662447257383965,0.5875
0.03969594594594594,0.5875
0.039729501267962805,0.5875
0.03976311336717428,0.5875
0.03979678238780694,0.5875
0.03983050847457627,0.5875
0.03986429177268872,0.5875
0.039898132427843805,0.5875
0.03993203058623619,0.5875
0.039965986394557826,0.5875
0.04,0.5875
0.04003407155025554,0.5875
0.040068201193520885,0.5875
0.04010238907849829,0.5875
0.04013663535439795,0.5875
0.040170940170940174,0.5875
0.04020530367835757,0.5875
0.04023972602739726,0.5875
0.04027420736932305,0.5875
0.04030874785591767,0.5875
0.04034334763948498,0.5875
0.040378006872852236,0.5875
0.040412725709372314,0.5875
0.04044750430292599,0.5875
0.040482342807924204,0.5875
0.04051724137931034,0.5875
0.04055220017256255,0.5875
0.04058721934369603,0.5875
0.04062229904926534,0.5875
0.04065743944636678,0.5875
0.04069264069264069,0.5875
0.04072790294627383,0.5875
0.040763226366001735,0.5875
0.04079861111111111,0.5875
0.04083405734144222,0.5875
0.0408695652173913,0.5875
0.040905134899912966,0.5875
0.040940766550522645,0.5875
0.04010462074978204,0.575
0.04013961605584642,0.575
0.04017467248908297,0.575
0.04020979020979021,0.575
0.04024496937882765,0.575
0.040280210157618214,0.575
0.040315512708150744,0.575
0.04035087719298246,0.575
0.04038630377524144,0.575
0.040421792618629174,0.575
0.040457343887423045,0.575
0.040492957746478875,0.575
0.04052863436123348,0.575
0.04056437389770723,0.575
0.04060017652250662,0.575
0.04063604240282685,0.575
0.040671971706454466,0.575
0.04070796460176991,0.575
0.04074402125775022,0.575
0.040780141843971635,0.575
0.04081632653061224,0.575
0.04085257548845471,0.575
0.04088888888888889,0.575
0.04092526690391459,0.575
0.04096170970614425,0.575
0.040998217468805706,0.575
0.04103479036574487,0.575
0.04107142857142857,0.575
0.041108132260947276,0.575
0.04114490161001789,0.575
0.04118173679498657,0.575
0.04121863799283154,0.575
0.04125560538116592,0.575
0.04129263913824058,0.575
0.04132973944294699,0.575
0.04136690647482014,0.575
0.041404140414041404,0.575
0.04144144144144144,0.575
0.04147880973850315,0.575
0.04151624548736462,0.575
0.04155374887082204,0.575
0.0406871609403255,0.5625
0.04072398190045249,0.5625
0.04076086956521739,0.5625
0.04079782411604715,0.5625
0.04083484573502722,0.5625
0.04087193460490463,0.5625
0.04090909090909091,0.5625
0.040036396724294813,0.55
0.04007285974499089,0.55
0.040109389243391066,0.55
0.040145985401459854,0.55
0.04018264840182648,0.55
0.04021937842778794,0.55
0.04025617566331199,0.55
0.040293040293040296,0.55
0.03941338221814849,0.5375
0.03944954128440367,0.5375
0.03948576675849403,0.5375
0.03952205882352941,0.5375
0.03955841766329347,0.5375
0.03959484346224678,0.5375
0.03963133640552995,0.5375
0.03966789667896679,0.5375
0.03970452446906741,0.5375
0.03974121996303143,0.5375
0.039777983348751156,0.5375
0.03981481481481482,0.5375
0.03985171455050973,0.5375
0.039888682745825604,0.5375
0.039925719591457756,0.5375
0.039962825278810406,0.5375
0.04,0.5375
0.04003724394785847,0.5375
0.04007455731593663,0.5375
0.03917910447761194,0.525
0.0392156862745098,0.525
0.03925233644859813,0.525
0.03928905519176801,0.525
0.03932584269662921,0.525
0.03936269915651359,0.525
0.039399624765478425,0.525
0.03943661971830986,0.525
0.039473684210526314,0.525
0.03857008466603951,0.5125
0.038606403013182675,0.5125
0.03864278982092366,0.5125
0.03773584905660377,0.5
0.03777148253068933,0.5
0.03780718336483932,0.5
0.03784295175023652,0.5
0.03787878787878788,0.5
0.037914691943127965,0.5
0.03795066413662239,0.5
0.03798670465337132,0.5
0.03802281368821293,0.5
0.038058991436726926,0.5
0.0380952380952381,0.5
0.03813155386081983,0.5
0.03816793893129771,0.5
0.038204393505253106,0.5
0.03824091778202677,0.5
0.03827751196172249,0.5
0.038314176245210725,0.5
0.038350910834132314,0.5
0.03838771593090211,0.5
0.03842459173871278,0.5
0.038461538461538464,0.5
0.03849855630413859,0.5
0.038535645472061654,0.5
0.03857280617164899,0.5
0.03861003861003861,0.5
0.03864734299516908,0.5
0.03868471953578337,0.5
0.03872216844143272,0.5
0.03875968992248062,0.5
0.038797284190106696,0.5
0.038834951456310676,0.5
0.038872691933916424,0.5
0.038910505836575876,0.5
0.03894839337877313,0.5
0.03898635477582846,0.5
0.03902439024390244,0.5
0.0390625,0.5
0.039100684261974585,0.5
0.03913894324853229,0.5
0.039177277179236046,0.5
0.0392156862745098,0.5
0.03925417075564279,0.5
0.03929273084479371,0.5
0.03933136676499508,0.5
0.03937007874015748,0.5
0.03940886699507389,0.5
0.03944773175542406,0.5
0.039486673247778874,0.5
0.039525691699604744,0.5
0.03857566765578635,0.4875
0.03861386138613861,0.4875
0.03865213082259663,0.4875
0.03869047619047619,0.4875
0.038728897715988087,0.4875
0.03876739562624255,0.4875
0.03880597014925373,0.4875
0.03884462151394422,0.4875
0.038883349950149554,0.4875
0.038922155688622756,0.4875
0.03896103896103896,0.4875
0.039,0.4875
0.03903903903903904,0.4875
0.03907815631262525,0.4875
0.03911735205616851,0.4875
0.0391566265060241,0.4875
0.03919597989949749,0.4875
0.039235412474849095,0.4875
0.03927492447129909,0.4875
0.03931451612903226,0.4875
0.039354187689202826,0.4875
0.03939393939393939,0.4875
0.03943377148634985,0.4875
0.039473684210526314,0.4875
0.03951367781155015,0.4875
0.03955375253549696,0.4875
0.03959390862944162,0.4875
0.039634146341463415,0.4875
0.03967446592065107,0.4875
0.03971486761710794,0.4875
0.039755351681957186,0.4875
0.03979591836734694,0.4875
0.03983656792645557,0.4875
0.03987730061349693,0.4875
0.03991811668372569,0.4875
0.039959016393442626,0.4875
0.04,0.4875
0.04004106776180698,0.4875
0.040082219938335044,0.4875
0.040123456790123455,0.4875
0.04016477857878476,0.4875
0.04020618556701031,0.4875
0.04024767801857585,0.4875
0.040289256198347105,0.4875
0.04033092037228542,0.4875
0.040372670807453416,0.4875
0.04041450777202073,0.4875
0.04045643153526971,0.4875
0.040498442367601244,0.4875
0.04054054054054054,0.4875
0.04058272632674298,0.4875
0.040625,0.4875
0.040667361835245046,0.4875
0.0407098121085595,0.4875
0.04075235109717868,0.4875
0.04079497907949791,0.4875
0.040837696335078534,0.4875
0.040880503144654086,0.4875
0.040923399790136414,0.4875
0.03991596638655462,0.475
0.03995793901156677,0.475
0.04,0.475
0.040042149631190724,0.475
0.04008438818565401,0.475
0.04012671594508976,0.475
0.040169133192389,0.475
0.04021164021164021,0.475
0.04025423728813559,0.475
0.04029692470837752,0.475
0.040339702760084924,0.475
0.040382571732199786,0.475
0.04042553191489362,0.475
0.04046858359957402,0.475
0.04051172707889126,0.475
0.04055496264674493,0.475
0.0405982905982906,0.475
0.040641711229946524,0.475
0.04068522483940043,0.475
0.04072883172561629,0.475
0.0407725321888412,0.475
0.04081632653061224,0.475
0.04086021505376344,0.475
0.04090419806243272,0.475
0.040948275862068964,0.475
0.040992448759439054,0.475
0.04103671706263499,0.475
0.04108108108108108,0.475
0.04112554112554113,0.475
0.041170097508125676,0.475
0.04121475054229935,0.475
0.04125950054288816,0.475
0.041304347826086954,0.475
0.041349292709466814,0.475
0.04139433551198257,0.475
0.04143947655398037,0.475
0.04148471615720524,0.475
0.041530054644808745,0.475
0.04157549234135667,0.475
0.0416210295728368,0.475
0.041666666666666664,0.475
0.04171240395170143,0.475
0.041758241758241756,0.475
0.041804180418041806,0.475
0.04185022026431718,0.475
0.04189636163175303,0.475
0.04194260485651214,0.475
0.041988950276243095,0.475
0.0420353982300885,0.475
0.042081949058693245,0.475
0.04212860310421286,0.475
0.042175360710321866,0.475
0.042222222222222223,0.475
0.042269187986651836,0.475
0.042316258351893093,0.475
0.042363433667781496,0.475
0.04241071428571429,0.475
0.042458100558659215,0.475
0.042505592841163314,0.475
0.0425531914893617,0.475
0.042600896860986545,0.475
0.04264870931537598,0.475
0.04269662921348315,0.475
0.04274465691788527,0.475
0.04279279279279279,0.475
0.04284103720405862,0.475
0.04288939051918736,0.475
0.04293785310734463,0.475
0.042986425339366516,0.475
0.04303510758776897,0.475
0.04308390022675737,0.475
0.043132803632236094,0.475
0.04318181818181818,0.475
0.04323094425483504,0.475
0.04328018223234624,0.475
0.043329532497149374,0.475
0.04337899543378995,0.475
0.04228571428571429,0.4625
0.04233409610983982,0.4625
0.042382588774341354,0.4625
0.04243119266055046,0.4625
0.04247990815154994,0.4625
0.04252873563218391,0.4625
0.04257767548906789,0.4625
0.04262672811059908,0.4625
0.04267589388696655,0.4625
0.042725173210161664,0.4625
0.04277456647398844,0.4625
0.04282407407407408,0.4625
0.04171494785631518,0.45
0.04176334106728538,0.45
0.041811846689895474,0.45
0.04186046511627907,0.45
0.04190919674039581,0.45
0.04195804195804196,0.45
0.042007001166861145,0.45
0.04205607476635514,0.45
0.042105263157894736,0.45
0.04215456674473068,0.45
0.04220398593200469,0.45
0.04225352112676056,0.45
0.04230317273795535,0.45
0.042352941176470586,0.45
0.04240282685512368,0.45
0.04245283018867924,0.45
0.04250295159386069,0.45
0.0425531914893617,0.45
0.04260355029585799,0.45
0.04265402843601896,0.45
0.042704626334519574,0.45
0.04275534441805225,0.45
0.04280618311533888,0.45
0.04285714285714286,0.45
0.04290822407628129,0.45
0.04295942720763723,0.45
0.043010752688172046,0.45
0.0430622009569378,0.45
0.04311377245508982,0.45
0.04316546762589928,0.45
0.04321728691476591,0.45
0.04326923076923077,0.45
0.04332129963898917,0.45
0.043373493975903614,0.45
0.04342581423401689,0.45
0.043478260869565216,0.45
0.04353083434099154,0.45
0.043583535108958835,0.45
0.04363636363636364,0.45
0.043689320388349516,0.45
0.04374240583232078,0.45
0.043795620437956206,0.45
0.0438489646772229,0.45
0.04390243902439024,0.45
0.04395604395604396,0.45
0.044009779951100246,0.45
0.044063647490820076,0.45
0.04411764705882353,0.45
0.044171779141104296,0.45
0.044226044226044224,0.45
0.04428044280442804,0.45
0.04433497536945813,0.45
0.04438964241676942,0.45
0.044444444444444446,0.45
0.04449938195302843,0.45
0.04455445544554455,0.45
0.04460966542750929,0.45
0.04466501240694789,0.45
0.043478260869565216,0.4375
0.043532338308457715,0.4375
0.043586550435865505,0.4375
0.043640897755610975,0.4375
0.04369538077403246,0.4375
0.04375,0.4375
0.04380475594493116,0.4375
0.043859649122807015,0.4375
0.043914680050188205,0.4375
0.04396984924623116,0.4375
0.0440251572327044,0.4375
0.04408060453400504,0.4375
0.044136191677175286,0.4375
0.04419191919191919,0.4375
0.04424778761061947,0.4375
0.04430379746835443,0.4375
0.043092522179974654,0.425
0.04314720812182741,0.425
0.043202033036848796,0.425
0.043256997455470736,0.425
0.04331210191082802,0.425
0.04336734693877551,0.425
0.04342273307790549,0.425
0.043478260869565216,0.425
0.04353393085787452,0.425
0.04358974358974359,0.425
0.04236200256739409,0.4125
0.042416452442159386,0.4125
0.04247104247104247,0.4125
0.04252577319587629,0.4125
0.04258064516129032,0.4125
0.04263565891472868,0.4125
0.042690815006468305,0.4125
0.042746113989637305,0.4125
0.042801556420233464,0.4125
0.04285714285714286,0.4125
0.04291287386215865,0.4125
0.04296875,0.4125
0.04302477183833116,0.4125
0.04308093994778068,0.4125
0.043137254901960784,0.4125
0.041884816753926704,0.4
0.04193971166448231,0.4
0.04199475065616798,0.4
0.04204993429697766,0.4
0.042105263157894736,0.4
0.04216073781291173,0.4
0.04221635883905013,0.4
0.04227212681638045,0.4
0.042328042328042326,0.4
0.0423841059602649,0.4
0.042440318302387266,0.4
0.04249667994687915,0.4
0.0425531914893617,0.4
0.0426098535286285,0.4
0.042666666666666665,0.4
0.042723631508678236,0.4
0.0427807486631016,0.4
0.0428380187416332,0.4
0.04289544235924933,0.4
0.042953020134228186,0.4
0.043010752688172046,0.4
0.04306864064602961,0.4
0.0431266846361186,0.4
0.043184885290148446,0.4
0.043243243243243246,0.4
0.04330175913396482,0.4
0.04336043360433604,0.4
0.04341926729986431,0.4
0.043478260869565216,0.4
0.04353741496598639,0.4
0.043596730245231606,0.4
0.04365620736698499,0.4
0.04371584699453552,0.4
0.04377564979480164,0.4
0.043835616438356165,0.4
0.0438957475994513,0.4
0.04395604395604396,0.4
0.04401650618982118,0.4
0.0440771349862259,0.4
0.044137931034482755,0.4
0.04419889502762431,0.4
0.04426002766251729,0.4
0.0443213296398892,0.4
0.044382801664355064,0.4
0.044444444444444446,0.4
0.04450625869262865,0.4
0.04456824512534819,0.4
0.044630404463040445,0.4
0.0446927374301676,0.4
0.044755244755244755,0.4
0.04481792717086835,0.4
0.04488078541374474,0.4
0.0449438202247191,0.4
0.0450070323488045,0.4
0.04507042253521127,0.4
0.045133991537376586,0.4
0.04519774011299435,0.4
0.04526166902404526,0.4
0.0453257790368272,0.4
0.04397163120567376,0.3875
0.04403409090909091,0.3875
0.044096728307254626,0.3875
0.04415954415954416,0.3875
0.0442225392296719,0.3875
0.04428571428571428,0.3875
0.044349070100143065,0.3875
0.044412607449856735,0.3875
0.04447632711621234,0.3875
0.04454022988505747,0.3875
0.04460431654676259,0.3875
0.0446685878962536,0.3875
0.044733044733044736,0.3875
0.044797687861271675,0.3875
0.04486251808972504,0.3875
0.04492753623188406,0.3875
0.04499274310595065,0.3875
0.04505813953488372,0.3875
0.04512372634643377,0.3875
0.04518950437317784,0.3875
0.04525547445255475,0.3875
0.04532163742690058,0.3875
0.04538799414348463,0.3875
0.045454545454545456,0.3875
0.04552129221732746,0.3875
0.045588235294117645,0.3875
0.045655375552282766,0.3875
0.045722713864306784,0.3875
0.04579025110782865,0.3875
0.04585798816568047,0.3875
0.045925925925925926,0.3875
0.04599406528189911,0.3875
0.04606240713224369,0.3875
0.044642857142857144,0.375
0.044709388971684055,0.375
0.04477611940298507,0.375
0.04484304932735426,0.375
0.04491017964071856,0.375
0.044977511244377814,0.375
0.04504504504504504,0.375
0.045112781954887216,0.375
0.045180722891566265,0.375
0.04524886877828054,0.375
0.045317220543806644,0.375
0.0453857791225416,0.375
0.045454545454545456,0.375
0.04552352048558422,0.375
0.04559270516717325,0.375
0.045662100456621,0.375
0.04573170731707317,0.375
0.04580152671755725,0.375
0.045871559633027525,0.375
0.045941807044410414,0.375
0.046012269938650305,0.375
0.04608294930875576,0.375
0.046153846153846156,0.375
0.046224961479198766,0.375
0.046296296296296294,0.375
0.04636785162287481,0.375
0.04643962848297214,0.375
0.046511627906976744,0.375
0.046583850931677016,0.375
0.04665629860031104,0.375
0.04672897196261682,0.375
0.046801872074883,0.375
0.046875,0.375
0.046948356807511735,0.375
0.047021943573667714,0.375
0.04709576138147567,0.375
0.04716981132075472,0.375
0.047244094488188976,0.375
0.0473186119873817,0.375
0.045813586097946286,0.3625
0.04588607594936709,0.3625
0.04595879556259905,0.3625
0.046031746031746035,0.3625
0.046104928457869634,0.3625
0.04617834394904458,0.3625
0.046251993620414676,0.3625
0.0463258785942492,0.3625
0.0464,0.3625
0.046474358974358976,0.3625
0.04654895666131621,0.3625
0.04662379421221865,0.3625
0.04669887278582931,0.3625
0.0467741935483871,0.3625
0.046849757673667204,0.3625
0.04692556634304207,0.3625
0.04700162074554295,0.3625
0.04707792207792208,0.3625
0.04715447154471545,0.3625
0.04723127035830619,0.3625
0.04730831973898858,0.3625
0.04738562091503268,0.3625
0.04746317512274959,0.3625
0.047540983606557376,0.3625
0.047619047619047616,0.3625
0.047697368421052634,0.3625
0.04612850082372323,0.35
0.04455445544554455,0.3375
0.04462809917355372,0.3375
0.04470198675496689,0.3375
0.04477611940298507,0.3375
0.044850498338870434,0.3375
0.04492512479201331,0.3375
0.045,0.3375
0.045075125208681135,0.3375
0.0451505016722408,0.3375
0.04522613065326633,0.3375
0.04530201342281879,0.3375
0.0453781512605042,0.3375
0.045454545454545456,0.3375
0.045531197301854974,0.3375
0.04560810810810811,0.3375
0.04568527918781726,0.3375
0.04576271186440678,0.3375
0.04584040747028863,0.3375
0.04591836734693878,0.3375
0.04599659284497445,0.3375
0.04607508532423208,0.3375
0.046153846153846156,0.3375
0.046232876712328765,0.3375
0.04631217838765009,0.3375
0.04639175257731959,0.3375
0.04647160068846816,0.3375
0.04655172413793104,0.3375
0.046632124352331605,0.3375
0.04671280276816609,0.3375
0.04679376083188908,0.3375
0.046875,0.3375
0.04695652173913043,0.3375
0.047038327526132406,0.3375
0.04712041884816754,0.3375
0.0472027972027972,0.3375
0.047285464098073555,0.3375
0.04736842105263158,0.3375
0.04745166959578207,0.3375
0.04753521126760563,0.3375
0.047619047619047616,0.3375
0.04770318021201413,0.3375
0.047787610619469026,0.3375
0.047872340425531915,0.3375
0.047957371225577264,0.3375
0.04804270462633452,0.3375
0.0481283422459893,0.3375
0.048214285714285716,0.3375
0.04830053667262969,0.3375
0.04838709677419355,0.3375
0.04847396768402154,0.3375
0.048561151079136694,0.3375
0.04864864864864865,0.3375
0.048736462093862815,0.3375
0.048824593128390596,0.3375
0.04891304347826087,0.3375
0.04900181488203267,0.3375
0.04909090909090909,0.3375
0.04918032786885246,0.3375
0.04927007299270073,0.3375
0.04936014625228519,0.3375
0.04945054945054945,0.3375
0.04954128440366973,0.3375
0.04963235294117647,0.3375
0.049723756906077346,0.3375
0.04797047970479705,0.325
0.04805914972273567,0.325
0.04814814814814815,0.325
0.04823747680890538,0.325
0.048327137546468404,0.325
0.048417132216014895,0.325
0.04664179104477612,0.3125
0.04672897196261682,0.3125
0.0449438202247191,0.3
0.0450281425891182,0.3
0.045112781954887216,0.3
0.04519774011299435,0.3
0.045283018867924525,0.3
0.045368620037807186,0.3
0.045454545454545456,0.3
0.04554079696394687,0.3
0.045627376425855515,0.3
0.045714285714285714,0.3
0.04580152671755725,0.3
0.045889101338432124,0.3
0.04597701149425287,0.3
0.046065259117082535,0.3
0.046153846153846156,0.3
0.046242774566473986,0.3
0.04633204633204633,0.3
0.04642166344294004,0.3
0.046511627906976744,0.3
0.04660194174757282,0.3
0.04669260700389105,0.3
0.04678362573099415,0.3
0.046875,0.3
0.046966731898238745,0.3
0.045098039215686274,0.2875
0.04518664047151277,0.2875
0.045275590551181105,0.2875
0.045364891518737675,0.2875
0.045454545454545456,0.2875
0.04554455445544554,0.2875
0.04563492063492063,0.2875
0.04572564612326044,0.2875
0.045816733067729085,0.2875
0.043912175648702596,0.275
0.044,0.275
0.04408817635270541,0.275
0.04417670682730924,0.275
0.04426559356136821,0.275
0.04435483870967742,0.275
0.044444444444444446,0.275
0.044534412955465584,0.275
0.04462474645030426,0.275
0.044715447154471545,0.275
0.04480651731160896,0.275
0.044897959183673466,0.275
0.044989775051124746,0.275
0.045081967213114756,0.275
0.045174537987679675,0.275
0.04526748971193416,0.275
0.04536082474226804,0.275
0.045454545454545456,0.275
0.045548654244306416,0.275
0.04564315352697095,0.275
0.04573804573804574,0.275
0.04583333333333333,0.275
0.04592901878914405,0.275
0.04602510460251046,0.275
0.04612159329140461,0.275
0.046218487394957986,0.275
0.04631578947368421,0.275
0.046413502109704644,0.275
0.046511627906976744,0.275
0.046610169491525424,0.275
0.04670912951167728,0.275
0.04680851063829787,0.275
0.046908315565031986,0.275
0.04700854700854701,0.275
0.044967880085653104,0.2625
0.045064377682403435,0.2625
0.04516129032258064,0.2625
0.04525862068965517,0.2625
0.04535637149028078,0.2625
0.045454545454545456,0.2625
0.0455531453362256,0.2625
0.043478260869565216,0.25
0.04357298474945534,0.25
0.04148471615720524,0.2375
0.04157549234135667,0.2375
0.041666666666666664,0.2375
0.041758241758241756,0.2375
0.04185022026431718,0.2375
0.04194260485651214,0.2375
0.0420353982300885,0.2375
0.04212860310421286,0.2375
0.04,0.225
0.0400890868596882,0.225
0.04017857142857143,0.225
0.040268456375838924,0.225
0.04035874439461883,0.225
0.04044943820224719,0.225
0.04054054054054054,0.225
0.040632054176072234,0.225
0.04072398190045249,0.225
0.04081632653061224,0.225
0.04090909090909091,0.225
0.04100227790432802,0.225
0.0410958904109589,0.225
0.041189931350114416,0.225
0.04128440366972477,0.225
0.041379310344827586,0.225
0.041474654377880185,0.225
0.04157043879907621,0.225
0.041666666666666664,0.225
0.04176334106728538,0.225
0.04186046511627907,0.225
0.04195804195804196,0.225
0.04205607476635514,0.225
0.04215456674473068,0.225
0.04225352112676056,0.225
0.042352941176470586,0.225
0.04245283018867924,0.225
0.0425531914893617,0.225
0.04028436018957346,0.2125
0.040380047505938245,0.2125
0.04047619047619048,0.2125
0.0405727923627685,0.2125
0.03827751196172249,0.2
0.03836930455635491,0.2
0.038461538461538464,0.2
0.03855421686746988,0.2
0.03864734299516908,0.2
0.0387409200968523,0.2
0.038834951456310676,0.2
0.038929440389294405,0.2
0.03902439024390244,0.2
0.039119804400977995,0.2
0.03676470588235294,0.1875
0.036855036855036855,0.1875
0.03694581280788178,0.1875
0.037037037037037035,0.1875
0.03712871287128713,0.1875
0.03722084367245657,0.1875
0.03731343283582089,0.1875
0.03740648379052369,0.1875
0.0375,0.1875
0.03759398496240601,0.1875
0.03768844221105527,0.1875
0.037783375314861464,0.1875
0.03787878787878788,0.1875
0.0379746835443038,0.1875
0.03807106598984772,0.1875
0.03816793893129771,0.1875
0.03826530612244898,0.1875
0.03836317135549872,0.1875
0.038461538461538464,0.1875
0.038560411311053984,0.1875
0.03865979381443299,0.1875
0.03875968992248062,0.1875
0.038860103626943004,0.1875
0.03896103896103896,0.1875
0.0390625,0.1875
0.0391644908616188,0.1875
0.03926701570680628,0.1875
0.03937007874015748,0.1875
0.039473684210526314,0.1875
0.0395778364116095,0.1875
0.03968253968253968,0.1875
0.03978779840848806,0.1875
0.0398936170212766,0.1875
0.04,0.1875
0.0374331550802139,0.175
0.03753351206434316,0.175
0.03763440860215054,0.175
0.03773584905660377,0.175
0.03783783783783784,0.175
0.037940379403794036,0.175
0.03804347826086957,0.175
0.03814713896457766,0.175
0.03825136612021858,0.175
0.038356164383561646,0.175
0.038461538461538464,0.175
0.03856749311294766,0.175
0.03867403314917127,0.175
0.038781163434903045,0.175
0.03888888888888889,0.175
0.03899721448467967,0.175
0.03910614525139665,0.175
0.0392156862745098,0.175
0.03932584269662921,0.175
0.03943661971830986,0.175
0.03954802259887006,0.175
0.039660056657223795,0.175
0.03977272727272727,0.175
0.037037037037037035,0.1625
0.037142857142857144,0.1625
0.03724928366762178,0.1625
0.03735632183908046,0.1625
0.037463976945244955,0.1625
0.03757225433526012,0.1625
0.03768115942028986,0.1625
0.0377906976744186,0.1625
0.037900874635568516,0.1625
0.038011695906432746,0.1625
0.03812316715542522,0.1625
0.03823529411764706,0.1625
0.038348082595870206,0.1625
0.038461538461538464,0.1625
0.03560830860534125,0.15
0.03571428571428571,0.15
0.03582089552238806,0.15
0.03592814371257485,0.15
0.036036036036036036,0.15
0.03614457831325301,0.15
0.03625377643504532,0.15
0.03636363636363636,0.15
0.0364741641337386,0.15
0.036585365853658534,0.15
0.03669724770642202,0.15
0.03680981595092025,0.15
0.036923076923076927,0.15
0.037037037037037035,0.15
0.03715170278637771,0.15
0.037267080745341616,0.15
0.037383177570093455,0.15
0.0375,0.15
0.03761755485893417,0.15
0.03773584905660377,0.15
0.03785488958990536,0.15
0.0379746835443038,0.15
0.0380952380952381,0.15
0.03821656050955414,0.15
0.038338658146964855,0.15
0.038461538461538464,0.15
0.03858520900321544,0.15
0.03870967741935484,0.15
0.038834951456310676,0.15
0.03896103896103896,0.15
0.03908794788273615,0.15
0.0392156862745098,0.15
0.03934426229508197,0.15
0.039473684210526314,0.15
0.039603960396039604,0.15
0.039735099337748346,0.15
0.03986710963455149,0.15
0.04,0.15
0.04013377926421405,0.15
0.040268456375838924,0.15
0.04040404040404041,0.15
0.04054054054054054,0.15
0.04067796610169491,0.15
0.04081632653061224,0.15
0.040955631399317405,0.15
0.0410958904109589,0.15
0.041237113402061855,0.15
0.041379310344827586,0.15
0.04152249134948097,0.15
0.041666666666666664,0.15
0.041811846689895474,0.15
0.04195804195804196,0.15
0.042105263157894736,0.15
0.04225352112676056,0.15
0.04240282685512368,0.15
0.0425531914893617,0.15
0.042704626334519574,0.15
0.04285714285714286,0.15
0.043010752688172046,0.15
0.04316546762589928,0.15
0.04332129963898917,0.15
0.043478260869565216,0.15
0.04363636363636364,0.15
0.043795620437956206,0.15
0.04395604395604396,0.15
0.04411764705882353,0.15
0.04428044280442804,0.15
0.044444444444444446,0.15
0.04460966542750929,0.15
0.04477611940298507,0.15
0.0449438202247191,0.15
0.045112781954887216,0.15
0.045283018867924525,0.15
0.045454545454545456,0.15
0.045627376425855515,0.15
0.04580152671755725,0.15
0.04597701149425287,0.15
0.046153846153846156,0.15
0.04633204633204633,0.15
0.04263565891472868,0.1375
0.042801556420233464,0.1375
0.04296875,0.1375
0.043137254901960784,0.1375
0.04330708661417323,0.1375
0.043478260869565216,0.1375
0.04365079365079365,0.1375
0.043824701195219126,0.1375
0.044,0.1375
0.04417670682730924,0.1375
0.04435483870967742,0.1375
0.044534412955465584,0.1375
0.044715447154471545,0.1375
0.044897959183673466,0.1375
0.045081967213114756,0.1375
0.04526748971193416,0.1375
0.045454545454545456,0.1375
0.04564315352697095,0.1375
0.04583333333333333,0.1375
0.04602510460251046,0.1375
0.046218487394957986,0.1375
0.04219409282700422,0.125
0.0423728813559322,0.125
0.0425531914893617,0.125
0.042735042735042736,0.125
0.04291845493562232,0.125
0.04310344827586207,0.125
0.04329004329004329,0.125
0.043478260869565216,0.125
0.043668122270742356,0.125
0.043859649122807015,0.125
0.04405286343612335,0.125
0.04424778761061947,0.125
0.044444444444444446,0.125
0.044642857142857144,0.125
0.04484304932735426,0.125
0.04054054054054054,0.1125
0.04072398190045249,0.1125
0.04090909090909091,0.1125
0.0410958904109589,0.1125
0.04128440366972477,0.1125
0.03686635944700461,0.1
0.037037037037037035,0.1
0.037209302325581395,0.1
0.037383177570093455,0.1
0.03755868544600939,0.1
0.03773584905660377,0.1
0.037914691943127965,0.1
0.0380952380952381,0.1
0.03827751196172249,0.1
0.038461538461538464,0.1
0.03864734299516908,0.1
0.038834951456310676,0.1
0.03902439024390244,0.1
0.0392156862745098,0.1
0.03940886699507389,0.1
0.039603960396039604,0.1
0.03980099502487562,0.1
0.04,0.1
0.04020100502512563,0.1
0.04040404040404041,0.1
0.04060913705583756,0.1
0.04081632653061224,0.1
0.041025641025641026,0.1
0.041237113402061855,0.1
0.04145077720207254,0.1
0.041666666666666664,0.1
0.041884816753926704,0.1
0.042105263157894736,0.1
0.042328042328042326,0.1
0.0425531914893617,0.1
0.0427807486631016,0.1
0.043010752688172046,0.1
0.043243243243243246,0.1
0.043478260869565216,0.1
0.04371584699453552,0.1
0.04395604395604396,0.1
0.04419889502762431,0.1
0.044444444444444446,0.1
0.0446927374301676,0.1
0.0449438202247191,0.1
0.04519774011299435,0.1
0.045454545454545456,0.1
0.045714285714285714,0.1
0.04597701149425287,0.1
0.046242774566473986,0.1
0.046511627906976744,0.1
0.04678362573099415,0.1
0.041176470588235294,0.0875
0.04142011834319527,0.0875
0.041666666666666664,0.0875
0.041916167664670656,0.0875
0.04216867469879518,0.0875
0.04242424242424243,0.0875
0.042682926829268296,0.0875
0.04294478527607362,0.0875
0.043209876543209874,0.0875
0.043478260869565216,0.0875
0.04375,0.0875
0.0440251572327044,0.0875
0.04430379746835443,0.0875
0.044585987261146494,0.0875
0.04487179487179487,0.0875
0.04516129032258064,0.0875
0.045454545454545456,0.0875
0.0457516339869281,0.0875
0.046052631578947366,0.0875
0.046357615894039736,0.0875
0.04666666666666667,0.0875
0.04697986577181208,0.0875
0.0472972972972973,0.0875
0.047619047619047616,0.0875
0.04794520547945205,0.0875
0.04827586206896552,0.0875
0.04861111111111111,0.0875
0.04895104895104895,0.0875
0.04929577464788732,0.0875
0.04964539007092199,0.0875
0.05,0.0875
0.050359712230215826,0.0875
0.050724637681159424,0.0875
0.051094890510948905,0.0875
0.051470588235294115,0.0875
0.05185185185185185,0.0875
0.05223880597014925,0.0875
0.05263157894736842,0.0875
0.05303030303030303,0.0875
0.05343511450381679,0.0875
0.05384615384615385,0.0875
0.05426356589147287,0.0875
0.0546875,0.0875
0.05511811023622047,0.0875
0.05555555555555555,0.0875
0.056,0.0875
0.056451612903225805,0.0875
0.056910569105691054,0.0875
0.05737704918032787,0.0875
0.05785123966942149,0.0875
0.05,0.075
0.05042016806722689,0.075
0.05084745762711865,0.075
0.05128205128205128,0.075
0.05172413793103448,0.075
0.05217391304347826,0.075
0.05263157894736842,0.075
0.05309734513274336,0.075
0.05357142857142857,0.075
0.05405405405405406,0.075
0.05454545454545454,0.075
0.05504587155963303,0.075
0.05555555555555555,0.075
0.056074766355140186,0.075
0.05660377358490566,0.075
0.05714285714285714,0.075
0.057692307692307696,0.075
0.05825242718446602,0.075
0.058823529411764705,0.075
0.0594059405940594,0.075
0.06,0.075
0.06060606060606061,0.075
0.061224489795918366,0.075
0.061855670103092786,0.075
0.0625,0.075
0.06315789473684211,0.075
0.06382978723404255,0.075
0.06451612903225806,0.075
0.06521739130434782,0.075
0.06593406593406594,0.075
0.06666666666666667,0.075
0.06741573033707865,0.075
0.06818181818181818,0.075
0.06896551724137931,0.075
0.06976744186046512,0.075
0.058823529411764705,0.0625
0.05952380952380952,0.0625
0.060240963855421686,0.0625
0.06097560975609756,0.0625
0.06172839506172839,0.0625
0.0625,0.0625
0.06329113924050633,0.0625
0.0641025641025641,0.0625
0.06493506493506493,0.0625
0.06578947368421052,0.0625
0.06666666666666667,0.0625
0.06756756756756757,0.0625
0.0684931506849315,0.0625
0.06944444444444445,0.0625
0.07042253521126761,0.0625
0.07142857142857142,0.0625
0.07246376811594203,0.0625
0.07352941176470588,0.0625
0.07462686567164178,0.0625
0.07575757575757576,0.0625
0.07692307692307693,0.0625
0.078125,0.0625
0.07936507936507936,0.0625
0.06451612903225806,0.05
0.06557377049180328,0.05
0.06666666666666667,0.05
0.06779661016949153,0.05
0.06896551724137931,0.05
0.07017543859649122,0.05
0.07142857142857142,0.05
0.07272727272727272,0.05
0.07407407407407407,0.05
0.07547169811320754,0.05
0.07692307692307693,0.05
0.0784313725490196,0.05
0.08,0.05
0.08163265306122448,0.05
0.08333333333333333,0.05
0.0851063829787234,0.05
0.08695652173913043,0.05
0.08888888888888889,0.05
0.09090909090909091,0.05
0.09302325581395349,0.05
0.09523809523809523,0.05
0.0975609756097561,0.05
0.1,0.05
0.10256410256410256,0.05
0.10526315789473684,0.05
0.10810810810810811,0.05
0.1111111111111111,0.05
0.11428571428571428,0.05
0.11764705882352941,0.05
0.12121212121212122,0.05
0.125,0.05
0.12903225806451613,0.05
0.13333333333333333,0.05
0.13793103448275862,0.05
0.10714285714285714,0.0375
0.1111111111111111,0.0375
0.11538461538461539,0.0375
0.12,0.0375
0.125,0.0375
0.13043478260869565,0.0375
0.13636363636363635,0.0375
0.14285714285714285,0.0375
0.15,0.0375
0.15789473684210525,0.0375
0.16666666666666666,0.0375
0.17647058823529413,0.0375
0.125,0.025
0.06666666666666667,0.0125
0.07142857142857142,0.0125
0.07692307692307693,0.0125
0.08333333333333333,0.0125
0.09090909090909091,0.0125
0.1,0.0125
0.1111111111111111,0.0125
0.125,0.0125
0.0,0.0
0.0,0.0
0.0,0.0
0.0,0.0
0.0,0.0
0.0,0.0
0.0,0.0
1.0,0.0
