Precision,Recall
0.032480714575720666,1.0
0.0321007720438846,0.9875
0.03211382113821138,0.9875
0.032126880845872306,0.9875
0.03213995117982099,0.9875
0.032153032153032154,0.9875
0.03216612377850163,0.9875
0.03217922606924643,0.9875
0.03219233903830481,0.9875
0.03220546269873624,0.9875
0.03221859706362153,0.9875
0.03223174214606283,0.9875
0.03224489795918367,0.9875
0.03225806451612903,0.9875
0.03227124183006536,0.9875
0.03228442991418063,0.9875
0.032297628781684386,0.9875
0.032310838445807774,0.9875
0.032324058919803604,0.9875
0.032337290216946375,0.9875
0.03235053235053235,0.9875
0.032363785333879555,0.9875
0.03237704918032787,0.9875
0.03239032390323903,0.9875
0.03240360951599672,0.9875
0.032416906032006566,0.9875
0.032430213464696225,0.9875
0.0324435318275154,0.9875
0.03245686113393591,0.9875
0.03247020139745171,0.9875
0.03248355263157895,0.9875
0.03249691484985603,0.9875
0.03251028806584362,0.9875
0.03252367229312474,0.9875
0.032537067545304776,0.9875
0.032550473836011534,0.9875
0.0325638911788953,0.9875
0.03257731958762886,0.9875
0.03259075907590759,0.9875
0.032604209657449444,0.9875
0.032617671345995046,0.9875
0.032631144155307726,0.9875
0.03264462809917355,0.9875
0.032658123191401406,0.9875
0.032671629445823,0.9875
0.032685146876292925,0.9875
0.03269867549668874,0.9875
0.032712215320910974,0.9875
0.03272576636288318,0.9875
0.03273932863655201,0.9875
0.03275290215588723,0.9875
0.032766486934881794,0.9875
0.03278008298755187,0.9875
0.0327936903279369,0.9875
0.03280730897009967,0.9875
0.0328209389281263,0.9875
0.03283458021612635,0.9875
0.03284823284823285,0.9875
0.03286189683860233,0.9875
0.0328755722014149,0.9875
0.03288925895087427,0.9875
0.03290295710120783,0.9875
0.032916666666666664,0.9875
0.03293038766152564,0.9875
0.0329441201000834,0.9875
0.03295786399666249,0.9875
0.03297161936560935,0.9875
0.03298538622129436,0.9875
0.032999164578111945,0.9875
0.03301295445048057,0.9875
0.03302675585284281,0.9875
0.03304056879966541,0.9875
0.03305439330543933,0.9875
0.033068229384679786,0.9875
0.0330820770519263,0.9875
0.03309593632174277,0.9875
0.03310980720871752,0.9875
0.03312368972746331,0.9875
0.03313758389261745,0.9875
0.0331514897188418,0.9875
0.03316540722082284,0.9875
0.03317933641327173,0.9875
0.03319327731092437,0.9875
0.0332072299285414,0.9875
0.03322119428090833,0.9875
0.03323517038283551,0.9875
0.03324915824915825,0.9875
0.03326315789473684,0.9875
0.03327716933445661,0.9875
0.033291192583227984,0.9875
0.03330522765598651,0.9875
0.03331927456769296,0.9875
0.03333333333333333,0.9875
0.03334740396791895,0.9875
0.033361486486486486,0.9875
0.033375580904098014,0.9875
0.033389687235841084,0.9875
0.03340380549682875,0.9875
0.03341793570219966,0.9875
0.03343207786711807,0.9875
0.03344623200677392,0.9875
0.033460398136382886,0.9875
0.03347457627118644,0.9875
0.033488766426451884,0.9875
0.033502968617472435,0.9875
0.03351718285956724,0.9875
0.03353140916808149,0.9875
0.03354564755838641,0.9875
0.033559898045879354,0.9875
0.03357416064598385,0.9875
0.03358843537414966,0.9875
0.033602722245852826,0.9875
0.03361702127659574,0.9875
0.033631332481907195,0.9875
0.03364565587734242,0.9875
0.03365999147848317,0.9875
0.033674339300937765,0.9875
0.03368869936034115,0.9875
0.03370307167235495,0.9875
0.03371745625266752,0.9875
0.033731853116994025,0.9875
0.03374626228107646,0.9875
0.03376068376068376,0.9875
0.0337751175716118,0.9875
0.03378956372968349,0.9875
0.03380402225074882,0.9875
0.033818493150684935,0.9875
0.033832976445396144,0.9875
0.03384747215081405,0.9875
0.03386198028289756,0.9875
0.033876500857632934,0.9875
0.03389103389103389,0.9875
0.03390557939914163,0.9875
0.0339201373980249,0.9875
0.033934707903780066,0.9875
0.033949290932531156,0.9875
0.033963886500429925,0.9875
0.03397849462365592,0.9875
0.03399311531841653,0.9875
0.03400774860094705,0.9875
0.034022394487510765,0.9875
0.034037052994398964,0.9875
0.03405172413793103,0.9875
0.03406640793445451,0.9875
0.034081104400345126,0.9875
0.03409581355200691,0.9875
0.034110535405872194,0.9875
0.03412526997840173,0.9875
0.0341400172860847,0.9875
0.03415477734543882,0.9875
0.034169550173010384,0.9875
0.0341843357853743,0.9875
0.0341991341991342,0.9875
0.034213945430922474,0.9875
0.03422876949740035,0.9875
0.03424360641525791,0.9875
0.034258456201214225,0.9875
0.03427331887201735,0.9875
0.03428819444444445,0.9875
0.03430308293530178,0.9875
0.03431798436142485,0.9875
0.0343328987396784,0.9875
0.03434782608695652,0.9875
0.03436276642018269,0.9875
0.034377719756309835,0.9875
0.034392686112320416,0.9875
0.03440766550522648,0.9875
0.03442265795206972,0.9875
0.03443766346992153,0.9875
0.034452682075883125,0.9875
0.03446771378708551,0.9875
0.034482758620689655,0.9875
0.03449781659388646,0.9875
0.0345128877238969,0.9875
0.034527972027972025,0.9875
0.03454306952339309,0.9875
0.03455818022747156,0.9875
0.03457330415754924,0.9875
0.03458844133099825,0.9875
0.0346035917652212,0.9875
0.034618755477651184,0.9875
0.03463393248575186,0.9875
0.03464912280701754,0.9875
0.03466432645897324,0.9875
0.03467954345917471,0.9875
0.03469477382520861,0.9875
0.03471001757469244,0.9875
0.03472527472527472,0.9875
0.034740545294635,0.9875
0.034755829300483945,0.9875
0.03477112676056338,0.9875
0.03478643769264641,0.9875
0.03480176211453744,0.9875
0.03481710004407228,0.9875
0.034832451499118164,0.9875
0.03484781649757389,0.9875
0.03486319505736982,0.9875
0.03487858719646799,0.9875
0.03489399293286219,0.9875
0.034909412284577994,0.9875
0.034924845269672856,0.9875
0.03494029190623618,0.9875
0.034955752212389384,0.9875
0.03497122620628597,0.9875
0.034986713906111605,0.9875
0.035002215330084185,0.9875
0.0350177304964539,0.9875
0.03503325942350333,0.9875
0.035048802129547474,0.9875
0.03506435863293387,0.9875
0.03507992895204263,0.9875
0.03509551310528654,0.9875
0.035111111111111114,0.9875
0.035126722987994664,0.9875
0.035142348754448396,0.9875
0.03515798842901647,0.9875
0.035173642030276044,0.9875
0.03518930957683741,0.9875
0.035204991087344026,0.9875
0.03522068658047258,0.9875
0.0352363960749331,0.9875
0.035252119589468986,0.9875
0.03526785714285714,0.9875
0.03528360875390799,0.9875
0.035299374441465595,0.9875
0.03531515422440769,0.9875
0.0353309481216458,0.9875
0.03534675615212528,0.9875
0.03536257833482542,0.9875
0.03537841468875952,0.9875
0.03539426523297491,0.9875
0.035410129986553115,0.9875
0.03542600896860987,0.9875
0.0354419021982952,0.9875
0.035457809694793535,0.9875
0.03547373147732375,0.9875
0.035489667565139264,0.9875
0.03550561797752809,0.9875
0.03552158273381295,0.9875
0.03553756185335133,0.9875
0.03555355535553555,0.9875
0.03556956325979289,0.9875
0.03558558558558558,0.9875
0.035601622352410996,0.9875
0.035617673579801626,0.9875
0.03563373928732522,0.9875
0.03564981949458484,0.9875
0.03566591422121896,0.9875
0.03568202348690153,0.9875
0.03569814731134207,0.9875
0.03571428571428571,0.9875
0.03573043871551334,0.9875
0.03574660633484163,0.9875
0.03576278859212313,0.9875
0.035778985507246376,0.9875
0.03579519710013593,0.9875
0.035811423390752495,0.9875
0.03582766439909297,0.9875
0.03584392014519056,0.9875
0.035860190649114845,0.9875
0.035876475930971846,0.9875
0.03589277601090413,0.9875
0.03590909090909091,0.9875
0.03547066848567531,0.975
0.03548680618744313,0.975
0.03550295857988166,0.975
0.03551912568306011,0.975
0.03553530751708428,0.975
0.03555150410209663,0.975
0.03556771545827633,0.975
0.035583941605839414,0.975
0.035600182565038795,0.975
0.03561643835616438,0.975
0.03563270899954317,0.975
0.0356489945155393,0.975
0.03566529492455418,0.975
0.035681610247026534,0.975
0.035697940503432495,0.975
0.03571428571428571,0.975
0.03573064590013743,0.975
0.035747021081576534,0.975
0.03576341127922971,0.975
0.03577981651376147,0.975
0.03579623680587425,0.975
0.03581267217630854,0.975
0.035829122645842905,0.975
0.035845588235294115,0.975
0.03586206896551724,0.975
0.035878564857405704,0.975
0.035895075931891396,0.975
0.03591160220994475,0.975
0.03592814371257485,0.975
0.035944700460829496,0.975
0.035961272475795295,0.975
0.035977859778597784,0.975
0.03599446239040148,0.975
0.036011080332409975,0.975
0.03602771362586605,0.975
0.036044362292051754,0.975
0.036061026352288486,0.975
0.036077705827937095,0.975
0.036094400740397964,0.975
0.03611111111111111,0.975
0.036127836961556276,0.975
0.03614457831325301,0.975
0.03616133518776078,0.975
0.03571428571428571,0.9625
0.0357308584686775,0.9625
0.03574744661095636,0.9625
0.035764050162563864,0.9625
0.03578066914498141,0.9625
0.03579730357973036,0.9625
0.035813953488372095,0.9625
0.035830618892508145,0.9625
0.03584729981378026,0.9625
0.03586399627387052,0.9625
0.0358807082945014,0.9625
0.035897435897435895,0.9625
0.03591417910447761,0.9625
0.03593093793747083,0.9625
0.03594771241830065,0.9625
0.03596450256889304,0.9625
0.035981308411214954,0.9625
0.035998129967274424,0.9625
0.03601496725912067,0.9625
0.03603182030884417,0.9625
0.03604868913857678,0.9625
0.036065573770491806,0.9625
0.03608247422680412,0.9625
0.03563056727613689,0.95
0.03564727954971857,0.95
0.03566400750821211,0.95
0.03568075117370892,0.95
0.035697510568341945,0.95
0.03571428571428571,0.95
0.035731076633756464,0.95
0.03574788334901223,0.95
0.03576470588235294,0.95
0.035781544256120526,0.95
0.03579839849269901,0.95
0.03581526861451461,0.95
0.03583215464403583,0.95
0.035849056603773584,0.95
0.03586597451628126,0.95
0.03588290840415486,0.95
0.03589985829003307,0.95
0.035916824196597356,0.95
0.03593380614657211,0.95
0.03595080416272469,0.95
0.035967818267865596,0.95
0.03598484848484849,0.95
0.03600189483657035,0.95
0.03601895734597156,0.95
0.036036036036036036,0.95
0.036053130929791274,0.95
0.036070242050308496,0.95
0.03608736942070275,0.95
0.036104513064133016,0.95
0.03612167300380228,0.95
0.03613884926295768,0.95
0.03615604186489058,0.95
0.036173250832936696,0.95
0.03619047619047619,0.95
0.03620771796093378,0.95
0.03622497616777884,0.95
0.036242250834525515,0.95
0.03625954198473282,0.95
0.036276849642004776,0.95
0.03629417382999045,0.95
0.036311514572384136,0.95
0.036328871892925434,0.95
0.03634624581539933,0.95
0.03636363636363636,0.95
0.036381043561512685,0.95
0.03639846743295019,0.95
0.03641590800191662,0.95
0.0364333652924257,0.95
0.03645083932853717,0.95
0.036468330134357005,0.95
0.03648583773403745,0.95
0.03650336215177714,0.95
0.03652090341182124,0.95
0.03653846153846154,0.95
0.03655603655603656,0.95
0.03657362848893166,0.95
0.0365912373615792,0.95
0.036608863198458574,0.95
0.03662650602409639,0.95
0.03664416586306654,0.95
0.036661842739990354,0.95
0.03667953667953668,0.95
0.03669724770642202,0.95
0.03671497584541063,0.95
0.03624939584340261,0.9375
0.0362669245647969,0.9375
0.036284470246734396,0.9375
0.03630203291384317,0.9375
0.03631961259079903,0.9375
0.036337209302325583,0.9375
0.03587009209888512,0.925
0.03540252182347236,0.9125
0.03541969917515769,0.9125
0.0354368932038835,0.9125
0.035454103933948516,0.9125
0.03547133138969873,0.9125
0.03548857559552747,0.9125
0.035505836575875485,0.9125
0.035523114355231145,0.9125
0.03554040895813048,0.9125
0.035557720409157334,0.9125
0.03557504873294347,0.9125
0.035592393954168695,0.9125
0.03560975609756097,0.9125
0.035627135187896536,0.9125
0.03564453125,0.9125
0.0356619443087445,0.9125
0.03567937438905181,0.9125
0.03569682151589242,0.9125
0.03571428571428571,0.9125
0.03573176700930005,0.9125
0.03574926542605289,0.9125
0.03576678098971093,0.9125
0.035784313725490194,0.9125
0.0358018636586562,0.9125
0.035819430814524045,0.9125
0.035837015218458515,0.9125
0.03585461689587426,0.9125
0.03587223587223587,0.9125
0.035889872173058016,0.9125
0.03590752582390556,0.9125
0.0359251968503937,0.9125
0.035942885278188084,0.9125
0.03596059113300493,0.9125
0.035978314440611135,0.9125
0.03599605522682446,0.9125
0.036013813517513565,0.9125
0.03603158933859822,0.9125
0.036049382716049384,0.9125
0.03606719367588933,0.9125
0.03608502224419179,0.9125
0.0361028684470821,0.9125
0.03612073231073726,0.9125
0.036138613861386136,0.9125
0.03615651312530956,0.9125
0.03617443012884044,0.9125
0.03619236489836391,0.9125
0.036210317460317464,0.9125
0.036228287841191066,0.9125
0.03624627606752731,0.9125
0.03576751117734724,0.9
0.03578528827037773,0.9
0.03580308304326206,0.9
0.03582089552238806,0.9
0.035838725734196115,0.9
0.035856573705179286,0.9
0.03587443946188341,0.9
0.03589232303090728,0.9
0.035910224438902745,0.9
0.035429141716566866,0.8875
0.03544682975536695,0.8875
0.035464535464535464,0.8875
0.03548225887056472,0.8875
0.0355,0.8875
0.03551775887943972,0.8875
0.03553553553553553,0.8875
0.035553329994992486,0.8875
0.03557114228456914,0.8875
0.03558897243107769,0.8875
0.03560682046138415,0.8875
0.03562468640240843,0.8875
0.0356425702811245,0.8875
0.03566047212456052,0.8875
0.035678391959798994,0.8875
0.03569632981397687,0.8875
0.03571428571428571,0.8875
0.035732259687971814,0.8875
0.03575025176233636,0.8875
0.035768261964735516,0.8875
0.03578629032258065,0.8875
0.03580433686333838,0.8875
0.03582240161453078,0.8875
0.035840484603735484,0.8875
0.03585858585858586,0.8875
0.0358767054067711,0.8875
0.0358948432760364,0.8875
0.035912999494183105,0.8875
0.035931174089068825,0.8875
0.035949367088607596,0.8875
0.03546099290780142,0.875
0.035478966041561075,0.875
0.03498985801217039,0.8625
0.0350076103500761,0.8625
0.0350253807106599,0.8625
0.03453529710512951,0.85
0.034552845528455285,0.85
0.03457041179461108,0.85
0.03458799593082401,0.85
0.03460559796437659,0.85
0.034623217922606926,0.85
0.034640855832908816,0.85
0.034658511722731905,0.85
0.03467618561958185,0.85
0.03469387755102041,0.85
0.03471158754466565,0.85
0.03472931562819203,0.85
0.03474706182933061,0.85
0.034764826175869123,0.85
0.034782608695652174,0.85
0.03480040941658137,0.85
0.03481822836661547,0.85
0.03483606557377049,0.85
0.03485392106611994,0.85
0.03487179487179487,0.85
0.034889687018984095,0.85
0.03490759753593429,0.85
0.03492552645095018,0.85
0.03494347379239465,0.85
0.03496143958868895,0.85
0.03497942386831276,0.85
0.034997426659804425,0.85
0.035015447991761074,0.85
0.03503348789283874,0.85
0.03505154639175258,0.85
0.035069623517276945,0.85
0.03508771929824561,0.85
0.035105833763551884,0.85
0.03512396694214876,0.85
0.0351421188630491,0.85
0.03516028955532575,0.85
0.03517847904811174,0.85
0.035196687370600416,0.85
0.03521491455204557,0.85
0.035233160621761656,0.85
0.0352514256091239,0.85
0.035269709543568464,0.85
0.03528801245459263,0.85
0.035306334371754934,0.85
0.03532467532467533,0.85
0.035343035343035345,0.85
0.03536141445657826,0.85
0.03537981269510926,0.85
0.035398230088495575,0.85
0.035416666666666666,0.85
0.03543512245961438,0.85
0.035453597497393116,0.85
0.03547209181011998,0.85
0.03549060542797495,0.85
0.035509138381201046,0.85
0.035527690700104496,0.85
0.03554626241505489,0.85
0.03556485355648536,0.85
0.035583464154892726,0.85
0.0356020942408377,0.85
0.035620743844945,0.85
0.03511530398322851,0.8375
0.03513371788148925,0.8375
0.03515215110178384,0.8375
0.03517060367454068,0.8375
0.0351890756302521,0.8375
0.03520756699947451,0.8375
0.035226077812828605,0.8375
0.035244608100999476,0.8375
0.035263157894736843,0.8375
0.03528172722485519,0.8375
0.03530031612223393,0.8375
0.035318924617817604,0.8375
0.03533755274261603,0.8375
0.03535620052770449,0.8375
0.03537486800422387,0.8375
0.035393555203380875,0.8375
0.0354122621564482,0.8375
0.035430988894764676,0.8375
0.035449735449735446,0.8375
0.035468501852832186,0.8375
0.03548728813559322,0.8375
0.03550609432962374,0.8375
0.03552492046659597,0.8375
0.035543766578249335,0.8375
0.03556263269639066,0.8375
0.03558151885289432,0.8375
0.035600425079702444,0.8375
0.03561935140882509,0.8375
0.03563829787234043,0.8375
0.03565726450239489,0.8375
0.03567625133120341,0.8375
0.03569525839104955,0.8375
0.03571428571428571,0.8375
0.03573333333333333,0.8375
0.03575240128068303,0.8375
0.03577148958889482,0.8375
0.03579059829059829,0.8375
0.03580972741849278,0.8375
0.03582887700534759,0.8375
0.03584804708400214,0.8375
0.03586723768736617,0.8375
0.035886448848419926,0.8375
0.03590568060021436,0.8375
0.035924932975871314,0.8375
0.03594420600858369,0.8375
0.035963499731615674,0.8375
0.0359828141783029,0.8375
0.03600214938205266,0.8375
0.03602150537634408,0.8375
0.03604088219472835,0.8375
0.03606027987082885,0.8375
0.03607969843834141,0.8375
0.03609913793103448,0.8375
0.03611859838274933,0.8375
0.036138079827400214,0.8375
0.03615758229897464,0.8375
0.036177105831533475,0.8375
0.036196650459211235,0.8375
0.036216216216216214,0.8375
0.03623580313683072,0.8375
0.036255411255411256,0.8375
0.03627504060638874,0.8375
0.03629469122426869,0.8375
0.036314363143631435,0.8375
0.03633405639913232,0.8375
0.0363537710255019,0.8375
0.03637350705754615,0.8375
0.03639326453014666,0.8375
0.03641304347826087,0.8375
0.03643284393692224,0.8375
0.03645266594124048,0.8375
0.03647250952640174,0.8375
0.03649237472766884,0.8375
0.03651226158038147,0.8375
0.03653217011995638,0.8375
0.036552100381887616,0.8375
0.03657205240174673,0.8375
0.03659202621518296,0.8375
0.0366120218579235,0.8375
0.036632039365773646,0.8375
0.03665207877461707,0.8375
0.03667214012041598,0.8375
0.03669222343921139,0.8375
0.03671232876712329,0.8375
0.03673245614035088,0.8375
0.036752605595172794,0.8375
0.03677277716794731,0.8375
0.036792970895112576,0.8375
0.036813186813186814,0.8375
0.036833424958768554,0.8375
0.03685368536853685,0.8375
0.036873968079251515,0.8375
0.036894273127753306,0.8375
0.03691460055096419,0.8375
0.03693495038588754,0.8375
0.03695532266960838,0.8375
0.0369757174392936,0.8375
0.03699613473219216,0.8375
0.037016574585635356,0.8375
0.037037037037037035,0.8375
0.03705752212389381,0.8375
0.03707802988378528,0.8375
0.03709856035437431,0.8375
0.0371191135734072,0.8375
0.03713968957871397,0.8375
0.03716028840820854,0.8375
0.03718091009988901,0.8375
0.03720155469183787,0.8375
0.03722222222222222,0.8375
0.03724291272929405,0.8375
0.03726362625139043,0.8375
0.03728436282693378,0.8375
0.037305122494432075,0.8375
0.03732590529247911,0.8375
0.037346711259754736,0.8375
0.0373675404350251,0.8375
0.037388392857142856,0.8375
0.03740926856504746,0.8375
0.037430167597765365,0.8375
0.03745108999441028,0.8375
0.03747203579418344,0.8375
0.03749300503637381,0.8375
0.037513997760358346,0.8375
0.03753501400560224,0.8375
0.03755605381165919,0.8375
0.03757711721817162,0.8375
0.037598204264870934,0.8375
0.037619314991577765,0.8375
0.037640449438202245,0.8375
0.03766160764474424,0.8375
0.03768278965129359,0.8375
0.037703995498030385,0.8375
0.03772522522522523,0.8375
0.03774647887323944,0.8375
0.037767756482525366,0.8375
0.03778905809362662,0.8375
0.03781038374717833,0.8375
0.0378317334839074,0.8375
0.03728813559322034,0.825
0.03730921424533635,0.825
0.03733031674208145,0.825
0.03735144312393888,0.825
0.03737259343148358,0.825
0.037393767705382434,0.825
0.03741496598639456,0.825
0.03743618831537152,0.825
0.03745743473325766,0.825
0.03747870528109029,0.825
0.0375,0.825
0.03752131893121091,0.825
0.03754266211604096,0.825
0.037564029595902104,0.825
0.03758542141230068,0.825
0.037606837606837605,0.825
0.037628278221208664,0.825
0.037649743297204795,0.825
0.03767123287671233,0.825
0.03769274700171331,0.825
0.037714285714285714,0.825
0.03773584905660377,0.825
0.03775743707093822,0.825
0.03777904979965655,0.825
0.037800687285223365,0.825
0.03782234957020057,0.825
0.03784403669724771,0.825
0.0378657487091222,0.825
0.03788748564867968,0.825
0.03790924755887421,0.825
0.03793103448275862,0.825
0.03795284646348476,0.825
0.0379746835443038,0.825
0.037996545768566495,0.825
0.038018433179723504,0.825
0.03804034582132565,0.825
0.03806228373702422,0.825
0.038084246970571264,0.825
0.03810623556581986,0.825
0.038128249566724434,0.825
0.03815028901734104,0.825
0.03759398496240601,0.8125
0.03761574074074074,0.8125
0.03763752171395483,0.8125
0.03765932792584009,0.8125
0.03768115942028986,0.8125
0.037703016241299306,0.8125
0.03772489843296576,0.8125
0.03774680603948897,0.8125
0.03776873910517141,0.8125
0.037209302325581395,0.8
0.03723094822571262,0.8
0.037252619324796274,0.8
0.037274315666860805,0.8
0.037296037296037296,0.8
0.037317784256559766,0.8
0.03733955659276546,0.8
0.037361354349095155,0.8
0.037383177570093455,0.8
0.037405026300409115,0.8
0.03742690058479532,0.8
0.037448800468110006,0.8
0.03747072599531616,0.8
0.03749267721148213,0.8
0.03751465416178194,0.8
0.0375366568914956,0.8
0.03755868544600939,0.8
0.037580739870816206,0.8
0.03760282021151586,0.8
0.0376249265138154,0.8
0.03764705882352941,0.8
0.03766921718658034,0.8
0.03769140164899882,0.8
0.03771361225692398,0.8
0.03773584905660377,0.8
0.03775811209439528,0.8
0.03778040141676505,0.8
0.03780271707028943,0.8
0.037825059101654845,0.8
0.03784742755765819,0.8
0.0378698224852071,0.8
0.037892243931320305,0.8
0.037914691943127965,0.8
0.03793716656787196,0.8
0.03795966785290629,0.8
0.03798219584569733,0.8
0.03800475059382423,0.8
0.038027332144979206,0.8
0.03804994054696789,0.8
0.0380725758477097,0.8
0.0380952380952381,0.8
0.038117927337701016,0.8
0.03814064362336114,0.8
0.0381633870005963,0.8
0.03818615751789976,0.8
0.0382089552238806,0.8
0.038231780167264036,0.8
0.03825463239689181,0.8
0.03827751196172249,0.8
0.038300418910831836,0.8
0.03832335329341317,0.8
0.03834631515877771,0.8
0.03836930455635491,0.8
0.03839232153569286,0.8
0.03841536614645858,0.8
0.03843843843843844,0.8
0.038461538461538464,0.8
0.03848466626578473,0.8
0.03850782190132371,0.8
0.03853100541842264,0.8
0.03855421686746988,0.8
0.038577456298975285,0.8
0.038600723763570564,0.8
0.03862401931200966,0.8
0.03804347826086957,0.7875
0.038066465256797584,0.7875
0.0380894800483676,0.7875
0.038112522686025406,0.7875
0.038135593220338986,0.7875
0.03815869170199879,0.7875
0.038181818181818185,0.7875
0.03820497271073378,0.7875
0.03822815533980582,0.7875
0.03825136612021858,0.7875
0.03827460510328068,0.7875
0.03829787234042553,0.7875
0.03832116788321168,0.7875
0.03834449178332319,0.7875
0.03836784409257003,0.7875
0.037781840341255334,0.775
0.03780487804878049,0.775
0.037827943868212324,0.775
0.03785103785103785,0.775
0.037874160048869884,0.775
0.037897310513447434,0.775
0.037920489296636085,0.775
0.037943696450428395,0.775
0.037966932026944275,0.775
0.03799019607843137,0.775
0.03801348865726548,0.775
0.03803680981595092,0.775
0.03806015960712093,0.775
0.03746928746928747,0.7625
0.037492317148125384,0.7625
0.037515375153751536,0.7625
0.03753846153846154,0.7625
0.037561576354679806,0.7625
0.03758471965495995,0.7625
0.0376078914919852,0.7625
0.03763109191856878,0.7625
0.037654320987654324,0.7625
0.03767757875231625,0.7625
0.0377008652657602,0.7625
0.03772418058132344,0.7625
0.037747524752475246,0.7625
0.03777089783281734,0.7625
0.037794299876084264,0.7625
0.03781773093614383,0.7625
0.03784119106699752,0.7625
0.03786468032278088,0.7625
0.037888198757763975,0.7625
0.03791174642635177,0.7625
0.03793532338308458,0.7625
0.037958929682638455,0.7625
0.03798256537982565,0.7625
0.038006230529595016,0.7625
0.038029925187032416,0.7625
0.038053649407361195,0.7625
0.038077403245942575,0.7625
0.038101186758276076,0.7625
0.038125,0.7625
0.03814884302689181,0.7625
0.038172715894868585,0.7625
0.038196618659987476,0.7625
0.03822055137844611,0.7625
0.03824451410658307,0.7625
0.037641154328732745,0.75
0.03766478342749529,0.75
0.03768844221105527,0.75
0.03771213073538655,0.75
0.03773584905660377,0.75
0.03775959723096287,0.75
0.037783375314861464,0.75
0.03780718336483932,0.75
0.03783102143757881,0.75
0.03785488958990536,0.75
0.037247474747474744,0.7375
0.037271004421983576,0.7375
0.03729456384323641,0.7375
0.03731815306767868,0.7375
0.03734177215189873,0.7375
0.037365421152628246,0.7375
0.037389100126742715,0.7375
0.03741280913126189,0.7375
0.037436548223350255,0.7375
0.03746031746031746,0.7375
0.03748411689961881,0.7375
0.03750794659885569,0.7375
0.037531806615776084,0.7375
0.037555697008274984,0.7375
0.0375796178343949,0.7375
0.03760356915232632,0.7375
0.03762755102040816,0.7375
0.03765156349712827,0.7375
0.037675606641123884,0.7375
0.03769968051118211,0.7375
0.037723785166240406,0.7375
0.037747920665387076,0.7375
0.03713188220230474,0.725
0.037155669442664956,0.725
0.03717948717948718,0.725
0.03720333547145606,0.725
0.036585365853658534,0.7125
0.036608863198458574,0.7125
0.036632390745501286,0.7125
0.036655948553054665,0.7125
0.03667953667953668,0.7125
0.03670315518351577,0.7125
0.03672680412371134,0.7125
0.0367504835589942,0.7125
0.03612903225806452,0.7
0.036152356358941255,0.7
0.03617571059431524,0.7
0.03619909502262444,0.7
0.03622250970245795,0.7
0.036245954692556634,0.7
0.03626943005181347,0.7
0.03629293583927414,0.7
0.03631647211413749,0.7
0.036340038935756006,0.7
0.03636363636363636,0.7
0.036387264457439894,0.7
0.036410923276983094,0.7
0.03643461288223813,0.7
0.036458333333333336,0.7
0.036482084690553744,0.7
0.03650586701434159,0.7
0.0365296803652968,0.7
0.03655352480417755,0.7
0.036577400391900716,0.7
0.036601307189542485,0.7
0.03662524525833878,0.7
0.03664921465968586,0.7
0.0366732154551408,0.7
0.03669724770642202,0.7
0.036721311475409836,0.7
0.03674540682414698,0.7
0.036769533814839134,0.7
0.03679369250985545,0.7
0.036817882971729124,0.7
0.03618421052631579,0.6875
0.03620803159973667,0.6875
0.036231884057971016,0.6875
0.03625576796308504,0.6875
0.036279683377308705,0.6875
0.036303630363036306,0.6875
0.03632760898282695,0.6875
0.036351619299405155,0.6875
0.036375661375661374,0.6875
0.036399735274652546,0.6875
0.03642384105960265,0.6875
0.03644797879390325,0.6875
0.03647214854111406,0.6875
0.0364963503649635,0.6875
0.03652058432934927,0.6875
0.036544850498338874,0.6875
0.036569148936170214,0.6875
0.036593479707252165,0.6875
0.03661784287616511,0.6875
0.03664223850766156,0.6875
0.03666666666666667,0.6875
0.03669112741827885,0.6875
0.036715620827770364,0.6875
0.03674014696058784,0.6875
0.03676470588235294,0.6875
0.03678929765886288,0.6875
0.03681392235609103,0.6875
0.036838580040187544,0.6875
0.03686327077747989,0.6875
0.03688799463447351,0.6875
0.03691275167785235,0.6875
0.036937541974479515,0.6875
0.03696236559139785,0.6875
0.03698722259583053,0.6875
0.0370121130551817,0.6875
0.037037037037037035,0.6875
0.03706199460916442,0.6875
0.037086985839514496,0.6875
0.037112010796221326,0.6875
0.03713706954760297,0.6875
0.037162162162162164,0.6875
0.03718728870858688,0.6875
0.03721244925575101,0.6875
0.037237643872714964,0.6875
0.03726287262872629,0.6875
0.03728813559322034,0.6875
0.03731343283582089,0.6875
0.0373387644263408,0.6875
0.03736413043478261,0.6875
0.037389530931339225,0.6875
0.03741496598639456,0.6875
0.037440435670524165,0.6875
0.03746594005449591,0.6875
0.03749147920927062,0.6875
0.03751705320600273,0.6875
0.03754266211604096,0.6875
0.036885245901639344,0.675
0.03691045796308954,0.675
0.036935704514363885,0.675
0.03696098562628337,0.675
0.036986301369863014,0.675
0.037011651816312545,0.675
0.037037037037037035,0.675
0.03706245710363761,0.675
0.03708791208791209,0.675
0.03711340206185567,0.675
0.037138927097661624,0.675
0.03716448726772195,0.675
0.0371900826446281,0.675
0.037215713301171606,0.675
0.037241379310344824,0.675
0.037267080745341616,0.675
0.03729281767955801,0.675
0.03731859018659295,0.675
0.03734439834024896,0.675
0.03737024221453287,0.675
0.037396121883656507,0.675
0.037422037422037424,0.675
0.03744798890429958,0.675
0.03747397640527411,0.675
0.0375,0.675
0.037526059763724806,0.675
0.037552155771905425,0.675
0.037578288100208766,0.675
0.037604456824512536,0.675
0.037630662020905925,0.675
0.03765690376569038,0.675
0.03768318213538032,0.675
0.03770949720670391,0.675
0.037037037037037035,0.6625
0.03706293706293706,0.6625
0.0370888733379986,0.6625
0.03711484593837535,0.6625
0.03714085494043448,0.6625
0.03716690042075736,0.6625
0.037192982456140354,0.6625
0.037219101123595506,0.6625
0.03724525650035137,0.6625
0.03727144866385373,0.6625
0.03729767769176636,0.6625
0.03732394366197183,0.6625
0.037350246652572236,0.6625
0.03737658674188998,0.6625
0.0374029640084686,0.6625
0.03742937853107345,0.6625
0.03745583038869258,0.6625
0.03748231966053748,0.6625
0.03680113234253362,0.65
0.036827195467422094,0.65
0.0368532955350815,0.65
0.03687943262411347,0.65
0.036905606813342796,0.65
0.036931818181818184,0.65
0.03695806680881308,0.65
0.03698435277382646,0.65
0.03701067615658363,0.65
0.037037037037037035,0.65
0.03706343549536707,0.65
0.037089871611982884,0.65
0.037116345467523196,0.65
0.037142857142857144,0.65
0.03716940671908506,0.65
0.03719599427753934,0.65
0.03722261989978525,0.65
0.03724928366762178,0.65
0.03727598566308244,0.65
0.03730272596843615,0.65
0.03732950466618808,0.65
0.03735632183908046,0.65
0.037383177570093455,0.65
0.03741007194244604,0.65
0.037437005039596835,0.65
0.037463976945244955,0.65
0.03749098774333093,0.65
0.03751803751803752,0.65
0.03754512635379061,0.65
0.03757225433526012,0.65
0.03759942154736081,0.65
0.03762662807525326,0.65
0.03765387400434468,0.65
0.03768115942028986,0.65
0.03770848440899202,0.65
0.03773584905660377,0.65
0.03776325344952796,0.65
0.0377906976744186,0.65
0.03781818181818182,0.65
0.03784570596797671,0.65
0.037873270211216316,0.65
0.037900874635568516,0.65
0.03792851932895697,0.65
0.03795620437956204,0.65
0.03798392987582177,0.65
0.038011695906432746,0.65
0.038039502560351136,0.65
0.03806734992679356,0.65
0.0380952380952381,0.65
0.03812316715542522,0.65
0.03815113719735877,0.65
0.0381791483113069,0.65
0.03820720058780309,0.65
0.03823529411764706,0.65
0.03826342899190582,0.65
0.03829160530191458,0.65
0.03831982313927782,0.65
0.038348082595870206,0.65
0.03837638376383764,0.65
0.03840472673559823,0.65
0.038433111603843315,0.65
0.038461538461538464,0.65
0.0384900074019245,0.65
0.03851851851851852,0.65
0.0385470719051149,0.65
0.03857566765578635,0.65
0.038604305864884926,0.65
0.03863298662704309,0.65
0.038661710037174724,0.65
0.03869047619047619,0.65
0.0387192851824274,0.65
0.038748137108792845,0.65
0.03877703206562267,0.65
0.03880597014925373,0.65
0.038834951456310676,0.65
0.03886397608370702,0.65
0.03889304412864622,0.65
0.038922155688622756,0.65
0.03895131086142322,0.65
0.038980509745127435,0.65
0.03900975243810953,0.65
0.03903903903903904,0.65
0.03906836964688205,0.65
0.039097744360902256,0.65
0.03912716328066215,0.65
0.0391566265060241,0.65
0.03918613413715147,0.65
0.0392156862745098,0.65
0.03924528301886793,0.65
0.03927492447129909,0.65
0.039304610733182165,0.65
0.039334341906202726,0.65
0.03936411809235428,0.65
0.03939393939393939,0.65
0.039423805913570885,0.65
0.03945371775417299,0.65
0.039483675018982534,0.65
0.03951367781155015,0.65
0.03954372623574144,0.65
0.0395738203957382,0.65
0.039603960396039604,0.65
0.039634146341463415,0.65
0.03966437833714721,0.65
0.03969465648854962,0.65
0.03972498090145149,0.65
0.039755351681957186,0.65
0.03978576893649579,0.65
0.039816232771822356,0.65
0.03984674329501916,0.65
0.03987730061349693,0.65
0.039907904834996163,0.65
0.03917050691244239,0.6375
0.03920061491160646,0.6375
0.03923076923076923,0.6375
0.03926096997690531,0.6375
0.039291217257318954,0.6375
0.03932151117964534,0.6375
0.03935185185185185,0.6375
0.039382239382239385,0.6375
0.03941267387944358,0.6375
0.03944315545243619,0.6375
0.039473684210526314,0.6375
0.039504260263361735,0.6375
0.03953488372093023,0.6375
0.0395655546935609,0.6375
0.039596273291925464,0.6375
0.039627039627039624,0.6375
0.03965785381026438,0.6375
0.03968871595330739,0.6375
0.0397196261682243,0.6375
0.03975058456742011,0.6375
0.039781591263650544,0.6375
0.03981264637002342,0.6375
0.03984375,0.6375
0.0398749022673964,0.6375
0.03990610328638498,0.6375
0.039937353171495694,0.6375
0.039968652037617555,0.6375
0.04,0.6375
0.040031397174254316,0.6375
0.04006284367635507,0.6375
0.04009433962264151,0.6375
0.04012588512981904,0.6375
0.04015748031496063,0.6375
0.04018912529550828,0.6375
0.04022082018927445,0.6375
0.04025256511444357,0.6375
0.04028436018957346,0.6375
0.04031620553359684,0.6375
0.040348101265822785,0.6375
0.040380047505938245,0.6375
0.04041204437400951,0.6375
0.040444091990483745,0.6375
0.04047619047619048,0.6375
0.04050833995234313,0.6375
0.04054054054054054,0.6375
0.0405727923627685,0.6375
0.04060509554140127,0.6375
0.04063745019920319,0.6375
0.04066985645933014,0.6375
0.040702314445331206,0.6375
0.04073482428115016,0.6375
0.0407673860911271,0.6375
0.0408,0.6375
0.04083266613290633,0.6375
0.040865384615384616,0.6375
0.0408981555733761,0.6375
0.040930979133226325,0.6375
0.04096385542168675,0.6375
0.0409967845659164,0.6375
0.04102976669348351,0.6375
0.04106280193236715,0.6375
0.0410958904109589,0.6375
0.04112903225806452,0.6375
0.04116222760290557,0.6375
0.04119547657512116,0.6375
0.041228779304769606,0.6375
0.0412621359223301,0.6375
0.04129554655870445,0.6375
0.041329011345218804,0.6375
0.0413625304136253,0.6375
0.041396103896103896,0.6375
0.04061738424045491,0.625
0.03983739837398374,0.6125
0.03986981285598047,0.6125
0.039902280130293157,0.6125
0.03993480032599837,0.6125
0.0399673735725938,0.6125
0.04,0.6125
0.04003267973856209,0.6125
0.04006541291905151,0.6125
0.040098199672667756,0.6125
0.04013104013104013,0.6125
0.04016393442622951,0.6125
0.04019688269073011,0.6125
0.040229885057471264,0.6125
0.04026294165981923,0.6125
0.04029605263157895,0.6125
0.03950617283950617,0.6
0.039538714991762765,0.6
0.03957131079967024,0.6
0.039603960396039604,0.6
0.038810900082576386,0.5875
0.03884297520661157,0.5875
0.03887510339123242,0.5875
0.03890728476821192,0.5875
0.03893951946975974,0.5875
0.03897180762852405,0.5875
0.03900414937759336,0.5875
0.03903654485049834,0.5875
0.03906899418121363,0.5875
0.039101497504159734,0.5875
0.03913405495420483,0.5875
0.03916666666666667,0.5875
0.03919933277731443,0.5875
0.03923205342237062,0.5875
0.03926482873851295,0.5875
0.039297658862876256,0.5875
0.03933054393305439,0.5875
0.03936348408710218,0.5875
0.039396479463537304,0.5875
0.03942953020134228,0.5875
0.03946263643996641,0.5875
0.03949579831932773,0.5875
0.03952901597981497,0.5875
0.03956228956228956,0.5875
0.039595619208087615,0.5875
0.03962900505902192,0.5875
0.039662447257383965,0.5875
0.03969594594594594,0.5875
0.039729501267962805,0.5875
0.038917089678511,0.575
0.03895004233700254,0.575
0.03898305084745763,0.575
0.039016115351993216,0.575
0.03904923599320883,0.575
0.03908241291418862,0.575
0.0391156462585034,0.575
0.03914893617021276,0.575
0.039182282793867124,0.575
0.03836317135549872,0.5625
0.03839590443686007,0.5625
0.03842869342442357,0.5625
0.037606837606837605,0.55
0.037639007698887936,0.55
0.03767123287671233,0.55
0.037703513281919454,0.55
0.03773584905660377,0.55
0.03776824034334764,0.55
0.037800687285223365,0.55
0.037833190025795355,0.55
0.0378657487091222,0.55
0.03789836347975883,0.55
0.03793103448275862,0.55
0.03796376186367558,0.55
0.037996545768566495,0.55
0.03802938634399308,0.55
0.03806228373702422,0.55
0.0380952380952381,0.55
0.038128249566724434,0.55
0.03816131830008673,0.55
0.03819444444444445,0.55
0.038227628149435276,0.55
0.03826086956521739,0.55
0.038294168842471714,0.55
0.03832752613240418,0.55
0.03836094158674804,0.55
0.038394415357766144,0.55
0.03842794759825328,0.55
0.038461538461538464,0.55
0.03849518810148731,0.55
0.03852889667250438,0.55
0.03856266432953549,0.55
0.03859649122807018,0.55
0.038630377524143986,0.55
0.03866432337434095,0.55
0.03869832893579595,0.55
0.03873239436619718,0.55
0.038766519823788544,0.55
0.03880070546737213,0.55
0.038834951456310676,0.55
0.038869257950530034,0.55
0.038903625110521665,0.55
0.03893805309734513,0.55
0.03897254207263064,0.55
0.03900709219858156,0.55
0.03904170363797693,0.55
0.03907637655417407,0.55
0.03911111111111111,0.55
0.03914590747330961,0.55
0.039180765805877114,0.55
0.0392156862745098,0.55
0.039250669045495096,0.55
0.039285714285714285,0.55
0.03932082216264522,0.55
0.03935599284436494,0.55
0.03939122649955237,0.55
0.03942652329749104,0.55
0.039461883408071746,0.55
0.03949730700179533,0.55
0.039532794249775384,0.55
0.039568345323741004,0.55
0.039603960396039604,0.55
0.03963963963963964,0.55
0.03967538322813345,0.55
0.039711191335740074,0.55
0.03974706413730804,0.55
0.039783001808318265,0.55
0.039819004524886875,0.55
0.03985507246376811,0.55
0.03989120580235721,0.55
0.039927404718693285,0.55
0.03996366939146231,0.55
0.04,0.55
0.040036396724294813,0.55
0.04007285974499089,0.55
0.040109389243391066,0.55
0.040145985401459854,0.55
0.04018264840182648,0.55
0.04021937842778794,0.55
0.04025617566331199,0.55
0.040293040293040296,0.55
0.04032997250229148,0.55
0.04036697247706422,0.55
0.04040404040404041,0.55
0.04044117647058824,0.55
0.040478380864765406,0.55
0.040515653775322284,0.55
0.04055299539170507,0.55
0.04059040590405904,0.55
0.040627885503231764,0.55
0.04066543438077634,0.55
0.04070305272895467,0.55
0.040740740740740744,0.55
0.04077849860982391,0.55
0.039888682745825604,0.5375
0.039925719591457756,0.5375
0.039962825278810406,0.5375
0.04,0.5375
0.04003724394785847,0.5375
0.04007455731593663,0.5375
0.04011194029850746,0.5375
0.040149393090569564,0.5375
0.04018691588785047,0.5375
0.040224508886810104,0.5375
0.040262172284644196,0.5375
0.04029990627928772,0.5375
0.040337711069418386,0.5375
0.04037558685446009,0.5375
0.040413533834586464,0.5375
0.04045155221072436,0.5375
0.04048964218455744,0.5375
0.04052780395852969,0.5375
0.040566037735849055,0.5375
0.04060434372049103,0.5375
0.04064272211720227,0.5375
0.04068117313150426,0.5375
0.04071969696969697,0.5375
0.03981042654028436,0.525
0.03984819734345351,0.525
0.039886039886039885,0.525
0.039923954372623575,0.525
0.039961941008563276,0.525
0.04,0.525
0.04003813155386082,0.525
0.04007633587786259,0.525
0.04011461318051576,0.525
0.040152963671128104,0.525
0.04019138755980861,0.525
0.040229885057471264,0.525
0.040268456375838924,0.525
0.04030710172744722,0.525
0.040345821325648415,0.525
0.03942307692307692,0.5125
0.03946102021174206,0.5125
0.0394990366088632,0.5125
0.03953712632594021,0.5125
0.03957528957528957,0.5125
0.03961352657004831,0.5125
0.039651837524177946,0.5125
0.03969022265246854,0.5125
0.03972868217054264,0.5125
0.03976721629485936,0.5125
0.039805825242718446,0.5125
0.03984450923226433,0.5125
0.038910505836575876,0.5
0.03894839337877313,0.5
0.03898635477582846,0.5
0.03902439024390244,0.5
0.0390625,0.5
0.039100684261974585,0.5
0.03913894324853229,0.5
0.039177277179236046,0.5
0.0392156862745098,0.5
0.03925417075564279,0.5
0.03929273084479371,0.5
0.03933136676499508,0.5
0.03937007874015748,0.5
0.03940886699507389,0.5
0.03944773175542406,0.5
0.039486673247778874,0.5
0.039525691699604744,0.5
0.03956478733926805,0.5
0.039603960396039604,0.5
0.03964321110009911,0.5
0.03968253968253968,0.5
0.039721946375372394,0.5
0.039761431411530816,0.5
0.03980099502487562,0.5
0.0398406374501992,0.5
0.038883349950149554,0.4875
0.038922155688622756,0.4875
0.03896103896103896,0.4875
0.039,0.4875
0.03903903903903904,0.4875
0.03907815631262525,0.4875
0.03911735205616851,0.4875
0.0391566265060241,0.4875
0.03919597989949749,0.4875
0.039235412474849095,0.4875
0.03927492447129909,0.4875
0.03931451612903226,0.4875
0.039354187689202826,0.4875
0.03939393939393939,0.4875
0.03943377148634985,0.4875
0.039473684210526314,0.4875
0.03951367781155015,0.4875
0.03955375253549696,0.4875
0.03959390862944162,0.4875
0.039634146341463415,0.4875
0.03967446592065107,0.4875
0.03971486761710794,0.4875
0.039755351681957186,0.4875
0.03979591836734694,0.4875
0.03983656792645557,0.4875
0.03987730061349693,0.4875
0.03991811668372569,0.4875
0.039959016393442626,0.4875
0.04,0.4875
0.04004106776180698,0.4875
0.040082219938335044,0.4875
0.040123456790123455,0.4875
0.04016477857878476,0.4875
0.03917525773195876,0.475
0.0392156862745098,0.475
0.03925619834710744,0.475
0.03929679420889348,0.475
0.039337474120082816,0.475
0.039378238341968914,0.475
0.03941908713692946,0.475
0.03946002076843198,0.475
0.0395010395010395,0.475
0.03954214360041623,0.475
0.03958333333333333,0.475
0.03962460896767466,0.475
0.03966597077244259,0.475
0.038662486938349006,0.4625
0.038702928870292884,0.4625
0.0387434554973822,0.4625
0.03878406708595388,0.4625
0.03882476390346275,0.4625
0.038865546218487396,0.4625
0.03890641430073607,0.4625
0.03894736842105263,0.4625
0.03898840885142255,0.4625
0.039029535864978905,0.4625
0.03907074973600845,0.4625
0.039112050739957716,0.4625
0.039153439153439155,0.4625
0.03919491525423729,0.4625
0.03923647932131495,0.4625
0.03927813163481953,0.4625
0.039319872476089264,0.4625
0.039361702127659576,0.4625
0.039403620873269436,0.4625
0.039445628997867806,0.4625
0.03948772678762007,0.4625
0.03952991452991453,0.4625
0.039572192513368985,0.4625
0.03961456102783726,0.4625
0.03965702036441586,0.4625
0.03969957081545064,0.4625
0.0397422126745435,0.4625
0.03978494623655914,0.4625
0.03982777179763186,0.4625
0.03987068965517242,0.4625
0.039913700107874865,0.4625
0.03995680345572354,0.4625
0.04,0.4625
0.04004329004329004,0.4625
0.04008667388949079,0.4625
0.04013015184381779,0.4625
0.04017372421281216,0.4625
0.04021739130434782,0.4625
0.04026115342763874,0.4625
0.04030501089324619,0.4625
0.04034896401308615,0.4625
0.04039301310043668,0.4625
0.040437158469945354,0.4625
0.04048140043763676,0.4625
0.040525739320920046,0.4625
0.04057017543859649,0.4625
0.04061470911086718,0.4625
0.04065934065934066,0.4625
0.0407040704070407,0.4625
0.040748898678414094,0.4625
0.040793825799338476,0.4625
0.04083885209713024,0.4625
0.04088397790055249,0.4625
0.04092920353982301,0.4625
0.04097452934662237,0.4625
0.041019955654102,0.4625
0.041065482796892344,0.4625
0.04111111111111111,0.4625
0.041156840934371525,0.4625
0.04120267260579064,0.4625
0.04124860646599777,0.4625
0.041294642857142856,0.4625
0.041340782122905026,0.4625
0.04138702460850112,0.4625
0.04143337066069429,0.4625
0.04035874439461883,0.45
0.04040404040404041,0.45
0.04044943820224719,0.45
0.04049493813273341,0.45
0.04054054054054054,0.45
0.040586245772266064,0.45
0.040632054176072234,0.45
0.04067796610169491,0.45
0.04072398190045249,0.45
0.04077010192525481,0.45
0.04081632653061224,0.45
0.04086265607264472,0.45
0.04090909090909091,0.45
0.040955631399317405,0.45
0.04100227790432802,0.45
0.04104903078677309,0.45
0.0410958904109589,0.45
0.04114285714285714,0.45
0.041189931350114416,0.45
0.041237113402061855,0.45
0.04128440366972477,0.45
0.04133180252583238,0.45
0.041379310344827586,0.45
0.04142692750287687,0.45
0.041474654377880185,0.45
0.04152249134948097,0.45
0.04157043879907621,0.45
0.04161849710982659,0.45
0.04050925925925926,0.4375
0.04055619930475087,0.4375
0.04060324825986079,0.4375
0.04065040650406504,0.4375
0.040697674418604654,0.4375
0.04074505238649592,0.4375
0.04079254079254079,0.4375
0.040840140023337225,0.4375
0.04088785046728972,0.4375
0.04093567251461988,0.4375
0.040983606557377046,0.4375
0.041031652989449004,0.4375
0.04107981220657277,0.4375
0.041128084606345476,0.4375
0.041176470588235294,0.4375
0.04122497055359246,0.4375
0.041273584905660375,0.4375
0.04132231404958678,0.4375
0.041371158392434985,0.4375
0.04142011834319527,0.4375
0.041469194312796206,0.4375
0.04151838671411625,0.4375
0.04156769596199525,0.4375
0.041617122473246136,0.4375
0.041666666666666664,0.4375
0.041716328963051254,0.4375
0.041766109785202864,0.4375
0.04181600955794504,0.4375
0.041866028708133975,0.4375
0.041916167664670656,0.4375
0.04196642685851319,0.4375
0.04201680672268908,0.4375
0.042067307692307696,0.4375
0.0421179302045728,0.4375
0.04216867469879518,0.4375
0.04221954161640531,0.4375
0.042270531400966184,0.4375
0.04232164449818621,0.4375
0.0423728813559322,0.4375
0.04242424242424243,0.4375
0.04247572815533981,0.4375
0.0425273390036452,0.4375
0.04257907542579075,0.4375
0.04263093788063337,0.4375
0.042682926829268296,0.4375
0.042735042735042736,0.4375
0.042787286063569685,0.4375
0.042839657282741736,0.4375
0.0428921568627451,0.4375
0.04294478527607362,0.4375
0.042997542997543,0.4375
0.04305043050430504,0.4375
0.04310344827586207,0.4375
0.04315659679408138,0.4375
0.043209876543209874,0.4375
0.04326328800988875,0.4375
0.043316831683168314,0.4375
0.04337050805452292,0.4375
0.043424317617866005,0.4375
0.043478260869565216,0.4375
0.043532338308457715,0.4375
0.043586550435865505,0.4375
0.043640897755610975,0.4375
0.04244694132334582,0.425
0.0425,0.425
0.0425531914893617,0.425
0.042606516290726815,0.425
0.04265997490589712,0.425
0.04271356783919598,0.425
0.042767295597484274,0.425
0.042821158690176324,0.425
0.04287515762925599,0.425
0.04292929292929293,0.425
0.04298356510745891,0.425
0.043037974683544304,0.425
0.043092522179974654,0.425
0.04314720812182741,0.425
0.043202033036848796,0.425
0.043256997455470736,0.425
0.04331210191082802,0.425
0.04336734693877551,0.425
0.04342273307790549,0.425
0.043478260869565216,0.425
0.04353393085787452,0.425
0.04358974358974359,0.425
0.04236200256739409,0.4125
0.042416452442159386,0.4125
0.04247104247104247,0.4125
0.04252577319587629,0.4125
0.04258064516129032,0.4125
0.04263565891472868,0.4125
0.042690815006468305,0.4125
0.042746113989637305,0.4125
0.042801556420233464,0.4125
0.04285714285714286,0.4125
0.04291287386215865,0.4125
0.04296875,0.4125
0.04302477183833116,0.4125
0.04308093994778068,0.4125
0.043137254901960784,0.4125
0.04319371727748691,0.4125
0.04325032765399738,0.4125
0.04330708661417323,0.4125
0.04336399474375821,0.4125
0.04342105263157895,0.4125
0.043478260869565216,0.4125
0.04353562005277045,0.4125
0.043593130779392336,0.4125
0.04365079365079365,0.4125
0.04370860927152318,0.4125
0.04376657824933687,0.4125
0.043824701195219126,0.4125
0.043882978723404256,0.4125
0.043941411451398134,0.4125
0.044,0.4125
0.044058744993324434,0.4125
0.04411764705882353,0.4125
0.04417670682730924,0.4125
0.04423592493297587,0.4125
0.04429530201342282,0.4125
0.04435483870967742,0.4125
0.04441453566621804,0.4125
0.0444743935309973,0.4125
0.044534412955465584,0.4125
0.0445945945945946,0.4125
0.044654939106901215,0.4125
0.044715447154471545,0.4125
0.04477611940298507,0.4125
0.04483695652173913,0.4125
0.044897959183673466,0.4125
0.04495912806539509,0.4125
0.045020463847203276,0.4125
0.045081967213114756,0.4125
0.04514363885088919,0.4125
0.045205479452054796,0.4125
0.04526748971193416,0.4125
0.04532967032967033,0.4125
0.0453920220082531,0.4125
0.045454545454545456,0.4125
0.04551724137931035,0.4125
0.04558011049723757,0.4125
0.04564315352697095,0.4125
0.045706371191135735,0.4125
0.04576976421636616,0.4125
0.04583333333333333,0.4125
0.0458970792767733,0.4125
0.04596100278551532,0.4125
0.04602510460251046,0.4125
0.046089385474860335,0.4125
0.046153846153846156,0.4125
0.04481792717086835,0.4
0.04488078541374474,0.4
0.0449438202247191,0.4
0.0450070323488045,0.4
0.04507042253521127,0.4
0.045133991537376586,0.4
0.04519774011299435,0.4
0.04526166902404526,0.4
0.0453257790368272,0.4
0.04539007092198582,0.4
0.045454545454545456,0.4
0.04551920341394026,0.4
0.045584045584045586,0.4
0.0456490727532097,0.4
0.045714285714285714,0.4
0.045779685264663805,0.4
0.045845272206303724,0.4
0.04591104734576758,0.4
0.04597701149425287,0.4
0.0460431654676259,0.4
0.04610951008645533,0.4
0.046176046176046176,0.4
0.046242774566473986,0.4
0.04486251808972504,0.3875
0.04492753623188406,0.3875
0.04499274310595065,0.3875
0.04505813953488372,0.3875
0.04512372634643377,0.3875
0.04518950437317784,0.3875
0.04525547445255475,0.3875
0.04532163742690058,0.3875
0.04538799414348463,0.3875
0.045454545454545456,0.3875
0.04552129221732746,0.3875
0.045588235294117645,0.3875
0.045655375552282766,0.3875
0.045722713864306784,0.3875
0.04579025110782865,0.3875
0.04585798816568047,0.3875
0.045925925925925926,0.3875
0.04599406528189911,0.3875
0.04606240713224369,0.3875
0.046130952380952384,0.3875
0.046199701937406856,0.3875
0.04626865671641791,0.3875
0.04633781763826607,0.3875
0.04640718562874251,0.3875
0.046476761619190406,0.3875
0.046546546546546545,0.3875
0.04661654135338346,0.3875
0.046686746987951805,0.3875
0.04675716440422323,0.3875
0.04682779456193353,0.3875
0.046898638426626324,0.3875
0.04696969696969697,0.3875
0.04704097116843703,0.3875
0.04711246200607903,0.3875
0.0471841704718417,0.3875
0.04725609756097561,0.3875
0.04732824427480916,0.3875
0.047400611620795105,0.3875
0.04747320061255743,0.3875
0.04754601226993865,0.3875
0.047619047619047616,0.3875
0.047692307692307694,0.3875
0.04776579352850539,0.3875
0.047839506172839504,0.3875
0.04791344667697063,0.3875
0.047987616099071206,0.3875
0.04806201550387597,0.3875
0.04813664596273292,0.3875
0.04821150855365474,0.3875
0.048286604361370715,0.3875
0.0483619344773791,0.3875
0.0484375,0.3875
0.048513302034428794,0.3875
0.048589341692789965,0.3875
0.04866562009419152,0.3875
0.04874213836477988,0.3875
0.048818897637795275,0.3875
0.04889589905362776,0.3875
0.04897314375987362,0.3875
0.0490506329113924,0.3875
0.0491283676703645,0.3875
0.049206349206349205,0.3875
0.0492845786963434,0.3875
0.04936305732484077,0.3875
0.049441786283891544,0.3875
0.04952076677316294,0.3875
0.0496,0.3875
0.049679487179487176,0.3875
0.04975922953451043,0.3875
0.04983922829581994,0.3875
0.0499194847020934,0.3875
0.05,0.3875
0.050080775444264945,0.3875
0.05016181229773463,0.3875
0.050243111831442464,0.3875
0.05032467532467533,0.3875
0.05040650406504065,0.3875
0.050488599348534204,0.3875
0.05057096247960848,0.3875
0.05065359477124183,0.3875
0.05073649754500818,0.3875
0.05081967213114754,0.3875
0.05090311986863711,0.3875
0.05098684210526316,0.3875
0.051070840197693576,0.3875
0.05115511551155116,0.3875
0.0512396694214876,0.3875
0.05132450331125828,0.3875
0.05140961857379768,0.3875
0.05149501661129568,0.3875
0.051580698835274545,0.3875
0.051666666666666666,0.3875
0.05175292153589316,0.3875
0.051839464882943144,0.3875
0.051926298157453935,0.3875
0.05201342281879195,0.3875
0.052100840336134456,0.3875
0.05218855218855219,0.3875
0.05227655986509275,0.3875
0.052364864864864864,0.3875
0.05245346869712352,0.3875
0.05254237288135593,0.3875
0.05263157894736842,0.3875
0.05272108843537415,0.3875
0.05281090289608177,0.3875
0.052901023890784986,0.3875
0.05299145299145299,0.3875
0.053082191780821915,0.3875
0.05317324185248713,0.3875
0.05326460481099656,0.3875
0.05335628227194492,0.3875
0.05344827586206897,0.3875
0.05181347150259067,0.375
0.05190311418685121,0.375
0.05199306759098787,0.375
0.052083333333333336,0.375
0.05217391304347826,0.375
0.05226480836236934,0.375
0.05235602094240838,0.375
0.05244755244755245,0.375
0.05253940455341506,0.375
0.05087719298245614,0.3625
0.050966608084358524,0.3625
0.051056338028169015,0.3625
0.05114638447971781,0.3625
0.05123674911660778,0.3625
0.05132743362831858,0.3625
0.051418439716312055,0.3625
0.05150976909413854,0.3625
0.0498220640569395,0.35
0.049910873440285206,0.35
0.05,0.35
0.05008944543828265,0.35
0.05017921146953405,0.35
0.05026929982046679,0.35
0.050359712230215826,0.35
0.05045045045045045,0.35
0.05054151624548736,0.35
0.05063291139240506,0.35
0.050724637681159424,0.35
0.050816696914700546,0.35
0.05090909090909091,0.35
0.051001821493624776,0.35
0.051094890510948905,0.35
0.051188299817184646,0.35
0.05128205128205128,0.35
0.05137614678899083,0.35
0.051470588235294115,0.35
0.05156537753222836,0.35
0.05166051660516605,0.35
0.051756007393715345,0.35
0.05185185185185185,0.35
0.05194805194805195,0.35
0.05204460966542751,0.35
0.0521415270018622,0.35
0.05223880597014925,0.35
0.052336448598130844,0.35
0.052434456928838954,0.35
0.0525328330206379,0.35
0.05263157894736842,0.35
0.05273069679849341,0.35
0.052830188679245285,0.35
0.052930056710775046,0.35
0.05303030303030303,0.35
0.05313092979127135,0.35
0.053231939163498096,0.35
0.05333333333333334,0.35
0.05343511450381679,0.35
0.05353728489483748,0.35
0.05363984674329502,0.35
0.053742802303262956,0.35
0.05384615384615385,0.35
0.05394990366088632,0.35
0.05405405405405406,0.35
0.05415860735009671,0.35
0.05426356589147287,0.35
0.05436893203883495,0.35
0.054474708171206226,0.35
0.05458089668615984,0.35
0.0546875,0.35
0.0547945205479452,0.35
0.054901960784313725,0.35
0.0550098231827112,0.35
0.0531496062992126,0.3375
0.05325443786982249,0.3375
0.05138339920948617,0.325
0.05148514851485148,0.325
0.051587301587301584,0.325
0.05168986083499006,0.325
0.05179282868525897,0.325
0.05189620758483034,0.325
0.052,0.325
0.052104208416833664,0.325
0.05220883534136546,0.325
0.052313883299798795,0.325
0.05241935483870968,0.325
0.052525252525252523,0.325
0.05263157894736842,0.325
0.05070993914807302,0.3125
0.0508130081300813,0.3125
0.05091649694501019,0.3125
0.05102040816326531,0.3125
0.05112474437627812,0.3125
0.05122950819672131,0.3125
0.0513347022587269,0.3125
0.051440329218107,0.3125
0.05154639175257732,0.3125
0.05165289256198347,0.3125
0.051759834368530024,0.3125
0.05186721991701245,0.3125
0.05197505197505198,0.3125
0.052083333333333336,0.3125
0.05219206680584551,0.3125
0.05230125523012552,0.3125
0.05241090146750524,0.3125
0.05042016806722689,0.3
0.05052631578947368,0.3
0.05063291139240506,0.3
0.0507399577167019,0.3
0.048728813559322036,0.2875
0.04883227176220807,0.2875
0.04893617021276596,0.2875
0.04904051172707889,0.2875
0.049145299145299144,0.2875
0.04925053533190578,0.2875
0.04935622317596566,0.2875
0.04946236559139785,0.2875
0.04956896551724138,0.2875
0.04967602591792657,0.2875
0.049783549783549784,0.2875
0.049891540130151846,0.2875
0.05,0.2875
0.05010893246187364,0.2875
0.05021834061135371,0.2875
0.05032822757111598,0.2875
0.05043859649122807,0.2875
0.05054945054945055,0.2875
0.048458149779735685,0.275
0.04856512141280353,0.275
0.048672566371681415,0.275
0.04878048780487805,0.275
0.04888888888888889,0.275
0.0467706013363029,0.2625
0.046875,0.2625
0.04697986577181208,0.2625
0.04708520179372197,0.2625
0.04719101123595506,0.2625
0.0472972972972973,0.2625
0.045146726862302484,0.25
0.04524886877828054,0.25
0.045351473922902494,0.25
0.045454545454545456,0.25
0.04555808656036447,0.25
0.045662100456621,0.25
0.04576659038901602,0.25
0.045871559633027525,0.25
0.04597701149425287,0.25
0.04608294930875576,0.25
0.046189376443418015,0.25
0.046296296296296294,0.25
0.04640371229698376,0.25
0.046511627906976744,0.25
0.046620046620046623,0.25
0.04672897196261682,0.25
0.0468384074941452,0.25
0.046948356807511735,0.25
0.047058823529411764,0.25
0.04716981132075472,0.25
0.04728132387706856,0.25
0.045023696682464455,0.2375
0.04513064133016627,0.2375
0.04523809523809524,0.2375
0.045346062052505964,0.2375
0.045454545454545456,0.2375
0.045563549160671464,0.2375
0.04567307692307692,0.2375
0.04578313253012048,0.2375
0.04589371980676329,0.2375
0.04600484261501211,0.2375
0.04611650485436893,0.2375
0.046228710462287104,0.2375
0.046341463414634146,0.2375
0.04645476772616137,0.2375
0.04656862745098039,0.2375
0.04668304668304668,0.2375
0.046798029556650245,0.2375
0.04691358024691358,0.2375
0.04702970297029703,0.2375
0.04714640198511166,0.2375
0.0472636815920398,0.2375
0.04738154613466334,0.2375
0.0475,0.2375
0.047619047619047616,0.2375
0.04773869346733668,0.2375
0.04785894206549118,0.2375
0.047979797979797977,0.2375
0.04810126582278481,0.2375
0.048223350253807105,0.2375
0.04834605597964377,0.2375
0.04846938775510204,0.2375
0.04859335038363171,0.2375
0.04871794871794872,0.2375
0.04884318766066838,0.2375
0.04896907216494845,0.2375
0.04909560723514212,0.2375
0.04922279792746114,0.2375
0.04935064935064935,0.2375
0.049479166666666664,0.2375
0.04960835509138381,0.2375
0.049738219895287955,0.2375
0.049868766404199474,0.2375
0.05,0.2375
0.05013192612137203,0.2375
0.05026455026455026,0.2375
0.050397877984084884,0.2375
0.05053191489361702,0.2375
0.050666666666666665,0.2375
0.05080213903743316,0.2375
0.05093833780160858,0.2375
0.051075268817204304,0.2375
0.05121293800539083,0.2375
0.051351351351351354,0.2375
0.051490514905149054,0.2375
0.051630434782608696,0.2375
0.051771117166212535,0.2375
0.05191256830601093,0.2375
0.052054794520547946,0.2375
0.0521978021978022,0.2375
0.05234159779614325,0.2375
0.052486187845303865,0.2375
0.05263157894736842,0.2375
0.05277777777777778,0.2375
0.052924791086350974,0.2375
0.05307262569832402,0.2375
0.05322128851540616,0.2375
0.05337078651685393,0.2375
0.05352112676056338,0.2375
0.05367231638418079,0.2375
0.053824362606232294,0.2375
0.05397727272727273,0.2375
0.05413105413105413,0.2375
0.054285714285714284,0.2375
0.054441260744985676,0.2375
0.05459770114942529,0.2375
0.05187319884726225,0.225
0.05202312138728324,0.225
0.05217391304347826,0.225
0.05232558139534884,0.225
0.052478134110787174,0.225
0.05263157894736842,0.225
0.05278592375366569,0.225
0.052941176470588235,0.225
0.05309734513274336,0.225
0.05325443786982249,0.225
0.05341246290801187,0.225
0.05357142857142857,0.225
0.05373134328358209,0.225
0.05089820359281437,0.2125
0.05105105105105105,0.2125
0.05120481927710843,0.2125
0.0513595166163142,0.2125
0.051515151515151514,0.2125
0.05167173252279635,0.2125
0.051829268292682924,0.2125
0.05198776758409786,0.2125
0.05214723926380368,0.2125
0.052307692307692305,0.2125
0.05246913580246913,0.2125
0.05263157894736842,0.2125
0.052795031055900624,0.2125
0.0529595015576324,0.2125
0.053125,0.2125
0.05329153605015674,0.2125
0.05345911949685535,0.2125
0.05362776025236593,0.2125
0.05379746835443038,0.2125
0.05396825396825397,0.2125
0.054140127388535034,0.2125
0.054313099041533544,0.2125
0.05448717948717949,0.2125
0.05466237942122187,0.2125
0.054838709677419356,0.2125
0.05501618122977346,0.2125
0.05519480519480519,0.2125
0.05211726384364821,0.2
0.05228758169934641,0.2
0.05245901639344262,0.2
0.05263157894736842,0.2
0.052805280528052806,0.2
0.052980132450331126,0.2
0.053156146179401995,0.2
0.05333333333333334,0.2
0.05016722408026756,0.1875
0.050335570469798654,0.1875
0.050505050505050504,0.1875
0.05067567567567568,0.1875
0.05084745762711865,0.1875
0.05102040816326531,0.1875
0.051194539249146756,0.1875
0.05136986301369863,0.1875
0.05154639175257732,0.1875
0.05172413793103448,0.1875
0.05190311418685121,0.1875
0.052083333333333336,0.1875
0.05226480836236934,0.1875
0.05244755244755245,0.1875
0.05263157894736842,0.1875
0.0528169014084507,0.1875
0.053003533568904596,0.1875
0.05319148936170213,0.1875
0.05338078291814947,0.1875
0.05357142857142857,0.1875
0.053763440860215055,0.1875
0.0539568345323741,0.1875
0.05054151624548736,0.175
0.050724637681159424,0.175
0.05090909090909091,0.175
0.04744525547445255,0.1625
0.047619047619047616,0.1625
0.04779411764705882,0.1625
0.04797047970479705,0.1625
0.04814814814814815,0.1625
0.048327137546468404,0.1625
0.04477611940298507,0.15
0.0449438202247191,0.15
0.045112781954887216,0.15
0.045283018867924525,0.15
0.045454545454545456,0.15
0.045627376425855515,0.15
0.04580152671755725,0.15
0.04597701149425287,0.15
0.046153846153846156,0.15
0.04247104247104247,0.1375
0.04263565891472868,0.1375
0.042801556420233464,0.1375
0.04296875,0.1375
0.043137254901960784,0.1375
0.03937007874015748,0.125
0.039525691699604744,0.125
0.03968253968253968,0.125
0.0398406374501992,0.125
0.04,0.125
0.040160642570281124,0.125
0.04032258064516129,0.125
0.04048582995951417,0.125
0.04065040650406504,0.125
0.04081632653061224,0.125
0.040983606557377046,0.125
0.0411522633744856,0.125
0.04132231404958678,0.125
0.04149377593360996,0.125
0.041666666666666664,0.125
0.04184100418410042,0.125
0.04201680672268908,0.125
0.04219409282700422,0.125
0.0423728813559322,0.125
0.0425531914893617,0.125
0.042735042735042736,0.125
0.04291845493562232,0.125
0.04310344827586207,0.125
0.04329004329004329,0.125
0.043478260869565216,0.125
0.043668122270742356,0.125
0.043859649122807015,0.125
0.04405286343612335,0.125
0.04424778761061947,0.125
0.044444444444444446,0.125
0.044642857142857144,0.125
0.04484304932735426,0.125
0.04504504504504504,0.125
0.04524886877828054,0.125
0.045454545454545456,0.125
0.045662100456621,0.125
0.045871559633027525,0.125
0.04608294930875576,0.125
0.046296296296296294,0.125
0.046511627906976744,0.125
0.04672897196261682,0.125
0.04225352112676056,0.1125
0.04245283018867924,0.1125
0.04265402843601896,0.1125
0.04285714285714286,0.1125
0.0430622009569378,0.1125
0.04326923076923077,0.1125
0.043478260869565216,0.1125
0.043689320388349516,0.1125
0.04390243902439024,0.1125
0.04411764705882353,0.1125
0.04433497536945813,0.1125
0.04455445544554455,0.1125
0.04477611940298507,0.1125
0.045,0.1125
0.04522613065326633,0.1125
0.045454545454545456,0.1125
0.04568527918781726,0.1125
0.04591836734693878,0.1125
0.046153846153846156,0.1125
0.04639175257731959,0.1125
0.046632124352331605,0.1125
0.046875,0.1125
0.04712041884816754,0.1125
0.04736842105263158,0.1125
0.047619047619047616,0.1125
0.047872340425531915,0.1125
0.0481283422459893,0.1125
0.04838709677419355,0.1125
0.04864864864864865,0.1125
0.04891304347826087,0.1125
0.04918032786885246,0.1125
0.04945054945054945,0.1125
0.049723756906077346,0.1125
0.05,0.1125
0.05027932960893855,0.1125
0.05056179775280899,0.1125
0.05084745762711865,0.1125
0.05113636363636364,0.1125
0.05142857142857143,0.1125
0.05172413793103448,0.1125
0.046242774566473986,0.1
0.046511627906976744,0.1
0.04678362573099415,0.1
0.047058823529411764,0.1
0.047337278106508875,0.1
0.047619047619047616,0.1
0.04790419161676647,0.1
0.04819277108433735,0.1
0.048484848484848485,0.1
0.04878048780487805,0.1
0.049079754601226995,0.1
0.04938271604938271,0.1
0.049689440993788817,0.1
0.05,0.1
0.050314465408805034,0.1
0.05063291139240506,0.1
0.050955414012738856,0.1
0.05128205128205128,0.1
0.05161290322580645,0.1
0.05194805194805195,0.1
0.05228758169934641,0.1
0.05263157894736842,0.1
0.052980132450331126,0.1
0.05333333333333334,0.1
0.053691275167785234,0.1
0.05405405405405406,0.1
0.05442176870748299,0.1
0.0547945205479452,0.1
0.05517241379310345,0.1
0.05555555555555555,0.1
0.055944055944055944,0.1
0.056338028169014086,0.1
0.05673758865248227,0.1
0.05714285714285714,0.1
0.05755395683453238,0.1
0.057971014492753624,0.1
0.058394160583941604,0.1
0.058823529411764705,0.1
0.05925925925925926,0.1
0.05970149253731343,0.1
0.06015037593984962,0.1
0.06060606060606061,0.1
0.061068702290076333,0.1
0.06153846153846154,0.1
0.06201550387596899,0.1
0.0625,0.1
0.06299212598425197,0.1
0.06349206349206349,0.1
0.064,0.1
0.06451612903225806,0.1
0.06504065040650407,0.1
0.06557377049180328,0.1
0.06611570247933884,0.1
0.06666666666666667,0.1
0.06722689075630252,0.1
0.06779661016949153,0.1
0.06837606837606838,0.1
0.06896551724137931,0.1
0.06956521739130435,0.1
0.07017543859649122,0.1
0.07079646017699115,0.1
0.07142857142857142,0.1
0.07207207207207207,0.1
0.07272727272727272,0.1
0.07339449541284404,0.1
0.07407407407407407,0.1
0.07476635514018691,0.1
0.07547169811320754,0.1
0.0761904761904762,0.1
0.07692307692307693,0.1
0.07766990291262135,0.1
0.0784313725490196,0.1
0.07920792079207921,0.1
0.08,0.1
0.08080808080808081,0.1
0.08163265306122448,0.1
0.08247422680412371,0.1
0.08333333333333333,0.1
0.08421052631578947,0.1
0.0851063829787234,0.1
0.08602150537634409,0.1
0.08695652173913043,0.1
0.08791208791208792,0.1
0.07777777777777778,0.0875
0.07865168539325842,0.0875
0.07954545454545454,0.0875
0.08045977011494253,0.0875
0.08139534883720931,0.0875
0.08235294117647059,0.0875
0.07142857142857142,0.075
0.07228915662650602,0.075
0.07317073170731707,0.075
0.07407407407407407,0.075
0.075,0.075
0.0759493670886076,0.075
0.07692307692307693,0.075
0.07792207792207792,0.075
0.07894736842105263,0.075
0.08,0.075
0.08108108108108109,0.075
0.0821917808219178,0.075
0.08333333333333333,0.075
0.08450704225352113,0.075
0.08571428571428572,0.075
0.08695652173913043,0.075
0.08823529411764706,0.075
0.08955223880597014,0.075
0.09090909090909091,0.075
0.09230769230769231,0.075
0.09375,0.075
0.09523809523809523,0.075
0.0967741935483871,0.075
0.09836065573770492,0.075
0.1,0.075
0.1016949152542373,0.075
0.10344827586206896,0.075
0.10526315789473684,0.075
0.10714285714285714,0.075
0.09090909090909091,0.0625
0.09259259259259259,0.0625
0.09433962264150944,0.0625
0.09615384615384616,0.0625
0.09803921568627451,0.0625
0.08,0.05
0.08163265306122448,0.05
0.08333333333333333,0.05
0.0851063829787234,0.05
0.08695652173913043,0.05
0.08888888888888889,0.05
0.09090909090909091,0.05
0.06976744186046512,0.0375
0.07142857142857142,0.0375
0.04878048780487805,0.025
0.05,0.025
0.05128205128205128,0.025
0.05263157894736842,0.025
0.05405405405405406,0.025
0.05555555555555555,0.025
0.05714285714285714,0.025
0.058823529411764705,0.025
0.06060606060606061,0.025
0.0625,0.025
0.06451612903225806,0.025
0.06666666666666667,0.025
0.06896551724137931,0.025
0.07142857142857142,0.025
0.07407407407407407,0.025
0.07692307692307693,0.025
0.08,0.025
0.08333333333333333,0.025
0.08695652173913043,0.025
0.09090909090909091,0.025
0.09523809523809523,0.025
0.1,0.025
0.10526315789473684,0.025
0.1111111111111111,0.025
0.11764705882352941,0.025
0.125,0.025
0.13333333333333333,0.025
0.14285714285714285,0.025
0.15384615384615385,0.025
0.16666666666666666,0.025
0.18181818181818182,0.025
0.2,0.025
0.1111111111111111,0.0125
0.125,0.0125
0.14285714285714285,0.0125
0.16666666666666666,0.0125
0.0,0.0
0.0,0.0
0.0,0.0
0.0,0.0
0.0,0.0
1.0,0.0
