Precision,Recall
0.03227107704719645,1.0
0.03228410008071025,1.0
0.03229713362939039,1.0
0.03231017770597738,1.0
0.03232323232323232,1.0
0.03233629749393695,1.0
0.03234937323089365,1.0
0.032362459546925564,1.0
0.03237555645487657,1.0
0.032388663967611336,1.0
0.03240178209801539,1.0
0.03241491085899514,1.0
0.032428050263477906,1.0
0.032441200324412,1.0
0.032454361054766734,1.0
0.032467532467532464,1.0
0.032480714575720666,1.0
0.03249390739236393,1.0
0.03250711093051605,1.0
0.032520325203252036,1.0
0.032533550223668155,1.0
0.03254678600488202,1.0
0.03256003256003256,1.0
0.03257328990228013,1.0
0.032586558044806514,1.0
0.032599837000814993,1.0
0.03261312678353037,1.0
0.03262642740619902,1.0
0.032639738882088945,1.0
0.0326530612244898,1.0
0.032666394446712946,1.0
0.032679738562091505,1.0
0.032693093583980384,1.0
0.032706459525756335,1.0
0.032719836400818,1.0
0.03273322422258593,1.0
0.03274662300450266,1.0
0.03276003276003276,1.0
0.03277345350266284,1.0
0.03278688524590164,1.0
0.03280032800328003,1.0
0.03281378178835111,1.0
0.03282724661469019,1.0
0.03284072249589491,1.0
0.03285420944558522,1.0
0.03286770747740345,1.0
0.032881216605014384,1.0
0.03289473684210526,1.0
0.03290826820238585,1.0
0.03292181069958848,1.0
0.03293536434746809,1.0
0.032948929159802305,1.0
0.03296250515039143,1.0
0.03297609233305853,1.0
0.032989690721649485,1.0
0.033003300330033,1.0
0.0330169211721007,1.0
0.03303055326176713,1.0
0.033044196612969846,1.0
0.03305785123966942,1.0
0.03307151715584952,1.0
0.033085194375516956,1.0
0.033098882912701695,1.0
0.033112582781456956,1.0
0.033126293995859216,1.0
0.033140016570008285,1.0
0.03315375051802735,1.0
0.03316749585406302,1.0
0.03318125259228536,1.0
0.03319502074688797,1.0
0.033208800332088007,1.0
0.03280730897009967,0.9875
0.0328209389281263,0.9875
0.03283458021612635,0.9875
0.03284823284823285,0.9875
0.03286189683860233,0.9875
0.0328755722014149,0.9875
0.03288925895087427,0.9875
0.03290295710120783,0.9875
0.032916666666666664,0.9875
0.03293038766152564,0.9875
0.0329441201000834,0.9875
0.03295786399666249,0.9875
0.03297161936560935,0.9875
0.03298538622129436,0.9875
0.032999164578111945,0.9875
0.03301295445048057,0.9875
0.03302675585284281,0.9875
0.03304056879966541,0.9875
0.03305439330543933,0.9875
0.033068229384679786,0.9875
0.032663316582914576,0.975
0.032677000418935905,0.975
0.03269069572506287,0.975
0.03270440251572327,0.975
0.03271812080536913,0.975
0.03273185060847671,0.975
0.0327455919395466,0.975
0.03275934481310374,0.975
0.03277310924369748,0.975
0.03278688524590164,0.975
0.03280067283431455,0.975
0.03281447202355911,0.975
0.03282828282828283,0.975
0.032842105263157895,0.975
0.03285593934288121,0.975
0.03286978508217446,0.975
0.03288364249578415,0.975
0.03289751159848165,0.975
0.03291139240506329,0.975
0.03292528493035036,0.975
0.032939189189189186,0.975
0.032953105196451206,0.975
0.03296703296703297,0.975
0.03298097251585624,0.975
0.03299492385786802,0.975
0.033008887008040624,0.975
0.03302286198137172,0.975
0.03303684879288437,0.975
0.03305084745762712,0.975
0.03306485799067401,0.975
0.03307888040712468,0.975
0.03309291472210437,0.975
0.03310696095076401,0.975
0.033121019108280254,0.975
0.03313508920985556,0.975
0.03314917127071823,0.975
0.03316326530612245,0.975
0.03317737133134836,0.975
0.033191489361702124,0.975
0.033205619412515965,0.975
0.03321976149914821,0.975
0.033233915636983385,0.975
0.03324808184143223,0.975
0.03326226012793177,0.975
0.033276450511945395,0.975
0.03329065300896287,0.975
0.033304867634500426,0.975
0.03331909440410081,0.975
0.03333333333333333,0.975
0.033347584437793926,0.975
0.033361847733105215,0.975
0.03337612323491656,0.975
0.03339041095890411,0.975
0.03340471092077088,0.975
0.033419023136246784,0.975
0.033433347621088724,0.975
0.03344768439108062,0.975
0.03346203346203346,0.975
0.03347639484978541,0.975
0.03349076857020181,0.975
0.03350515463917526,0.975
0.0335195530726257,0.975
0.03353396388650043,0.975
0.03354838709677419,0.975
0.03356282271944923,0.975
0.03357727077055531,0.975
0.03316106804478897,0.9625
0.03317535545023697,0.9625
0.03318965517241379,0.9625
0.03320396722725313,0.9625
0.033218291630716136,0.9625
0.03323262839879154,0.9625
0.033246977547495685,0.9625
0.03326133909287257,0.9625
0.03327571305099395,0.9625
0.03329009943795936,0.9625
0.03330449826989619,0.9625
0.033318909562959756,0.9625
0.03333333333333333,0.9625
0.03334776959722824,0.9625
0.033362218370883885,0.9625
0.03337667967056784,0.9625
0.03339115351257589,0.9625
0.0334056399132321,0.9625
0.03342013888888889,0.9625
0.03343465045592705,0.9625
0.03344917463075586,0.9625
0.03346371142981312,0.9625
0.033478260869565214,0.9625
0.03349282296650718,0.9625
0.03350739773716275,0.9625
0.033521985198084456,0.9625
0.03353658536585366,0.9625
0.03355119825708061,0.9625
0.03356582388840453,0.9625
0.033580462276493674,0.9625
0.033595113438045374,0.9625
0.03360977738978612,0.9625
0.033624454148471615,0.9625
0.03363914373088685,0.9625
0.03365384615384615,0.9625
0.033668561434193264,0.9625
0.0336832895888014,0.9625
0.03369803063457331,0.9625
0.03371278458844133,0.9625
0.0337275514673675,0.9625
0.03374233128834356,0.9625
0.033757124068391056,0.9625
0.033771929824561404,0.9625
0.03378674857393594,0.9625
0.033801580333625986,0.9625
0.03337725076855512,0.95
0.033391915641476276,0.95
0.03340659340659341,0.95
0.03342128408091469,0.95
0.03343598768147822,0.95
0.03345070422535211,0.95
0.03346543372963452,0.95
0.033480176211453744,0.95
0.03349493168796827,0.95
0.03350970017636684,0.95
0.03352448169386855,0.95
0.03353927625772286,0.95
0.033554083885209716,0.95
0.03356890459363958,0.95
0.033583738400353516,0.95
0.03359858532272325,0.95
0.03361344537815126,0.95
0.033628318584070796,0.95
0.033643204957945996,0.95
0.03365810451727192,0.95
0.033673017279574655,0.95
0.03368794326241135,0.95
0.03370288248337029,0.95
0.03371783496007098,0.95
0.033732800710164226,0.95
0.03374777975133215,0.95
0.033762772101288314,0.95
0.033777777777777775,0.95
0.03379279679857715,0.95
0.033807829181494664,0.95
0.03382287494437027,0.95
0.03383793410507569,0.95
0.033853006681514475,0.95
0.0338680926916221,0.95
0.03388319215336603,0.95
0.03389830508474576,0.95
0.03391343150379295,0.95
0.033928571428571426,0.95
0.03394372487717731,0.95
0.03395889186773905,0.95
0.033974072418417524,0.95
0.03398926654740608,0.95
0.03400447427293065,0.95
0.03401969561324977,0.95
0.03403493058665472,0.95
0.034050179211469536,0.95
0.0340654415060511,0.95
0.034080717488789235,0.95
0.03409600717810678,0.95
0.03411131059245961,0.95
0.03412662775033678,0.95
0.034141958670260555,0.95
0.03415730337078652,0.95
0.0341726618705036,0.95
0.03418803418803419,0.95
0.034203420342034205,0.95
0.034218820351193155,0.95
0.03423423423423423,0.95
0.034249662009914375,0.95
0.034265103697024346,0.95
0.034280559314388816,0.95
0.03429602888086643,0.95
0.03431151241534989,0.95
0.03432700993676603,0.95
0.03434252146407592,0.95
0.034358047016274866,0.95
0.034373586612392586,0.95
0.034389140271493215,0.95
0.034404708012675415,0.95
0.034420289855072464,0.95
0.034435885817852285,0.95
0.03445149592021759,0.95
0.034467120181405894,0.95
0.034482758620689655,0.95
0.03449841125737631,0.95
0.0340599455040872,0.9375
0.034075420263516586,0.9375
0.03409090909090909,0.9375
0.034106412005457026,0.9375
0.034121929026387623,0.9375
0.03413746017296313,0.9375
0.03415300546448088,0.9375
0.03416856492027335,0.9375
0.034184138559708296,0.9375
0.03419972640218878,0.9375
0.034215328467153285,0.9375
0.03423094477407576,0.9375
0.03424657534246575,0.9375
0.034262220191868434,0.9375
0.034277879341864714,0.9375
0.03429355281207133,0.9375
0.0343092406221409,0.9375
0.034324942791762014,0.9375
0.034340659340659344,0.9375
0.03435639028859368,0.9375
0.034372135655362054,0.9375
0.0343878954607978,0.9375
0.034403669724770644,0.9375
0.03441945846718678,0.9375
0.03443526170798898,0.9375
0.034451079467156635,0.9375
0.034466911764705885,0.9375
0.034482758620689655,0.9375
0.03449862005519779,0.9375
0.03451449608835711,0.9375
0.034530386740331494,0.9375
0.03408567480423768,0.925
0.034101382488479264,0.925
0.03411710465652374,0.925
0.03413284132841329,0.925
0.03414859252422704,0.925
0.034164358264081256,0.925
0.03418013856812933,0.925
0.034195933456561925,0.925
0.03421174294960703,0.925
0.034227567067530065,0.925
0.03424340583063397,0.925
0.03425925925925926,0.925
0.03427512737378416,0.925
0.03429101019462465,0.925
0.034306907742234584,0.925
0.03432282003710575,0.925
0.03433874709976798,0.925
0.034354688950789226,0.925
0.034370645610775664,0.925
0.03438661710037175,0.925
0.034402603440260346,0.925
0.03441860465116279,0.925
0.034434620753839,0.925
0.03445065176908752,0.925
0.03400093153237075,0.9125
0.03401677539608574,0.9125
0.034032634032634033,0.9125
0.03404850746268657,0.9125
0.03406439570695287,0.9125
0.034080298786181136,0.9125
0.03409621672115834,0.9125
0.03411214953271028,0.9125
0.03412809724170173,0.9125
0.034144059869036486,0.9125
0.034160037435657466,0.9125
0.03417602996254682,0.9125
0.034192037470725994,0.9125
0.03420805998125586,0.9125
0.03422409751523676,0.9125
0.03424015009380863,0.9125
0.0342562177381511,0.9125
0.03427230046948357,0.9125
0.03428839830906529,0.9125
0.03430451127819549,0.9125
0.03432063939821345,0.9125
0.03433678269049859,0.9125
0.034352941176470586,0.9125
0.03436911487758945,0.9125
0.03438530381535563,0.9125
0.03440150801131008,0.9125
0.034417727487034415,0.9125
0.03443396226415094,0.9125
0.034450212364322795,0.9125
0.03446647780925401,0.9125
0.03401039206424185,0.9
0.0335538752362949,0.8875
0.033569739952718676,0.8875
0.03358561967833491,0.8875
0.03312825366777094,0.875
0.03314393939393939,0.875
0.03315963998105163,0.875
0.03317535545023697,0.875
0.03319108582266477,0.875
0.03273244781783681,0.8625
0.03274798291409587,0.8625
0.03276353276353276,0.8625
0.0327790973871734,0.8625
0.03279467680608365,0.8625
0.03281027104136947,0.8625
0.032825880114176975,0.8625
0.03236554021894336,0.85
0.03238095238095238,0.85
0.03239637922820391,0.85
0.032411820781696854,0.85
0.03242727706247019,0.85
0.03244274809160305,0.85
0.032458233890214794,0.85
0.03247373447946514,0.85
0.03248924988055423,0.85
0.032504780114722756,0.85
0.032520325203252036,0.85
0.03253588516746411,0.85
0.032551460028721876,0.85
0.032567049808429116,0.85
0.03258265452803066,0.85
0.032598274209012464,0.85
0.03261390887290168,0.85
0.03262955854126679,0.85
0.03264522323571772,0.85
0.03266090297790586,0.85
0.03267659778952427,0.85
0.032692307692307694,0.85
0.03270803270803271,0.85
0.032723772858517804,0.85
0.0327395281656235,0.85
0.03275529865125241,0.85
0.0327710843373494,0.85
0.03278688524590164,0.85
0.03280270139893873,0.85
0.032818532818532815,0.85
0.03283437952679865,0.85
0.03285024154589372,0.85
0.03286611889801837,0.85
0.03288201160541586,0.85
0.03289791969037252,0.85
0.03291384317521781,0.85
0.03292978208232446,0.85
0.03294573643410853,0.85
0.03296170625302957,0.85
0.03297769156159069,0.85
0.03299369238233867,0.85
0.03300970873786408,0.85
0.03302574065080136,0.85
0.03304178814382896,0.85
0.03305785123966942,0.85
0.033073929961089495,0.85
0.03309002433090024,0.85
0.033106134371957155,0.85
0.033122260107160253,0.85
0.03313840155945419,0.85
0.03315455875182838,0.85
0.033170731707317075,0.85
0.03318692044899951,0.85
0.033203125,0.85
0.03321934538348803,0.85
0.033235581622678395,0.85
0.033251833740831294,0.85
0.033268101761252444,0.85
0.033284385707293196,0.85
0.03330068560235064,0.85
0.03331700146986771,0.85
0.03333333333333333,0.85
0.03334968121628249,0.85
0.033366045142296366,0.85
0.033382425135002454,0.85
0.03339882121807466,0.85
0.03341523341523341,0.85
0.03343166175024582,0.85
0.03344810624692573,0.85
0.03346456692913386,0.85
0.03348104382077794,0.85
0.033497536945812804,0.85
0.03351404632824051,0.85
0.03353057199211045,0.85
0.033547113961519485,0.85
0.03356367226061204,0.85
0.03358024691358025,0.85
0.03359683794466403,0.85
0.03361344537815126,0.85
0.033630069238377844,0.85
0.03364670954972786,0.85
0.033663366336633666,0.85
0.033680039623576026,0.85
0.03369672943508424,0.85
0.03371343579573624,0.85
0.03373015873015873,0.85
0.0337468982630273,0.85
0.033763654419066536,0.85
0.03378042722305018,0.85
0.033797216699801194,0.85
0.03381402287419195,0.85
0.03383084577114428,0.85
0.033847685415629665,0.85
0.03386454183266932,0.85
0.03388141504733433,0.85
0.03389830508474576,0.85
0.03391521197007481,0.85
0.033932135728542916,0.85
0.03394907638542187,0.85
0.03396603396603397,0.85
0.03398300849575212,0.85
0.034,0.85
0.03401700850425213,0.85
0.03403403403403404,0.85
0.03405107661492238,0.85
0.03406813627254509,0.85
0.034085213032581455,0.85
0.034102306920762285,0.85
0.03411941796287005,0.85
0.03413654618473896,0.85
0.03415369161225515,0.85
0.034170854271356785,0.85
0.03418803418803419,0.85
0.03420523138832998,0.85
0.034222445898339206,0.85
0.03423967774420947,0.85
0.03425692695214106,0.85
0.034274193548387094,0.85
0.03429147755925366,0.85
0.034308779011099896,0.85
0.034326097930338216,0.85
0.03434343434343434,0.85
0.03436078827690753,0.85
0.034378159757330634,0.85
0.0343955488113303,0.85
0.03441295546558704,0.85
0.034430379746835445,0.85
0.034447821681864235,0.85
0.03446528129751647,0.85
0.034482758620689655,0.85
0.03450025367833587,0.85
0.03451776649746193,0.85
0.03453529710512951,0.85
0.034552845528455285,0.85
0.03457041179461108,0.85
0.03458799593082401,0.85
0.03460559796437659,0.85
0.034623217922606926,0.85
0.034640855832908816,0.85
0.034658511722731905,0.85
0.03467618561958185,0.85
0.03469387755102041,0.85
0.03471158754466565,0.85
0.03472931562819203,0.85
0.03474706182933061,0.85
0.034764826175869123,0.85
0.034782608695652174,0.85
0.03480040941658137,0.85
0.03481822836661547,0.85
0.03483606557377049,0.85
0.03485392106611994,0.85
0.03487179487179487,0.85
0.034889687018984095,0.85
0.03490759753593429,0.85
0.03492552645095018,0.85
0.03494347379239465,0.85
0.03496143958868895,0.85
0.03497942386831276,0.85
0.034997426659804425,0.85
0.035015447991761074,0.85
0.03503348789283874,0.85
0.03505154639175258,0.85
0.035069623517276945,0.85
0.03508771929824561,0.85
0.035105833763551884,0.85
0.03512396694214876,0.85
0.0351421188630491,0.85
0.03516028955532575,0.85
0.03517847904811174,0.85
0.03467908902691511,0.8375
0.03469704816157431,0.8375
0.03471502590673575,0.8375
0.03473302229134267,0.8375
0.03475103734439834,0.8375
0.03476907109496627,0.8375
0.0347871235721703,0.8375
0.034805194805194804,0.8375
0.034823284823284825,0.8375
0.034841393655746226,0.8375
0.03485952133194589,0.8375
0.034877667881311816,0.8375
0.034895833333333334,0.8375
0.03491401771756123,0.8375
0.034932221063607924,0.8375
0.03495044340114763,0.8375
0.03496868475991649,0.8375
0.03498694516971279,0.8375
0.03500522466039707,0.8375
0.035023523261892314,0.8375
0.0350418410041841,0.8375
0.03506017791732077,0.8375
0.03507853403141361,0.8375
0.03509690937663698,0.8375
0.03511530398322851,0.8375
0.03513371788148925,0.8375
0.03515215110178384,0.8375
0.03517060367454068,0.8375
0.0351890756302521,0.8375
0.03520756699947451,0.8375
0.035226077812828605,0.8375
0.035244608100999476,0.8375
0.035263157894736843,0.8375
0.03528172722485519,0.8375
0.03530031612223393,0.8375
0.035318924617817604,0.8375
0.03533755274261603,0.8375
0.03535620052770449,0.8375
0.03537486800422387,0.8375
0.035393555203380875,0.8375
0.0354122621564482,0.8375
0.035430988894764676,0.8375
0.035449735449735446,0.8375
0.035468501852832186,0.8375
0.03548728813559322,0.8375
0.03550609432962374,0.8375
0.03552492046659597,0.8375
0.035543766578249335,0.8375
0.03556263269639066,0.8375
0.03558151885289432,0.8375
0.035600425079702444,0.8375
0.03561935140882509,0.8375
0.03563829787234043,0.8375
0.03565726450239489,0.8375
0.03567625133120341,0.8375
0.03569525839104955,0.8375
0.03571428571428571,0.8375
0.03573333333333333,0.8375
0.03575240128068303,0.8375
0.03577148958889482,0.8375
0.03579059829059829,0.8375
0.03580972741849278,0.8375
0.03582887700534759,0.8375
0.03584804708400214,0.8375
0.03586723768736617,0.8375
0.035886448848419926,0.8375
0.03590568060021436,0.8375
0.0353887399463807,0.825
0.03540772532188841,0.825
0.03542673107890499,0.825
0.03544575725026853,0.825
0.035464803868887694,0.825
0.035483870967741936,0.825
0.03550295857988166,0.825
0.03552206673842842,0.825
0.035541195476575124,0.825
0.03556034482758621,0.825
0.03504043126684636,0.8125
0.03505933117583603,0.8125
0.03507825148407987,0.8125
0.03509719222462203,0.8125
0.03511615343057806,0.8125
0.03513513513513514,0.8125
0.035154137371552194,0.8125
0.035173160173160176,0.8125
0.03519220357336221,0.8125
0.035211267605633804,0.8125
0.03523035230352303,0.8125
0.03524945770065076,0.8125
0.0352685838307108,0.8125
0.03528773072747014,0.8125
0.03530689842476915,0.8125
0.035326086956521736,0.8125
0.03534529635671561,0.8125
0.03536452665941241,0.8125
0.035383777898747956,0.8125
0.03540305010893246,0.8125
0.035422343324250684,0.8125
0.03544165757906216,0.8125
0.03546099290780142,0.8125
0.035480349344978165,0.8125
0.0354997269251775,0.8125
0.03551912568306011,0.8125
0.035538545653362494,0.8125
0.03555798687089715,0.8125
0.03557744937055282,0.8125
0.035596933187294635,0.8125
0.03561643835616438,0.8125
0.0356359649122807,0.8125
0.03565551289083928,0.8125
0.03567508232711306,0.8125
0.0356946732564525,0.8125
0.03571428571428571,0.8125
0.035733919736118745,0.8125
0.035753575357535754,0.8125
0.03577325261419923,0.8125
0.03579295154185022,0.8125
0.03581267217630854,0.8125
0.03583241455347299,0.8125
0.035852178709321565,0.8125
0.0358719646799117,0.8125
0.03589177250138045,0.8125
0.03591160220994475,0.8125
0.035931453841901606,0.8125
0.03595132743362832,0.8125
0.03597122302158273,0.8125
0.03599114064230343,0.8125
0.036011080332409975,0.8125
0.03603104212860311,0.8125
0.036051026067665005,0.8125
0.03607103218645949,0.8125
0.03609106052193226,0.8125
0.03611111111111111,0.8125
0.03613118399110617,0.8125
0.036151279199110126,0.8125
0.036171396772398445,0.8125
0.036191536748329624,0.8125
0.036211699164345405,0.8125
0.036231884057971016,0.8125
0.03625209146681539,0.8125
0.03627232142857143,0.8125
0.036292573981016193,0.8125
0.036312849162011177,0.8125
0.03633314700950251,0.8125
0.036353467561521254,0.8125
0.03637381085618355,0.8125
0.036394176931690926,0.8125
0.036414565826330535,0.8125
0.03643497757847534,0.8125
0.03645541222658441,0.8125
0.03647586980920314,0.8125
0.035934868051656375,0.8
0.035955056179775284,0.8
0.035975267003934795,0.8
0.0359955005624297,0.8
0.03601575689364097,0.8
0.036036036036036036,0.8
0.036056338028169016,0.8
0.036076662908680945,0.8
0.03609701071630006,0.8
0.03611738148984198,0.8
0.03613777526821005,0.8
0.03615819209039548,0.8
0.03617863199547767,0.8
0.03619909502262444,0.8
0.03621958121109225,0.8
0.0362400906002265,0.8
0.036260623229461754,0.8
0.036281179138321996,0.8
0.036301758366420876,0.8
0.03575482406356413,0.7875
0.03577512776831346,0.7875
0.03579545454545455,0.7875
0.03581580443433769,0.7875
0.03583617747440273,0.7875
0.035856573705179286,0.7875
0.035876993166287015,0.7875
0.035897435897435895,0.7875
0.03591790193842646,0.7875
0.03593839132915003,0.7875
0.03538812785388128,0.775
0.03540833809251856,0.775
0.03542857142857143,0.775
0.03544882790165809,0.775
0.03546910755148741,0.775
0.035489410417859184,0.775
0.035509736540664374,0.775
0.03553008595988539,0.775
0.03555045871559633,0.775
0.03557085484796328,0.775
0.03559127439724455,0.775
0.035611717403790925,0.775
0.035632183908045977,0.775
0.03565267395054629,0.775
0.03567318757192175,0.775
0.035693724812895795,0.775
0.03571428571428571,0.775
0.035734870317002884,0.775
0.03575547866205306,0.775
0.03577611079053664,0.775
0.03579676674364896,0.775
0.03581744656268053,0.775
0.035838150289017344,0.775
0.035858877964141125,0.775
0.03587962962962963,0.775
0.03590040532715692,0.775
0.03592120509849363,0.775
0.035942028985507246,0.775
0.03596287703016241,0.775
0.035983749274521186,0.775
0.036004645760743324,0.775
0.03602556653108658,0.775
0.03604651162790698,0.775
0.03606748109365911,0.775
0.03608847497089639,0.775
0.0361094933022714,0.775
0.03613053613053613,0.775
0.036151603498542274,0.775
0.03617269544924154,0.775
0.03619381202568593,0.775
0.036214953271028034,0.775
0.03623611922852133,0.775
0.03625730994152047,0.775
0.03627852545348157,0.775
0.03629976580796253,0.775
0.03632103104862332,0.775
0.03634232121922626,0.775
0.03636363636363636,0.775
0.036384976525821594,0.775
0.0364063417498532,0.775
0.036427732079905996,0.775
0.036449147560258674,0.775
0.036470588235294116,0.775
0.03649205414949971,0.775
0.03651354534746761,0.775
0.03653506187389511,0.775
0.036556603773584904,0.775
0.03657817109144543,0.775
0.03659976387249114,0.775
0.03662138216184288,0.775
0.03664302600472813,0.775
0.03666469544648137,0.775
0.036686390532544376,0.775
0.036708111308466546,0.775
0.03672985781990521,0.775
0.036751630112625965,0.775
0.036773428232502965,0.775
0.03679525222551929,0.775
0.03681710213776722,0.775
0.0368389780154486,0.775
0.036860879904875146,0.775
0.036882807852468766,0.775
0.036904761904761905,0.775
0.03692674210839786,0.775
0.03694874851013111,0.775
0.03697078115682767,0.775
0.03699284009546539,0.775
0.037014925373134326,0.775
0.037037037037037035,0.775
0.03705917513448894,0.775
0.03708133971291866,0.775
0.03710353081986834,0.775
0.037125748502994015,0.775
0.03714799281006591,0.775
0.03717026378896882,0.775
0.03719256148770246,0.775
0.03721488595438175,0.775
0.037237237237237236,0.775
0.037259615384615384,0.775
0.037282020444978956,0.775
0.03730445246690734,0.775
0.03732691149909693,0.775
0.03734939759036145,0.775
0.037371910789632305,0.775
0.03739445114595899,0.775
0.03741701870850935,0.775
0.03743961352657005,0.775
0.03746223564954683,0.775
0.037484885126964934,0.775
0.03750756200846945,0.775
0.03753026634382567,0.775
0.03755299818291944,0.775
0.037575757575757575,0.775
0.03759854457246816,0.775
0.03762135922330097,0.775
0.037037037037037035,0.7625
0.037059538274605106,0.7625
0.03708206686930091,0.7625
0.03710462287104623,0.7625
0.03712720632988436,0.7625
0.03714981729598051,0.7625
0.03717245581962218,0.7625
0.03719512195121951,0.7625
0.03721781574130567,0.7625
0.03724053724053724,0.7625
0.03726328649969456,0.7625
0.03728606356968215,0.7625
0.03730886850152905,0.7625
0.03733170134638923,0.7625
0.03735456215554195,0.7625
0.037377450980392156,0.7625
0.03740036787247088,0.7625
0.03742331288343558,0.7625
0.0374462860650706,0.7625
0.03746928746928747,0.7625
0.037492317148125384,0.7625
0.037515375153751536,0.7625
0.03753846153846154,0.7625
0.037561576354679806,0.7625
0.03758471965495995,0.7625
0.0376078914919852,0.7625
0.03763109191856878,0.7625
0.037654320987654324,0.7625
0.03767757875231625,0.7625
0.0377008652657602,0.7625
0.03772418058132344,0.7625
0.037747524752475246,0.7625
0.03777089783281734,0.7625
0.037794299876084264,0.7625
0.03781773093614383,0.7625
0.03722084367245657,0.75
0.037243947858473,0.75
0.037267080745341616,0.75
0.037290242386575516,0.75
0.03731343283582089,0.75
0.037336652146857496,0.75
0.037359900373599,0.75
0.037383177570093455,0.75
0.03740648379052369,0.75
0.037429819089207735,0.75
0.03745318352059925,0.75
0.037476577139287946,0.75
0.0375,0.75
0.0375234521575985,0.75
0.03754693366708386,0.75
0.03757044458359424,0.75
0.03759398496240601,0.75
0.03761755485893417,0.75
0.037641154328732745,0.75
0.037037037037037035,0.7375
0.03706030150753769,0.7375
0.03708359522313011,0.7375
0.03710691823899371,0.7375
0.037130270610446825,0.7375
0.0371536523929471,0.7375
0.037177063642092,0.7375
0.03720050441361917,0.7375
0.03722397476340694,0.7375
0.037247474747474744,0.7375
0.037271004421983576,0.7375
0.03729456384323641,0.7375
0.03731815306767868,0.7375
0.03734177215189873,0.7375
0.037365421152628246,0.7375
0.037389100126742715,0.7375
0.03741280913126189,0.7375
0.037436548223350255,0.7375
0.03746031746031746,0.7375
0.03748411689961881,0.7375
0.03750794659885569,0.7375
0.03689567430025445,0.725
0.036919159770846595,0.725
0.03694267515923567,0.725
0.036966220522625874,0.725
0.036989795918367346,0.725
0.037013401403956606,0.725
0.037037037037037035,0.725
0.03706070287539936,0.725
0.03644501278772379,0.7125
0.036468330134357005,0.7125
0.03649167733674776,0.7125
0.03651505445227418,0.7125
0.03653846153846154,0.7125
0.036561898652982684,0.7125
0.03594351732991014,0.7
0.03596660244059088,0.7
0.03598971722365039,0.7
0.0360128617363344,0.7
0.036036036036036036,0.7
0.0360592401802962,0.7
0.03608247422680412,0.7
0.036105738233397806,0.7
0.03612903225806452,0.7
0.036152356358941255,0.7
0.03617571059431524,0.7
0.03619909502262444,0.7
0.03622250970245795,0.7
0.036245954692556634,0.7
0.03626943005181347,0.7
0.03629293583927414,0.7
0.03631647211413749,0.7
0.036340038935756006,0.7
0.03636363636363636,0.7
0.036387264457439894,0.7
0.036410923276983094,0.7
0.03643461288223813,0.7
0.036458333333333336,0.7
0.036482084690553744,0.7
0.03650586701434159,0.7
0.0365296803652968,0.7
0.03655352480417755,0.7
0.036577400391900716,0.7
0.036601307189542485,0.7
0.03662524525833878,0.7
0.03664921465968586,0.7
0.0366732154551408,0.7
0.03669724770642202,0.7
0.036721311475409836,0.7
0.03674540682414698,0.7
0.036769533814839134,0.7
0.03679369250985545,0.7
0.036817882971729124,0.7
0.03684210526315789,0.7
0.03686635944700461,0.7
0.03689064558629776,0.7
0.03691496374423204,0.7
0.036939313984168866,0.7
0.036963696369636964,0.7
0.03632760898282695,0.6875
0.036351619299405155,0.6875
0.036375661375661374,0.6875
0.036399735274652546,0.6875
0.03642384105960265,0.6875
0.03644797879390325,0.6875
0.03647214854111406,0.6875
0.0364963503649635,0.6875
0.03652058432934927,0.6875
0.036544850498338874,0.6875
0.036569148936170214,0.6875
0.036593479707252165,0.6875
0.03661784287616511,0.6875
0.03664223850766156,0.6875
0.03666666666666667,0.6875
0.03669112741827885,0.6875
0.036715620827770364,0.6875
0.03674014696058784,0.6875
0.03676470588235294,0.6875
0.03678929765886288,0.6875
0.03681392235609103,0.6875
0.036838580040187544,0.6875
0.03686327077747989,0.6875
0.03688799463447351,0.6875
0.03691275167785235,0.6875
0.036937541974479515,0.6875
0.03696236559139785,0.6875
0.03698722259583053,0.6875
0.0370121130551817,0.6875
0.037037037037037035,0.6875
0.03706199460916442,0.6875
0.037086985839514496,0.6875
0.037112010796221326,0.6875
0.03713706954760297,0.6875
0.037162162162162164,0.6875
0.03718728870858688,0.6875
0.03721244925575101,0.6875
0.037237643872714964,0.6875
0.03726287262872629,0.6875
0.03728813559322034,0.6875
0.03731343283582089,0.6875
0.03665987780040733,0.675
0.036684782608695655,0.675
0.036709721278042146,0.675
0.036734693877551024,0.675
0.03678474114441417,0.675
0.03680981595092025,0.675
0.036834924965893585,0.675
0.03686006825938567,0.675
0.036885245901639344,0.675
0.03691045796308954,0.675
0.036935704514363885,0.675
0.03696098562628337,0.675
0.036986301369863014,0.675
0.037011651816312545,0.675
0.037037037037037035,0.675
0.03706245710363761,0.675
0.03708791208791209,0.675
0.03711340206185567,0.675
0.037138927097661624,0.675
0.03716448726772195,0.675
0.0371900826446281,0.675
0.037215713301171606,0.675
0.037241379310344824,0.675
0.037267080745341616,0.675
0.03729281767955801,0.675
0.03731859018659295,0.675
0.03734439834024896,0.675
0.03737024221453287,0.675
0.037396121883656507,0.675
0.037422037422037424,0.675
0.03744798890429958,0.675
0.03747397640527411,0.675
0.0375,0.675
0.037526059763724806,0.675
0.037552155771905425,0.675
0.037578288100208766,0.675
0.037604456824512536,0.675
0.036933797909407665,0.6625
0.03695955369595537,0.6625
0.03698534542916958,0.6625
0.037011173184357544,0.6625
0.037037037037037035,0.6625
0.03706293706293706,0.6625
0.0370888733379986,0.6625
0.03711484593837535,0.6625
0.03714085494043448,0.6625
0.03716690042075736,0.6625
0.036491228070175435,0.65
0.03651685393258427,0.65
0.036542515811665496,0.65
0.03656821378340366,0.65
0.036593947923997186,0.65
0.036619718309859155,0.65
0.036645525017618044,0.65
0.036671368124118475,0.65
0.03669724770642202,0.65
0.03672316384180791,0.65
0.03674911660777385,0.65
0.036775106082036775,0.65
0.03680113234253362,0.65
0.036827195467422094,0.65
0.0368532955350815,0.65
0.03687943262411347,0.65
0.036905606813342796,0.65
0.03622159090909091,0.6375
0.03624733475479744,0.6375
0.03627311522048364,0.6375
0.036298932384341634,0.6375
0.03632478632478633,0.6375
0.036350677120456164,0.6375
0.03637660485021398,0.6375
0.03640256959314775,0.6375
0.03642857142857143,0.6375
0.036454610436025735,0.6375
0.03648068669527897,0.6375
0.03650680028632784,0.6375
0.036532951289398284,0.6375
0.03655913978494624,0.6375
0.036585365853658534,0.6375
0.0366116295764537,0.6375
0.036637931034482756,0.6375
0.03666427030913012,0.6375
0.03669064748201439,0.6375
0.0367170626349892,0.6375
0.03674351585014409,0.6375
0.03677000720980533,0.6375
0.0367965367965368,0.6375
0.0368231046931408,0.6375
0.03684971098265896,0.6375
0.0368763557483731,0.6375
0.03690303907380608,0.6375
0.036929761042722664,0.6375
0.03695652173913044,0.6375
0.03698332124728064,0.6375
0.03701015965166909,0.6375
0.037037037037037035,0.6375
0.037063953488372096,0.6375
0.03709090909090909,0.6375
0.03711790393013101,0.6375
0.037144938091769844,0.6375
0.03717201166180758,0.6375
0.037199124726477024,0.6375
0.03722627737226277,0.6375
0.03725346968590212,0.6375
0.03728070175438596,0.6375
0.03730797366495977,0.6375
0.03733528550512445,0.6375
0.03736263736263736,0.6375
0.0373900293255132,0.6375
0.03741746148202495,0.6375
0.037444933920704845,0.6375
0.03747244673034533,0.6375
0.0375,0.6375
0.037527593818984545,0.6375
0.03755522827687776,0.6375
0.03758290346352248,0.6375
0.03761061946902655,0.6375
0.037638376383763834,0.6375
0.03766617429837518,0.6375
0.037694013303769404,0.6375
0.03772189349112426,0.6375
0.03774981495188749,0.6375
0.03777777777777778,0.6375
0.03780578206078577,0.6375
0.037833827893175076,0.6375
0.0378619153674833,0.6375
0.03789004457652303,0.6375
0.0379182156133829,0.6375
0.03794642857142857,0.6375
0.0379746835443038,0.6375
0.038002980625931444,0.6375
0.03803131991051454,0.6375
0.03805970149253731,0.6375
0.038088125466766244,0.6375
0.03811659192825112,0.6375
0.0381451009723261,0.6375
0.03817365269461078,0.6375
0.038202247191011236,0.6375
0.03823088455772114,0.6375
0.03825956489122281,0.6375
0.03753753753753754,0.625
0.037565740045078885,0.625
0.03759398496240601,0.625
0.03762227238525207,0.625
0.03765060240963856,0.625
0.037678975131876416,0.625
0.03770739064856712,0.625
0.03773584905660377,0.625
0.0377643504531722,0.625
0.03779289493575208,0.625
0.037821482602118005,0.625
0.03785011355034065,0.625
0.03787878787878788,0.625
0.03790750568612585,0.625
0.03793626707132018,0.625
0.037965072133637055,0.625
0.037993920972644375,0.625
0.03802281368821293,0.625
0.0380517503805175,0.625
0.03808073115003808,0.625
0.038109756097560975,0.625
0.03813882532418002,0.625
0.03816793893129771,0.625
0.03819709702062643,0.625
0.0382262996941896,0.625
0.03825554705432287,0.625
0.03828483920367534,0.625
0.038314176245210725,0.625
0.03834355828220859,0.625
0.03837298541826554,0.625
0.03840245775729647,0.625
0.03843197540353574,0.625
0.038461538461538464,0.625
0.03849114703618168,0.625
0.03852080123266564,0.625
0.03855050115651504,0.625
0.038580246913580245,0.625
0.03861003861003861,0.625
0.03863987635239567,0.625
0.038669760247486466,0.625
0.03869969040247678,0.625
0.038729666924864445,0.625
0.03875968992248062,0.625
0.038789759503491075,0.625
0.03881987577639751,0.625
0.03885003885003885,0.625
0.038880248833592534,0.625
0.038910505836575876,0.625
0.03894080996884735,0.625
0.03897116134060795,0.625
0.0390015600624025,0.625
0.039032006245121,0.625
0.0390625,0.625
0.03831118060985145,0.6125
0.03834115805946792,0.6125
0.03837118245888802,0.6125
0.0384012539184953,0.6125
0.038431372549019606,0.6125
0.038461538461538464,0.6125
0.0384917517674784,0.6125
0.03852201257861635,0.6125
0.03855232100708104,0.6125
0.03858267716535433,0.6125
0.038613081166272656,0.6125
0.038643533123028394,0.6125
0.03867403314917127,0.6125
0.038704581358609796,0.6125
0.03873517786561265,0.6125
0.038765822784810125,0.6125
0.038796516231195566,0.6125
0.03882725832012678,0.6125
0.03885804916732752,0.6125
0.03888888888888889,0.6125
0.03891977760127085,0.6125
0.038950715421303655,0.6125
0.03898170246618934,0.6125
0.03901273885350318,0.6125
0.03904382470119522,0.6125
0.03907496012759171,0.6125
0.03910614525139665,0.6125
0.03913738019169329,0.6125
0.03916866506794564,0.6125
0.0392,0.6125
0.03923138510808647,0.6125
0.03926282051282051,0.6125
0.03929430633520449,0.6125
0.03932584269662921,0.6125
0.0393574297188755,0.6125
0.03938906752411576,0.6125
0.039420756234915526,0.6125
0.039452495974235106,0.6125
0.0394842868654311,0.6125
0.03951612903225806,0.6125
0.03954802259887006,0.6125
0.0395799676898223,0.6125
0.039611964430072755,0.6125
0.03964401294498382,0.6125
0.03967611336032389,0.6125
0.03970826580226904,0.6125
0.039740470397404706,0.6125
0.03977272727272727,0.6125
0.039805036555645816,0.6125
0.03983739837398374,0.6125
0.03986981285598047,0.6125
0.039902280130293157,0.6125
0.039119804400977995,0.6
0.03915171288743882,0.6
0.03918367346938775,0.6
0.0392156862745098,0.6
0.039247751430907606,0.6
0.03927986906710311,0.6
0.03931203931203931,0.6
0.03934426229508197,0.6
0.03937653814602133,0.6
0.03940886699507389,0.6
0.03944124897288414,0.6
0.039473684210526314,0.6
0.03950617283950617,0.6
0.039538714991762765,0.6
0.03957131079967024,0.6
0.039603960396039604,0.6
0.03963666391412056,0.6
0.03966942148760331,0.6
0.03970223325062035,0.6
0.039735099337748346,0.6
0.03976801988400994,0.6
0.03980099502487562,0.6
0.03983402489626556,0.6
0.03986710963455149,0.6
0.0399002493765586,0.6
0.03993344425956739,0.6
0.03996669442131557,0.6
0.04,0.6
0.040033361134278564,0.6
0.04006677796327212,0.6
0.040100250626566414,0.6
0.04013377926421405,0.6
0.0401673640167364,0.6
0.04020100502512563,0.6
0.040234702430846606,0.6
0.040268456375838924,0.6
0.04030226700251889,0.6
0.040336134453781515,0.6
0.040370058873002525,0.6
0.04040404040404041,0.6
0.040438079191238416,0.6
0.04047217537942664,0.6
0.04050632911392405,0.6
0.04054054054054054,0.6
0.04057480980557904,0.6
0.04060913705583756,0.6
0.04064352243861134,0.6
0.04067796610169491,0.6
0.04071246819338423,0.6
0.04074702886247878,0.6
0.04078164825828377,0.6
0.04081632653061224,0.6
0.04085106382978723,0.6
0.04088586030664395,0.6
0.04092071611253197,0.6
0.040955631399317405,0.6
0.04099060631938514,0.6
0.041025641025641026,0.6
0.041060735671514116,0.6
0.0410958904109589,0.6
0.04113110539845758,0.6
0.0411663807890223,0.6
0.041201716738197426,0.6
0.041237113402061855,0.6
0.0412725709372313,0.6
0.04130808950086059,0.6
0.041343669250646,0.6
0.041379310344827586,0.6
0.04141501294219154,0.6
0.04145077720207254,0.6
0.04148660328435609,0.6
0.04152249134948097,0.6
0.04155844155844156,0.6
0.0415944540727903,0.6
0.04163052905464007,0.6
0.041666666666666664,0.6
0.04170286707211121,0.6
0.04173913043478261,0.6
0.04177545691906005,0.6
0.041811846689895474,0.6
0.041848299912816043,0.6
0.041884816753926704,0.6
0.04192139737991266,0.6
0.04195804195804196,0.6
0.04199475065616798,0.6
0.04203152364273205,0.6
0.042068361086765996,0.6
0.042105263157894736,0.6
0.04214223002633889,0.6
0.0421792618629174,0.6
0.04221635883905013,0.6
0.04225352112676056,0.6
0.04229074889867841,0.6
0.042328042328042326,0.6
0.04236540158870256,0.6
0.04240282685512368,0.6
0.042440318302387266,0.6
0.04247787610619469,0.6
0.042515500442869794,0.6
0.0425531914893617,0.6
0.04259094942324756,0.6
0.04262877442273535,0.6
0.041777777777777775,0.5875
0.04181494661921708,0.5875
0.041852181656277826,0.5875
0.04188948306595366,0.5875
0.04192685102586976,0.5875
0.04196428571428571,0.5875
0.0420017873100983,0.5875
0.04203935599284436,0.5875
0.04207699194270367,0.5875
0.042114695340501794,0.5875
0.042152466367713005,0.5875
0.0421903052064632,0.5875
0.042228212039532795,0.5875
0.04226618705035971,0.5875
0.0423042304230423,0.5875
0.04234234234234234,0.5875
0.04238052299368801,0.5875
0.042418772563176894,0.5875
0.04245709123757904,0.5875
0.042495479204339964,0.5875
0.04253393665158371,0.5875
0.042572463768115944,0.5875
0.04261106074342702,0.5875
0.0426497277676951,0.5875
0.04268846503178928,0.5875
0.042727272727272725,0.5875
0.042766151046405826,0.5875
0.042805100182149364,0.5875
0.04284412032816773,0.5875
0.04288321167883212,0.5875
0.042922374429223746,0.5875
0.04296160877513711,0.5875
0.043000914913083256,0.5875
0.04304029304029304,0.5875
0.04307974335472044,0.5875
0.043119266055045874,0.5875
0.04315886134067952,0.5875
0.043198529411764705,0.5875
0.04323827046918123,0.5875
0.0432780847145488,0.5875
0.04331797235023042,0.5875
0.043357933579335796,0.5875
0.04339796860572484,0.5875
0.04343807763401109,0.5875
0.043478260869565216,0.5875
0.04351851851851852,0.5875
0.04355885078776645,0.5875
0.04359925788497217,0.5875
0.0436397400185701,0.5875
0.04368029739776952,0.5875
0.04372093023255814,0.5875
0.043761638733705775,0.5875
0.04380242311276794,0.5875
0.043843283582089554,0.5875
0.04295051353874883,0.575
0.04299065420560748,0.575
0.04303086997193639,0.575
0.04307116104868914,0.575
0.04311152764761012,0.575
0.043151969981238276,0.575
0.0431924882629108,0.575
0.043233082706766915,0.575
0.043273753527751646,0.575
0.04331450094161959,0.575
0.043355325164938736,0.575
0.04339622641509434,0.575
0.04343720491029273,0.575
0.043478260869565216,0.575
0.043519394512771994,0.575
0.043560606060606064,0.575
0.043601895734597156,0.575
0.04364326375711575,0.575
0.04368471035137702,0.575
0.043726235741444866,0.575
0.04376784015223597,0.575
0.04380952380952381,0.575
0.0438512869399428,0.575
0.04389312977099236,0.575
0.04393505253104107,0.575
0.04397705544933078,0.575
0.04401913875598086,0.575
0.044061302681992334,0.575
0.04410354745925216,0.575
0.044145873320537425,0.575
0.04418828049951969,0.575
0.04423076923076923,0.575
0.04427333974975938,0.575
0.04431599229287091,0.575
0.044358727097396335,0.575
0.04343629343629344,0.5625
0.043478260869565216,0.5625
0.043520309477756286,0.5625
0.04356243949661181,0.5625
0.0436046511627907,0.5625
0.04364694471387003,0.5625
0.043689320388349516,0.5625
0.043731778425655975,0.5625
0.04377431906614786,0.5625
0.043816942551119765,0.5625
0.043859649122807015,0.5625
0.04390243902439024,0.5625
0.0439453125,0.5625
0.04398826979472141,0.5625
0.04403131115459882,0.5625
0.04407443682664055,0.5625
0.04411764705882353,0.5625
0.04317958783120707,0.55
0.043222003929273084,0.55
0.043264503441494594,0.55
0.04330708661417323,0.55
0.042364532019704436,0.5375
0.04142011834319527,0.525
0.04146100691016782,0.525
0.041501976284584984,0.525
0.04154302670623145,0.525
0.041584158415841586,0.525
0.04162537165510406,0.525
0.040674603174603176,0.5125
0.0407149950347567,0.5125
0.040755467196819085,0.5125
0.04079601990049751,0.5125
0.04083665338645418,0.5125
0.040877367896311065,0.5125
0.04091816367265469,0.5125
0.04095904095904096,0.5125
0.041,0.5125
0.04104104104104104,0.5125
0.041082164328657314,0.5125
0.041123370110330994,0.5125
0.04116465863453815,0.5125
0.04120603015075377,0.5125
0.04124748490945674,0.5125
0.041289023162134945,0.5125
0.04133064516129032,0.5125
0.04137235116044399,0.5125
0.04141414141414142,0.5125
0.041456016177957536,0.5125
0.04149797570850203,0.5125
0.04154002026342452,0.5125
0.04158215010141988,0.5125
0.0416243654822335,0.5125
0.041666666666666664,0.5125
0.04170905391658189,0.5125
0.04175152749490835,0.5125
0.0417940876656473,0.5125
0.04183673469387755,0.5125
0.04187946884576098,0.5125
0.041922290388548056,0.5125
0.04196519959058342,0.5125
0.042008196721311473,0.5125
0.04205128205128205,0.5125
0.04209445585215606,0.5125
0.0421377183967112,0.5125
0.04218106995884774,0.5125
0.042224510813594233,0.5125
0.042268041237113405,0.5125
0.04231166150670795,0.5125
0.042355371900826444,0.5125
0.04239917269906929,0.5125
0.042443064182194616,0.5125
0.04248704663212435,0.5125
0.04253112033195021,0.5125
0.04257528556593977,0.5125
0.04261954261954262,0.5125
0.04266389177939646,0.5125
0.042708333333333334,0.5125
0.04275286757038582,0.5125
0.04279749478079332,0.5125
0.042842215256008356,0.5125
0.04288702928870293,0.5125
0.04293193717277487,0.5125
0.0429769392033543,0.5125
0.04302203567681007,0.5125
0.0430672268907563,0.5125
0.04311251314405889,0.5125
0.0431578947368421,0.5125
0.04320337197049526,0.5125
0.043248945147679324,0.5125
0.04329461457233368,0.5125
0.04334038054968287,0.5125
0.04338624338624339,0.5125
0.04343220338983051,0.5125
0.043478260869565216,0.5125
0.0435244161358811,0.5125
0.04357066950053135,0.5125
0.043617021276595745,0.5125
0.043663471778487756,0.5125
0.04371002132196162,0.5125
0.04375667022411953,0.5125
0.0438034188034188,0.5125
0.04385026737967915,0.5125
0.043897216274089934,0.5125
0.04394426580921758,0.5125
0.043991416309012876,0.5125
0.04403866809881848,0.5125
0.04408602150537634,0.5125
0.04413347685683531,0.5125
0.04418103448275862,0.5125
0.04422869471413161,0.5125
0.04427645788336933,0.5125
0.04432432432432432,0.5125
0.044372294372294376,0.5125
0.044420368364030335,0.5125
0.044468546637744036,0.5125
0.04451682953311618,0.5125
0.04456521739130435,0.5125
0.04461371055495103,0.5125
0.044662309368191724,0.5125
0.04471101417666303,0.5125
0.04475982532751092,0.5125
0.04480874316939891,0.5125
0.044857768052516414,0.5125
0.044906900328587074,0.5125
0.043859649122807015,0.5
0.043907793633369926,0.5
0.04395604395604396,0.5
0.04400440044004401,0.5
0.04405286343612335,0.5
0.044101433296582136,0.5
0.04415011037527594,0.5
0.04419889502762431,0.5
0.04424778761061947,0.5
0.044296788482835,0.5
0.04434589800443459,0.5
0.04439511653718091,0.5
0.044444444444444446,0.5
0.04449388209121246,0.5
0.044543429844097995,0.5
0.044593088071348944,0.5
0.044642857142857144,0.5
0.0446927374301676,0.5
0.0447427293064877,0.5
0.04479283314669653,0.5
0.04484304932735426,0.5
0.04489337822671156,0.5
0.0449438202247191,0.5
0.04499437570303712,0.5
0.04504504504504504,0.5
0.04509582863585118,0.5
0.045146726862302484,0.5
0.04519774011299435,0.5
0.04524886877828054,0.5
0.045300113250283124,0.5
0.045351473922902494,0.5
0.04540295119182747,0.5
0.045454545454545456,0.5
0.04550625711035267,0.5
0.04555808656036447,0.5
0.04561003420752566,0.5
0.045662100456621,0.5
0.045714285714285714,0.5
0.04576659038901602,0.5
0.045819014891179836,0.5
0.045871559633027525,0.5
0.045924225028702644,0.5
0.04597701149425287,0.5
0.04602991944764097,0.5
0.04608294930875576,0.5
0.0461361014994233,0.5
0.046189376443418015,0.5
0.046242774566473986,0.5
0.046296296296296294,0.5
0.046349942062572425,0.5
0.04640371229698376,0.5
0.04645760743321719,0.5
0.046511627906976744,0.5
0.046565774155995346,0.5
0.046620046620046623,0.5
0.046674445740956826,0.5
0.04672897196261682,0.5
0.04678362573099415,0.5
0.0468384074941452,0.5
0.04689331770222743,0.5
0.046948356807511735,0.5
0.04700352526439483,0.5
0.047058823529411764,0.5
0.04711425206124853,0.5
0.04716981132075472,0.5
0.047225501770956316,0.5
0.04728132387706856,0.5
0.047337278106508875,0.5
0.04739336492890995,0.5
0.04744958481613286,0.5
0.047505938242280284,0.5
0.04756242568370987,0.5
0.047619047619047616,0.5
0.04767580452920143,0.5
0.0477326968973747,0.5
0.04778972520908005,0.5
0.04784688995215311,0.5
0.04790419161676647,0.5
0.047961630695443645,0.5
0.04801920768307323,0.5
0.04807692307692308,0.5
0.048134777376654635,0.5
0.04819277108433735,0.5
0.04825090470446321,0.5
0.04830917874396135,0.5
0.04836759371221282,0.5
0.048426150121065374,0.5
0.048484848484848485,0.5
0.04854368932038835,0.5
0.04860267314702309,0.5
0.04866180048661801,0.5
0.048721071863580996,0.5
0.04878048780487805,0.5
0.04884004884004884,0.5
0.0488997555012225,0.5
0.04773561811505508,0.4875
0.04779411764705882,0.4875
0.04785276073619632,0.4875
0.04791154791154791,0.4875
0.04797047970479705,0.4875
0.0480295566502463,0.4875
0.0468557336621455,0.475
0.04691358024691358,0.475
0.04697156983930779,0.475
0.04702970297029703,0.475
0.04708798017348203,0.475
0.04714640198511166,0.475
0.04720496894409938,0.475
0.0472636815920398,0.475
0.047322540473225407,0.475
0.04738154613466334,0.475
0.046192259675405745,0.4625
0.04625,0.4625
0.04630788485607009,0.4625
0.046365914786967416,0.4625
0.04642409033877039,0.4625
0.04522613065326633,0.45
0.045283018867924525,0.45
0.04534005037783375,0.45
0.04539722572509458,0.45
0.045454545454545456,0.45
0.045512010113780026,0.45
0.04556962025316456,0.45
0.044359949302915085,0.4375
0.044416243654822336,0.4375
0.044472681067344345,0.4375
0.044529262086514,0.4375
0.044585987261146494,0.4375
0.044642857142857144,0.4375
0.04342273307790549,0.425
0.043478260869565216,0.425
0.04353393085787452,0.425
0.04358974358974359,0.425
0.043645699614890884,0.425
0.043701799485861184,0.425
0.043758043758043756,0.425
0.04381443298969072,0.425
0.04387096774193548,0.425
0.04392764857881137,0.425
0.04398447606727038,0.425
0.04404145077720207,0.425
0.042801556420233464,0.4125
0.04285714285714286,0.4125
0.04291287386215865,0.4125
0.04296875,0.4125
0.04302477183833116,0.4125
0.04308093994778068,0.4125
0.043137254901960784,0.4125
0.04319371727748691,0.4125
0.04193971166448231,0.4
0.04199475065616798,0.4
0.04204993429697766,0.4
0.042105263157894736,0.4
0.04216073781291173,0.4
0.04221635883905013,0.4
0.04227212681638045,0.4
0.042328042328042326,0.4
0.0423841059602649,0.4
0.042440318302387266,0.4
0.04249667994687915,0.4
0.0425531914893617,0.4
0.0426098535286285,0.4
0.042666666666666665,0.4
0.042723631508678236,0.4
0.0427807486631016,0.4
0.0428380187416332,0.4
0.04289544235924933,0.4
0.042953020134228186,0.4
0.043010752688172046,0.4
0.04306864064602961,0.4
0.0431266846361186,0.4
0.043184885290148446,0.4
0.041891891891891894,0.3875
0.04194857916102842,0.3875
0.04200542005420054,0.3875
0.04206241519674356,0.3875
0.042119565217391304,0.3875
0.04217687074829932,0.3875
0.04223433242506812,0.3875
0.04229195088676671,0.3875
0.04234972677595628,0.3875
0.04240766073871409,0.3875
0.04246575342465753,0.3875
0.04252400548696845,0.3875
0.042582417582417584,0.3875
0.04264099037138927,0.3875
0.04269972451790634,0.3875
0.04275862068965517,0.3875
0.04281767955801105,0.3875
0.042876901798063624,0.3875
0.04293628808864266,0.3875
0.04299583911234397,0.3875
0.043055555555555555,0.3875
0.043115438108484005,0.3875
0.04317548746518106,0.3875
0.04184100418410042,0.375
0.04189944134078212,0.375
0.04195804195804196,0.375
0.04201680672268908,0.375
0.04207573632538569,0.375
0.042134831460674156,0.375
0.04219409282700422,0.375
0.04225352112676056,0.375
0.04231311706629055,0.375
0.0423728813559322,0.375
0.042432814710042434,0.375
0.042492917847025496,0.375
0.0425531914893617,0.375
0.04261363636363636,0.375
0.04267425320056899,0.375
0.04131054131054131,0.3625
0.039942938659058486,0.35
0.04,0.35
0.04005722460658083,0.35
0.04011461318051576,0.35
0.040172166427546625,0.35
0.040229885057471264,0.35
0.04028776978417266,0.35
0.040345821325648415,0.35
0.04040404040404041,0.35
0.04046242774566474,0.35
0.04052098408104197,0.35
0.04057971014492753,0.35
0.040638606676342524,0.35
0.040697674418604654,0.35
0.040756914119359534,0.35
0.04081632653061224,0.35
0.040875912408759124,0.35
0.04093567251461988,0.35
0.040995607613469986,0.35
0.04105571847507331,0.35
0.041116005873715125,0.35
0.041176470588235294,0.35
0.041237113402061855,0.35
0.04129793510324484,0.35
0.0413589364844904,0.35
0.04142011834319527,0.35
0.04148148148148148,0.35
0.04154302670623145,0.35
0.041604754829123326,0.35
0.041666666666666664,0.35
0.041728763040238454,0.35
0.041791044776119404,0.35
0.04035874439461883,0.3375
0.040419161676646706,0.3375
0.04047976011994003,0.3375
0.04054054054054054,0.3375
0.0406015037593985,0.3375
0.04066265060240964,0.3375
0.04072398190045249,0.3375
0.04078549848942598,0.3375
0.04084720121028744,0.3375
0.04090909090909091,0.3375
0.0409711684370258,0.3375
0.041033434650455926,0.3375
0.0410958904109589,0.3375
0.041158536585365856,0.3375
0.04122137404580153,0.3375
0.04128440366972477,0.3375
0.04134762633996937,0.3375
0.04141104294478527,0.3375
0.041474654377880185,0.3375
0.04153846153846154,0.3375
0.04160246533127889,0.3375
0.041666666666666664,0.3375
0.04173106646058733,0.3375
0.04179566563467492,0.3375
0.04186046511627907,0.3375
0.04192546583850932,0.3375
0.041990668740279936,0.3375
0.04205607476635514,0.3375
0.0421216848673947,0.3375
0.0421875,0.3375
0.04225352112676056,0.3375
0.04231974921630094,0.3375
0.0423861852433281,0.3375
0.04245283018867924,0.3375
0.04251968503937008,0.3375
0.04258675078864353,0.3375
0.04265402843601896,0.3375
0.04272151898734177,0.3375
0.042789223454833596,0.3375
0.04126984126984127,0.325
0.04133545310015898,0.325
0.041401273885350316,0.325
0.04146730462519936,0.325
0.04153354632587859,0.325
0.0416,0.325
0.041666666666666664,0.325
0.04012841091492777,0.3125
0.04019292604501608,0.3125
0.040257648953301126,0.3125
0.04032258064516129,0.3125
0.04038772213247173,0.3125
0.040453074433656956,0.3125
0.04051863857374392,0.3125
0.040584415584415584,0.3125
0.04065040650406504,0.3125
0.04071661237785016,0.3125
0.040783034257748776,0.3125
0.04084967320261438,0.3125
0.04091653027823241,0.3125
0.040983606557377046,0.3125
0.041050903119868636,0.3125
0.04111842105263158,0.3125
0.04118616144975288,0.3125
0.041254125412541254,0.3125
0.04132231404958678,0.3125
0.041390728476821195,0.3125
0.04145936981757877,0.3125
0.04152823920265781,0.3125
0.04159733777038269,0.3125
0.041666666666666664,0.3125
0.041736227045075125,0.3125
0.04180602006688963,0.3125
0.04187604690117253,0.3125
0.04194630872483222,0.3125
0.04201680672268908,0.3125
0.04208754208754209,0.3125
0.04215851602023609,0.3125
0.04222972972972973,0.3125
0.04230118443316413,0.3125
0.0423728813559322,0.3125
0.042444821731748725,0.3125
0.04251700680272109,0.3125
0.04258943781942078,0.3125
0.042662116040955635,0.3125
0.042735042735042736,0.3125
0.04280821917808219,0.3125
0.04288164665523156,0.3125
0.0429553264604811,0.3125
0.043029259896729774,0.3125
0.04310344827586207,0.3125
0.04317789291882556,0.3125
0.04325259515570934,0.3125
0.043327556325823226,0.3125
0.043402777777777776,0.3125
0.043478260869565216,0.3125
0.04355400696864112,0.3125
0.04363001745200698,0.3125
0.043706293706293704,0.3125
0.043782837127845885,0.3125
0.043859649122807015,0.3125
0.043936731107205626,0.3125
0.04401408450704225,0.3125
0.04409171075837742,0.3125
0.044169611307420496,0.3125
0.04424778761061947,0.3125
0.044326241134751775,0.3125
0.04440497335701599,0.3125
0.04448398576512456,0.3125
0.044563279857397504,0.3125
0.044642857142857144,0.3125
0.044722719141323794,0.3125
0.044802867383512544,0.3125
0.04488330341113106,0.3125
0.04316546762589928,0.3
0.04144144144144144,0.2875
0.04151624548736462,0.2875
0.04159132007233273,0.2875
0.041666666666666664,0.2875
0.041742286751361164,0.2875
0.04181818181818182,0.2875
0.04189435336976321,0.2875
0.041970802919708027,0.2875
0.04204753199268738,0.2875
0.04212454212454213,0.2875
0.04220183486238532,0.2875
0.042279411764705885,0.2875
0.0423572744014733,0.2875
0.042435424354243544,0.2875
0.04251386321626617,0.2875
0.04259259259259259,0.2875
0.04267161410018553,0.2875
0.04275092936802974,0.2875
0.04283054003724395,0.2875
0.04291044776119403,0.2875
0.04299065420560748,0.2875
0.04307116104868914,0.2875
0.04127579737335835,0.275
0.041353383458646614,0.275
0.04143126177024482,0.275
0.04150943396226415,0.275
0.04158790170132325,0.275
0.041666666666666664,0.275
0.04174573055028463,0.275
0.04182509505703422,0.275
0.0419047619047619,0.275
0.04198473282442748,0.275
0.04206500956022945,0.275
0.0421455938697318,0.275
0.04222648752399232,0.275
0.04230769230769231,0.275
0.04238921001926782,0.275
0.04247104247104247,0.275
0.0425531914893617,0.275
0.04263565891472868,0.275
0.04271844660194175,0.275
0.042801556420233464,0.275
0.042884990253411304,0.275
0.04296875,0.275
0.043052837573385516,0.275
0.041176470588235294,0.2625
0.0412573673870334,0.2625
0.04133858267716536,0.2625
0.04142011834319527,0.2625
0.041501976284584984,0.2625
0.041584158415841586,0.2625
0.041666666666666664,0.2625
0.041749502982107355,0.2625
0.04183266932270916,0.2625
0.041916167664670656,0.2625
0.042,0.2625
0.04208416833667335,0.2625
0.040160642570281124,0.25
0.04024144869215292,0.25
0.04032258064516129,0.25
0.04040404040404041,0.25
0.04048582995951417,0.25
0.04056795131845842,0.25
0.04065040650406504,0.25
0.04073319755600815,0.25
0.04081632653061224,0.25
0.0408997955010225,0.25
0.040983606557377046,0.25
0.04106776180698152,0.25
0.0411522633744856,0.25
0.041237113402061855,0.25
0.04132231404958678,0.25
0.041407867494824016,0.25
0.04149377593360996,0.25
0.04158004158004158,0.25
0.041666666666666664,0.25
0.03966597077244259,0.2375
0.0397489539748954,0.2375
0.039832285115303984,0.2375
0.03991596638655462,0.2375
0.04,0.2375
0.04008438818565401,0.2375
0.040169133192389,0.2375
0.04025423728813559,0.2375
0.040339702760084924,0.2375
0.04042553191489362,0.2375
0.04051172707889126,0.2375
0.0405982905982906,0.2375
0.04068522483940043,0.2375
0.0407725321888412,0.2375
0.04086021505376344,0.2375
0.040948275862068964,0.2375
0.038876889848812095,0.225
0.03896103896103896,0.225
0.0368763557483731,0.2125
0.03695652173913044,0.2125
0.037037037037037035,0.2125
0.03711790393013101,0.2125
0.037199124726477024,0.2125
0.03728070175438596,0.2125
0.03736263736263736,0.2125
0.037444933920704845,0.2125
0.037527593818984545,0.2125
0.03761061946902655,0.2125
0.037694013303769404,0.2125
0.03777777777777778,0.2125
0.0378619153674833,0.2125
0.03794642857142857,0.2125
0.03803131991051454,0.2125
0.03587443946188341,0.2
0.035955056179775284,0.2
0.036036036036036036,0.2
0.03611738148984198,0.2
0.03619909502262444,0.2
0.036281179138321996,0.2
0.03636363636363636,0.2
0.03644646924829157,0.2
0.0365296803652968,0.2
0.036613272311212815,0.2
0.03669724770642202,0.2
0.0367816091954023,0.2
0.03686635944700461,0.2
0.03695150115473441,0.2
0.037037037037037035,0.2
0.037122969837587005,0.2
0.037209302325581395,0.2
0.037296037296037296,0.2
0.037383177570093455,0.2
0.03747072599531616,0.2
0.03755868544600939,0.2
0.03764705882352941,0.2
0.03773584905660377,0.2
0.037825059101654845,0.2
0.037914691943127965,0.2
0.03800475059382423,0.2
0.0380952380952381,0.2
0.03818615751789976,0.2
0.03588516746411483,0.1875
0.03597122302158273,0.1875
0.036057692307692304,0.1875
0.03614457831325301,0.1875
0.036231884057971016,0.1875
0.03631961259079903,0.1875
0.03640776699029126,0.1875
0.0364963503649635,0.1875
0.036585365853658534,0.1875
0.03667481662591687,0.1875
0.03676470588235294,0.1875
0.036855036855036855,0.1875
0.03694581280788178,0.1875
0.037037037037037035,0.1875
0.03712871287128713,0.1875
0.03722084367245657,0.1875
0.03731343283582089,0.1875
0.03740648379052369,0.1875
0.0375,0.1875
0.03759398496240601,0.1875
0.03768844221105527,0.1875
0.037783375314861464,0.1875
0.03787878787878788,0.1875
0.0379746835443038,0.1875
0.03807106598984772,0.1875
0.03816793893129771,0.1875
0.03826530612244898,0.1875
0.03836317135549872,0.1875
0.038461538461538464,0.1875
0.038560411311053984,0.1875
0.03865979381443299,0.1875
0.03875968992248062,0.1875
0.038860103626943004,0.1875
0.03896103896103896,0.1875
0.0390625,0.1875
0.0391644908616188,0.1875
0.03926701570680628,0.1875
0.03937007874015748,0.1875
0.039473684210526314,0.1875
0.0395778364116095,0.1875
0.03968253968253968,0.1875
0.03978779840848806,0.1875
0.0398936170212766,0.1875
0.04,0.1875
0.040106951871657755,0.1875
0.040214477211796246,0.1875
0.04032258064516129,0.1875
0.04043126684636118,0.1875
0.04054054054054054,0.1875
0.04065040650406504,0.1875
0.04076086956521739,0.1875
0.04087193460490463,0.1875
0.040983606557377046,0.1875
0.0410958904109589,0.1875
0.04120879120879121,0.1875
0.04132231404958678,0.1875
0.04143646408839779,0.1875
0.04155124653739612,0.1875
0.041666666666666664,0.1875
0.04178272980501393,0.1875
0.04189944134078212,0.1875
0.04201680672268908,0.1875
0.042134831460674156,0.1875
0.04225352112676056,0.1875
0.0423728813559322,0.1875
0.042492917847025496,0.1875
0.04261363636363636,0.1875
0.042735042735042736,0.1875
0.04285714285714286,0.1875
0.04297994269340974,0.1875
0.04310344827586207,0.1875
0.043227665706051875,0.1875
0.04335260115606936,0.1875
0.043478260869565216,0.1875
0.0436046511627907,0.1875
0.043731778425655975,0.1875
0.043859649122807015,0.1875
0.04398826979472141,0.1875
0.04411764705882353,0.1875
0.04424778761061947,0.1875
0.04437869822485207,0.1875
0.04451038575667656,0.1875
0.044642857142857144,0.1875
0.04477611940298507,0.1875
0.04491017964071856,0.1875
0.04504504504504504,0.1875
0.045180722891566265,0.1875
0.045317220543806644,0.1875
0.045454545454545456,0.1875
0.04559270516717325,0.1875
0.04573170731707317,0.1875
0.045871559633027525,0.1875
0.046012269938650305,0.1875
0.046153846153846156,0.1875
0.046296296296296294,0.1875
0.04643962848297214,0.1875
0.046583850931677016,0.1875
0.04672897196261682,0.1875
0.046875,0.1875
0.047021943573667714,0.1875
0.04716981132075472,0.1875
0.04416403785488959,0.175
0.04430379746835443,0.175
0.044444444444444446,0.175
0.044585987261146494,0.175
0.04472843450479233,0.175
0.04487179487179487,0.175
0.04501607717041801,0.175
0.04516129032258064,0.175
0.045307443365695796,0.175
0.04220779220779221,0.1625
0.04234527687296417,0.1625
0.042483660130718956,0.1625
0.04262295081967213,0.1625
0.04276315789473684,0.1625
0.0429042904290429,0.1625
0.04304635761589404,0.1625
0.04318936877076412,0.1625
0.043333333333333335,0.1625
0.043478260869565216,0.1625
0.0436241610738255,0.1625
0.04377104377104377,0.1625
0.04391891891891892,0.1625
0.04406779661016949,0.1625
0.04421768707482993,0.1625
0.04436860068259386,0.1625
0.04452054794520548,0.1625
0.044673539518900345,0.1625
0.04482758620689655,0.1625
0.04498269896193772,0.1625
0.04513888888888889,0.1625
0.04529616724738676,0.1625
0.045454545454545456,0.1625
0.0456140350877193,0.1625
0.045774647887323945,0.1625
0.045936395759717315,0.1625
0.0425531914893617,0.15
0.042704626334519574,0.15
0.04285714285714286,0.15
0.043010752688172046,0.15
0.04316546762589928,0.15
0.04332129963898917,0.15
0.043478260869565216,0.15
0.04363636363636364,0.15
0.043795620437956206,0.15
0.04395604395604396,0.15
0.04411764705882353,0.15
0.04428044280442804,0.15
0.044444444444444446,0.15
0.04460966542750929,0.15
0.041044776119402986,0.1375
0.04119850187265917,0.1375
0.041353383458646614,0.1375
0.04150943396226415,0.1375
0.041666666666666664,0.1375
0.04182509505703422,0.1375
0.04198473282442748,0.1375
0.0421455938697318,0.1375
0.04230769230769231,0.1375
0.04247104247104247,0.1375
0.04263565891472868,0.1375
0.042801556420233464,0.1375
0.04296875,0.1375
0.043137254901960784,0.1375
0.03937007874015748,0.125
0.039525691699604744,0.125
0.03968253968253968,0.125
0.0398406374501992,0.125
0.04,0.125
0.040160642570281124,0.125
0.04032258064516129,0.125
0.04048582995951417,0.125
0.04065040650406504,0.125
0.04081632653061224,0.125
0.040983606557377046,0.125
0.0411522633744856,0.125
0.04132231404958678,0.125
0.04149377593360996,0.125
0.041666666666666664,0.125
0.04184100418410042,0.125
0.04201680672268908,0.125
0.04219409282700422,0.125
0.0423728813559322,0.125
0.0425531914893617,0.125
0.042735042735042736,0.125
0.04291845493562232,0.125
0.03879310344827586,0.1125
0.03896103896103896,0.1125
0.0391304347826087,0.1125
0.039301310043668124,0.1125
0.039473684210526314,0.1125
0.039647577092511016,0.1125
0.03982300884955752,0.1125
0.04,0.1125
0.04017857142857143,0.1125
0.04035874439461883,0.1125
0.04054054054054054,0.1125
0.04072398190045249,0.1125
0.04090909090909091,0.1125
0.0410958904109589,0.1125
0.04128440366972477,0.1125
0.041474654377880185,0.1125
0.041666666666666664,0.1125
0.04186046511627907,0.1125
0.04205607476635514,0.1125
0.04225352112676056,0.1125
0.04245283018867924,0.1125
0.04265402843601896,0.1125
0.04285714285714286,0.1125
0.0430622009569378,0.1125
0.04326923076923077,0.1125
0.043478260869565216,0.1125
0.043689320388349516,0.1125
0.04390243902439024,0.1125
0.04411764705882353,0.1125
0.04433497536945813,0.1125
0.04455445544554455,0.1125
0.04477611940298507,0.1125
0.045,0.1125
0.04522613065326633,0.1125
0.045454545454545456,0.1125
0.04568527918781726,0.1125
0.04591836734693878,0.1125
0.046153846153846156,0.1125
0.041237113402061855,0.1
0.04145077720207254,0.1
0.041666666666666664,0.1
0.041884816753926704,0.1
0.042105263157894736,0.1
0.042328042328042326,0.1
0.0425531914893617,0.1
0.0427807486631016,0.1
0.043010752688172046,0.1
0.043243243243243246,0.1
0.043478260869565216,0.1
0.04371584699453552,0.1
0.04395604395604396,0.1
0.04419889502762431,0.1
0.044444444444444446,0.1
0.0446927374301676,0.1
0.0449438202247191,0.1
0.03954802259887006,0.0875
0.03977272727272727,0.0875
0.04,0.0875
0.040229885057471264,0.0875
0.04046242774566474,0.0875
0.040697674418604654,0.0875
0.04093567251461988,0.0875
0.041176470588235294,0.0875
0.04142011834319527,0.0875
0.041666666666666664,0.0875
0.041916167664670656,0.0875
0.04216867469879518,0.0875
0.04242424242424243,0.0875
0.042682926829268296,0.0875
0.04294478527607362,0.0875
0.043209876543209874,0.0875
0.043478260869565216,0.0875
0.04375,0.0875
0.0440251572327044,0.0875
0.04430379746835443,0.0875
0.03821656050955414,0.075
0.038461538461538464,0.075
0.03870967741935484,0.075
0.03896103896103896,0.075
0.0392156862745098,0.075
0.039473684210526314,0.075
0.033112582781456956,0.0625
0.03333333333333333,0.0625
0.03355704697986577,0.0625
0.033783783783783786,0.0625
0.034013605442176874,0.0625
0.03424657534246575,0.0625
0.027586206896551724,0.05
0.027777777777777776,0.05
0.027972027972027972,0.05
0.02112676056338028,0.0375
0.02127659574468085,0.0375
0.02142857142857143,0.0375
0.02158273381294964,0.0375
0.021739130434782608,0.0375
0.021897810218978103,0.0375
0.022058823529411766,0.0375
0.022222222222222223,0.0375
0.022388059701492536,0.0375
0.022556390977443608,0.0375
0.022727272727272728,0.0375
0.022900763358778626,0.0375
0.023076923076923078,0.0375
0.023255813953488372,0.0375
0.0234375,0.0375
0.023622047244094488,0.0375
0.023809523809523808,0.0375
0.024,0.0375
0.024193548387096774,0.0375
0.024390243902439025,0.0375
0.02459016393442623,0.0375
0.024793388429752067,0.0375
0.025,0.0375
0.025210084033613446,0.0375
0.025423728813559324,0.0375
0.02564102564102564,0.0375
0.02586206896551724,0.0375
0.02608695652173913,0.0375
0.02631578947368421,0.0375
0.02654867256637168,0.0375
0.026785714285714284,0.0375
0.02702702702702703,0.0375
0.02727272727272727,0.0375
0.027522935779816515,0.0375
0.027777777777777776,0.0375
0.028037383177570093,0.0375
0.02830188679245283,0.0375
0.02857142857142857,0.0375
0.028846153846153848,0.0375
0.019417475728155338,0.025
0.0196078431372549,0.025
0.019801980198019802,0.025
0.02,0.025
0.020202020202020204,0.025
0.02040816326530612,0.025
0.020618556701030927,0.025
0.020833333333333332,0.025
0.021052631578947368,0.025
0.02127659574468085,0.025
0.010752688172043012,0.0125
0.010869565217391304,0.0125
0.01098901098901099,0.0125
0.011111111111111112,0.0125
0.011235955056179775,0.0125
0.011363636363636364,0.0125
0.011494252873563218,0.0125
0.011627906976744186,0.0125
0.011764705882352941,0.0125
0.011904761904761904,0.0125
0.012048192771084338,0.0125
0.012195121951219513,0.0125
0.012345679012345678,0.0125
0.0125,0.0125
0.012658227848101266,0.0125
0.01282051282051282,0.0125
0.012987012987012988,0.0125
0.013157894736842105,0.0125
0.013333333333333334,0.0125
0.013513513513513514,0.0125
0.0136986301369863,0.0125
0.013888888888888888,0.0125
0.014084507042253521,0.0125
0.014285714285714285,0.0125
0.014492753623188406,0.0125
0.014705882352941176,0.0125
0.014925373134328358,0.0125
0.015151515151515152,0.0125
0.015384615384615385,0.0125
0.015625,0.0125
0.015873015873015872,0.0125
0.016129032258064516,0.0125
0.01639344262295082,0.0125
0.016666666666666666,0.0125
0.01694915254237288,0.0125
0.017241379310344827,0.0125
0.017543859649122806,0.0125
0.017857142857142856,0.0125
0.01818181818181818,0.0125
0.018518518518518517,0.0125
0.018867924528301886,0.0125
0.019230769230769232,0.0125
0.0196078431372549,0.0125
0.02,0.0125
0.02040816326530612,0.0125
0.020833333333333332,0.0125
0.02127659574468085,0.0125
0.021739130434782608,0.0125
0.022222222222222223,0.0125
0.022727272727272728,0.0125
0.023255813953488372,0.0125
0.023809523809523808,0.0125
0.024390243902439025,0.0125
1.0,0.0
