Precision,Recall
0.03257328990228013,1.0
0.03217922606924643,0.9875
0.03219233903830481,0.9875
0.03220546269873624,0.9875
0.03221859706362153,0.9875
0.03223174214606283,0.9875
0.03224489795918367,0.9875
0.03225806451612903,0.9875
0.03227124183006536,0.9875
0.03228442991418063,0.9875
0.032297628781684386,0.9875
0.032310838445807774,0.9875
0.032324058919803604,0.9875
0.032337290216946375,0.9875
0.03235053235053235,0.9875
0.032363785333879555,0.9875
0.03237704918032787,0.9875
0.03239032390323903,0.9875
0.03240360951599672,0.9875
0.032430213464696225,0.9875
0.0324435318275154,0.9875
0.03245686113393591,0.9875
0.03247020139745171,0.9875
0.03248355263157895,0.9875
0.03249691484985603,0.9875
0.03251028806584362,0.9875
0.03252367229312474,0.9875
0.032537067545304776,0.9875
0.032550473836011534,0.9875
0.0325638911788953,0.9875
0.03257731958762886,0.9875
0.03259075907590759,0.9875
0.032604209657449444,0.9875
0.032617671345995046,0.9875
0.032631144155307726,0.9875
0.03264462809917355,0.9875
0.032658123191401406,0.9875
0.032671629445823,0.9875
0.032685146876292925,0.9875
0.03269867549668874,0.9875
0.032712215320910974,0.9875
0.03272576636288318,0.9875
0.03273932863655201,0.9875
0.03275290215588723,0.9875
0.032766486934881794,0.9875
0.03278008298755187,0.9875
0.0327936903279369,0.9875
0.03280730897009967,0.9875
0.0328209389281263,0.9875
0.03283458021612635,0.9875
0.03284823284823285,0.9875
0.03286189683860233,0.9875
0.0328755722014149,0.9875
0.03288925895087427,0.9875
0.03290295710120783,0.9875
0.032916666666666664,0.9875
0.03293038766152564,0.9875
0.0329441201000834,0.9875
0.03295786399666249,0.9875
0.03297161936560935,0.9875
0.03298538622129436,0.9875
0.032999164578111945,0.9875
0.03301295445048057,0.9875
0.03302675585284281,0.9875
0.03304056879966541,0.9875
0.03305439330543933,0.9875
0.033068229384679786,0.9875
0.0330820770519263,0.9875
0.03309593632174277,0.9875
0.03310980720871752,0.9875
0.03312368972746331,0.9875
0.03313758389261745,0.9875
0.0331514897188418,0.9875
0.03316540722082284,0.9875
0.03317933641327173,0.9875
0.03319327731092437,0.9875
0.0332072299285414,0.9875
0.03322119428090833,0.9875
0.03323517038283551,0.9875
0.03324915824915825,0.9875
0.03326315789473684,0.9875
0.03327716933445661,0.9875
0.033291192583227984,0.9875
0.03330522765598651,0.9875
0.03331927456769296,0.9875
0.03333333333333333,0.9875
0.03334740396791895,0.9875
0.033361486486486486,0.9875
0.033375580904098014,0.9875
0.033389687235841084,0.9875
0.03340380549682875,0.9875
0.03341793570219966,0.9875
0.03343207786711807,0.9875
0.03344623200677392,0.9875
0.033460398136382886,0.9875
0.03347457627118644,0.9875
0.033488766426451884,0.9875
0.033502968617472435,0.9875
0.03351718285956724,0.9875
0.03353140916808149,0.9875
0.03354564755838641,0.9875
0.033559898045879354,0.9875
0.03357416064598385,0.9875
0.03358843537414966,0.9875
0.033602722245852826,0.9875
0.03361702127659574,0.9875
0.033631332481907195,0.9875
0.03364565587734242,0.9875
0.03365999147848317,0.9875
0.033674339300937765,0.9875
0.03368869936034115,0.9875
0.03370307167235495,0.9875
0.03371745625266752,0.9875
0.033731853116994025,0.9875
0.03374626228107646,0.9875
0.03376068376068376,0.9875
0.0337751175716118,0.9875
0.03378956372968349,0.9875
0.03380402225074882,0.9875
0.033818493150684935,0.9875
0.033832976445396144,0.9875
0.03384747215081405,0.9875
0.03386198028289756,0.9875
0.033876500857632934,0.9875
0.03389103389103389,0.9875
0.03390557939914163,0.9875
0.0339201373980249,0.9875
0.033934707903780066,0.9875
0.033949290932531156,0.9875
0.033963886500429925,0.9875
0.03397849462365592,0.9875
0.03399311531841653,0.9875
0.03400774860094705,0.9875
0.034022394487510765,0.9875
0.034037052994398964,0.9875
0.03405172413793103,0.9875
0.03406640793445451,0.9875
0.034081104400345126,0.9875
0.03409581355200691,0.9875
0.034110535405872194,0.9875
0.03412526997840173,0.9875
0.0341400172860847,0.9875
0.03415477734543882,0.9875
0.034169550173010384,0.9875
0.0341843357853743,0.9875
0.0341991341991342,0.9875
0.034213945430922474,0.9875
0.03422876949740035,0.9875
0.03424360641525791,0.9875
0.034258456201214225,0.9875
0.03427331887201735,0.9875
0.03428819444444445,0.9875
0.03430308293530178,0.9875
0.03431798436142485,0.9875
0.0343328987396784,0.9875
0.03434782608695652,0.9875
0.03436276642018269,0.9875
0.034377719756309835,0.9875
0.034392686112320416,0.9875
0.03440766550522648,0.9875
0.03442265795206972,0.9875
0.03443766346992153,0.9875
0.034452682075883125,0.9875
0.03446771378708551,0.9875
0.034482758620689655,0.9875
0.03449781659388646,0.9875
0.0345128877238969,0.9875
0.034527972027972025,0.9875
0.03454306952339309,0.9875
0.03455818022747156,0.9875
0.03457330415754924,0.9875
0.03458844133099825,0.9875
0.0346035917652212,0.9875
0.034618755477651184,0.9875
0.03463393248575186,0.9875
0.03464912280701754,0.9875
0.03466432645897324,0.9875
0.03467954345917471,0.9875
0.03469477382520861,0.9875
0.03471001757469244,0.9875
0.03428571428571429,0.975
0.03430079155672823,0.975
0.0343158820941487,0.975
0.03433098591549296,0.975
0.034346103038309116,0.975
0.03436123348017621,0.975
0.03437637725870427,0.975
0.03439153439153439,0.975
0.03440670489633877,0.975
0.03442188879082083,0.975
0.03443708609271523,0.975
0.03445229681978799,0.975
0.0344675209898365,0.975
0.034482758620689655,0.975
0.03449800973020787,0.975
0.034513274336283185,0.975
0.034528552456839307,0.975
0.03454384410983171,0.975
0.034559149313247675,0.975
0.034574468085106384,0.975
0.03458980044345898,0.975
0.03460514640638864,0.975
0.03462050599201065,0.975
0.03463587921847247,0.975
0.0346512661039538,0.975
0.034666666666666665,0.975
0.03468208092485549,0.975
0.03469750889679715,0.975
0.03471295060080107,0.975
0.034728406055209264,0.975
0.03474387527839644,0.975
0.034759358288770054,0.975
0.034774855104770394,0.975
0.03479036574487065,0.975
0.03480589022757698,0.975
0.03482142857142857,0.975
0.034836980794997766,0.975
0.03485254691689008,0.975
0.0348681269557443,0.975
0.03488372093023256,0.975
0.0348993288590604,0.975
0.03491495076096687,0.975
0.03493058665472459,0.975
0.03494623655913978,0.975
0.03496190049305244,0.975
0.03497757847533632,0.975
0.034993270524899055,0.975
0.03500897666068223,0.975
0.03502469690166143,0.975
0.03504043126684636,0.975
0.0350561797752809,0.975
0.03507194244604316,0.975
0.03508771929824561,0.975
0.0351035103510351,0.975
0.035119315623592974,0.975
0.034684684684684684,0.9625
0.03470031545741325,0.9625
0.034715960324616775,0.9625
0.03473161930536761,0.9625
0.034747292418772564,0.9625
0.03476297968397291,0.9625
0.03477868112014453,0.9625
0.034794396746497966,0.9625
0.03481012658227848,0.9625
0.03482587064676617,0.9625
0.03484162895927602,0.9625
0.03485740153915799,0.9625
0.034873188405797104,0.9625
0.0348889895786135,0.9625
0.034904805077062555,0.9625
0.03492063492063492,0.9625
0.034936479128856626,0.9625
0.03495233772128915,0.9625
0.03496821071752952,0.9625
0.03498409813721036,0.9625
0.035,0.9625
0.035015916325602546,0.9625
0.03503184713375796,0.9625
0.03504779244424215,0.9625
0.03506375227686703,0.9625
0.03507972665148064,0.9625
0.03509571558796718,0.9625
0.03511171910624715,0.9625
0.03512773722627737,0.9625
0.03514376996805112,0.9625
0.03515981735159817,0.9625
0.035175879396984924,0.9625
0.035191956124314444,0.9625
0.035208047553726564,0.9625
0.035224153705397984,0.9625
0.035240274599542334,0.9625
0.035256410256410256,0.9625
0.03527256069628951,0.9625
0.03528872593950504,0.9625
0.03530490600641907,0.9625
0.035321100917431195,0.9625
0.03533731069297843,0.9625
0.03535353535353535,0.9625
0.03536977491961415,0.9625
0.035386029411764705,0.9625
0.035402298850574714,0.9625
0.03541858325666973,0.9625
0.0354348826507133,0.9625
0.035451197053407,0.9625
0.03546752648549056,0.9625
0.035483870967741936,0.9625
0.03550023052097741,0.9625
0.03551660516605166,0.9625
0.03553299492385787,0.9625
0.035549399815327794,0.9625
0.03556581986143187,0.9625
0.0355822550831793,0.9625
0.03559870550161812,0.9625
0.035615171137835334,0.9625
0.03563165201295696,0.9625
0.03564814814814815,0.9625
0.035664659564613246,0.9625
0.03568118628359592,0.9625
0.03569772832637923,0.9625
0.03571428571428571,0.9625
0.0357308584686775,0.9625
0.03574744661095636,0.9625
0.035764050162563864,0.9625
0.03578066914498141,0.9625
0.03579730357973036,0.9625
0.035813953488372095,0.9625
0.035830618892508145,0.9625
0.03584729981378026,0.9625
0.03586399627387052,0.9625
0.0358807082945014,0.9625
0.035897435897435895,0.9625
0.03591417910447761,0.9625
0.03593093793747083,0.9625
0.03594771241830065,0.9625
0.03596450256889304,0.9625
0.03551401869158879,0.95
0.035530621785881254,0.95
0.03554724041159962,0.95
0.035563874590547495,0.95
0.035580524344569285,0.95
0.035597189695550355,0.95
0.03561387066541706,0.95
0.03563056727613689,0.95
0.03564727954971857,0.95
0.03566400750821211,0.95
0.03568075117370892,0.95
0.035697510568341945,0.95
0.03571428571428571,0.95
0.035731076633756464,0.95
0.03574788334901223,0.95
0.03576470588235294,0.95
0.035781544256120526,0.95
0.03579839849269901,0.95
0.03581526861451461,0.95
0.03583215464403583,0.95
0.035849056603773584,0.95
0.03586597451628126,0.95
0.03588290840415486,0.95
0.03589985829003307,0.95
0.035916824196597356,0.95
0.03593380614657211,0.95
0.03595080416272469,0.95
0.035967818267865596,0.95
0.03598484848484849,0.95
0.03600189483657035,0.95
0.03601895734597156,0.95
0.036036036036036036,0.95
0.036053130929791274,0.95
0.036070242050308496,0.95
0.03608736942070275,0.95
0.036104513064133016,0.95
0.03612167300380228,0.95
0.03613884926295768,0.95
0.03615604186489058,0.95
0.036173250832936696,0.95
0.03619047619047619,0.95
0.03620771796093378,0.95
0.03622497616777884,0.95
0.036242250834525515,0.95
0.03625954198473282,0.95
0.036276849642004776,0.95
0.03629417382999045,0.95
0.036311514572384136,0.95
0.036328871892925434,0.95
0.03634624581539933,0.95
0.03636363636363636,0.95
0.036381043561512685,0.95
0.03639846743295019,0.95
0.03641590800191662,0.95
0.0364333652924257,0.95
0.03645083932853717,0.95
0.036468330134357005,0.95
0.03648583773403745,0.95
0.03650336215177714,0.95
0.03652090341182124,0.95
0.03653846153846154,0.95
0.03655603655603656,0.95
0.03657362848893166,0.95
0.0365912373615792,0.95
0.036608863198458574,0.95
0.03662650602409639,0.95
0.03664416586306654,0.95
0.036661842739990354,0.95
0.03667953667953668,0.95
0.03669724770642202,0.95
0.03671497584541063,0.95
0.03673272112131464,0.95
0.0367504835589942,0.95
0.036768263183357526,0.95
0.036786060019361085,0.95
0.036803874092009685,0.95
0.03682170542635659,0.95
0.036354823073194376,0.9375
0.036372453928225024,0.9375
0.035904900533721494,0.925
0.035922330097087375,0.925
0.035454103933948516,0.9125
0.03547133138969873,0.9125
0.03548857559552747,0.9125
0.035505836575875485,0.9125
0.035523114355231145,0.9125
0.03554040895813048,0.9125
0.035557720409157334,0.9125
0.03557504873294347,0.9125
0.035592393954168695,0.9125
0.03560975609756097,0.9125
0.035627135187896536,0.9125
0.03564453125,0.9125
0.0356619443087445,0.9125
0.03567937438905181,0.9125
0.03569682151589242,0.9125
0.03571428571428571,0.9125
0.03573176700930005,0.9125
0.03574926542605289,0.9125
0.03576678098971093,0.9125
0.035784313725490194,0.9125
0.03531142717018146,0.9
0.03532875368007851,0.9
0.035346097201767304,0.9
0.03536345776031434,0.9
0.03538083538083538,0.9
0.035398230088495575,0.9
0.03541564190850959,0.9
0.03543307086614173,0.9
0.03545051698670606,0.9
0.035467980295566505,0.9
0.03548546081813701,0.9
0.03550295857988166,0.9
0.03552047360631475,0.9
0.035538005923000986,0.9
0.035555555555555556,0.9
0.03557312252964427,0.9
0.03559070687098369,0.9
0.03560830860534125,0.9
0.035625927758535375,0.9
0.03564356435643564,0.9
0.03566121842496285,0.9
0.035678889990089196,0.9
0.035696579077838374,0.9
0.03571428571428571,0.9
0.03573200992555831,0.9
0.035253227408143,0.8875
0.03527074018877298,0.8875
0.0352882703777336,0.8875
0.035305818000994534,0.8875
0.035323383084577116,0.8875
0.0353409656545545,0.8875
0.035358565737051796,0.8875
0.03537618335824614,0.8875
0.0353938185443669,0.8875
0.03541147132169576,0.8875
0.035429141716566866,0.8875
0.03544682975536695,0.8875
0.035464535464535464,0.8875
0.03548225887056472,0.8875
0.0355,0.8875
0.03551775887943972,0.8875
0.03553553553553553,0.8875
0.035553329994992486,0.8875
0.03557114228456914,0.8875
0.03558897243107769,0.8875
0.03560682046138415,0.8875
0.03562468640240843,0.8875
0.0356425702811245,0.8875
0.03566047212456052,0.8875
0.035678391959798994,0.8875
0.03569632981397687,0.8875
0.03571428571428571,0.8875
0.035732259687971814,0.8875
0.03575025176233636,0.8875
0.035768261964735516,0.8875
0.03578629032258065,0.8875
0.03580433686333838,0.8875
0.03582240161453078,0.8875
0.035840484603735484,0.8875
0.03585858585858586,0.8875
0.0358767054067711,0.8875
0.0358948432760364,0.8875
0.035912999494183105,0.8875
0.035931174089068825,0.8875
0.035949367088607596,0.8875
0.03596757852077001,0.8875
0.03598580841358338,0.8875
0.03600405679513185,0.8875
0.03602232369355657,0.8875
0.03553299492385787,0.875
0.03555104113763331,0.875
0.0350609756097561,0.8625
0.03507880020335536,0.8625
0.035096642929806715,0.8625
0.035114503816793895,0.8625
0.034623217922606926,0.85
0.034640855832908816,0.85
0.034658511722731905,0.85
0.03467618561958185,0.85
0.03469387755102041,0.85
0.03471158754466565,0.85
0.03472931562819203,0.85
0.03474706182933061,0.85
0.034764826175869123,0.85
0.034782608695652174,0.85
0.03480040941658137,0.85
0.03481822836661547,0.85
0.03483606557377049,0.85
0.03485392106611994,0.85
0.03487179487179487,0.85
0.034889687018984095,0.85
0.03490759753593429,0.85
0.03492552645095018,0.85
0.03494347379239465,0.85
0.03496143958868895,0.85
0.03497942386831276,0.85
0.034997426659804425,0.85
0.035015447991761074,0.85
0.03503348789283874,0.85
0.03505154639175258,0.85
0.035069623517276945,0.85
0.03508771929824561,0.85
0.035105833763551884,0.85
0.03512396694214876,0.85
0.0351421188630491,0.85
0.03516028955532575,0.85
0.03517847904811174,0.85
0.035196687370600416,0.85
0.03521491455204557,0.85
0.035233160621761656,0.85
0.0352514256091239,0.85
0.035269709543568464,0.85
0.03528801245459263,0.85
0.035306334371754934,0.85
0.03532467532467533,0.85
0.035343035343035345,0.85
0.03536141445657826,0.85
0.03537981269510926,0.85
0.035398230088495575,0.85
0.035416666666666666,0.85
0.03543512245961438,0.85
0.035453597497393116,0.85
0.03547209181011998,0.85
0.03549060542797495,0.85
0.035509138381201046,0.85
0.035527690700104496,0.85
0.03554626241505489,0.85
0.03556485355648536,0.85
0.035583464154892726,0.85
0.0356020942408377,0.85
0.035620743844945,0.85
0.03563941299790356,0.85
0.0356581017304667,0.85
0.035676810073452254,0.85
0.03569553805774278,0.85
0.03571428571428571,0.85
0.03573305307409354,0.85
0.035751840168243953,0.85
0.03577064702788006,0.85
0.035789473684210524,0.85
0.03580832016850974,0.85
0.03582718651211802,0.85
0.03584607274644175,0.85
0.035864978902953586,0.85
0.035883905013192614,0.85
0.03590285110876452,0.85
0.03592181722134179,0.85
0.035940803382663845,0.85
0.035959809624537285,0.85
0.035449735449735446,0.8375
0.035468501852832186,0.8375
0.03548728813559322,0.8375
0.03550609432962374,0.8375
0.03552492046659597,0.8375
0.035543766578249335,0.8375
0.03556263269639066,0.8375
0.03558151885289432,0.8375
0.035600425079702444,0.8375
0.03561935140882509,0.8375
0.03563829787234043,0.8375
0.03565726450239489,0.8375
0.03567625133120341,0.8375
0.03569525839104955,0.8375
0.03571428571428571,0.8375
0.03573333333333333,0.8375
0.03575240128068303,0.8375
0.03577148958889482,0.8375
0.03579059829059829,0.8375
0.03580972741849278,0.8375
0.03582887700534759,0.8375
0.03584804708400214,0.8375
0.03586723768736617,0.8375
0.035886448848419926,0.8375
0.03590568060021436,0.8375
0.035924932975871314,0.8375
0.03594420600858369,0.8375
0.035963499731615674,0.8375
0.0359828141783029,0.8375
0.03600214938205266,0.8375
0.03602150537634408,0.8375
0.03604088219472835,0.8375
0.03606027987082885,0.8375
0.03607969843834141,0.8375
0.03609913793103448,0.8375
0.03611859838274933,0.8375
0.036138079827400214,0.8375
0.03615758229897464,0.8375
0.036177105831533475,0.8375
0.036196650459211235,0.8375
0.036216216216216214,0.8375
0.03623580313683072,0.8375
0.036255411255411256,0.8375
0.03627504060638874,0.8375
0.03629469122426869,0.8375
0.036314363143631435,0.8375
0.03633405639913232,0.8375
0.0363537710255019,0.8375
0.03637350705754615,0.8375
0.03639326453014666,0.8375
0.03641304347826087,0.8375
0.03643284393692224,0.8375
0.03645266594124048,0.8375
0.03647250952640174,0.8375
0.03649237472766884,0.8375
0.03651226158038147,0.8375
0.03653217011995638,0.8375
0.036552100381887616,0.8375
0.03657205240174673,0.8375
0.03659202621518296,0.8375
0.0366120218579235,0.8375
0.036632039365773646,0.8375
0.03665207877461707,0.8375
0.03667214012041598,0.8375
0.03669222343921139,0.8375
0.03671232876712329,0.8375
0.03673245614035088,0.8375
0.036752605595172794,0.8375
0.03677277716794731,0.8375
0.036792970895112576,0.8375
0.036813186813186814,0.8375
0.036833424958768554,0.8375
0.03685368536853685,0.8375
0.036873968079251515,0.8375
0.036894273127753306,0.8375
0.03691460055096419,0.8375
0.03693495038588754,0.8375
0.03695532266960838,0.8375
0.0369757174392936,0.8375
0.03699613473219216,0.8375
0.037016574585635356,0.8375
0.037037037037037035,0.8375
0.03705752212389381,0.8375
0.03707802988378528,0.8375
0.03709856035437431,0.8375
0.0371191135734072,0.8375
0.03713968957871397,0.8375
0.03716028840820854,0.8375
0.03718091009988901,0.8375
0.03720155469183787,0.8375
0.03722222222222222,0.8375
0.03724291272929405,0.8375
0.03726362625139043,0.8375
0.03728436282693378,0.8375
0.037305122494432075,0.8375
0.03732590529247911,0.8375
0.037346711259754736,0.8375
0.0373675404350251,0.8375
0.037388392857142856,0.8375
0.03740926856504746,0.8375
0.037430167597765365,0.8375
0.03745108999441028,0.8375
0.03747203579418344,0.8375
0.03749300503637381,0.8375
0.037513997760358346,0.8375
0.03697478991596639,0.825
0.03699551569506727,0.825
0.03701626472237801,0.825
0.037037037037037035,0.825
0.03705783267827063,0.825
0.03707865168539326,0.825
0.03709949409780776,0.825
0.03655793025871766,0.8125
0.03657850309510411,0.8125
0.0365990990990991,0.8125
0.036619718309859155,0.8125
0.03664036076662908,0.8125
0.03666102650874224,0.8125
0.03668171557562077,0.8125
0.03670242800677583,0.8125
0.03672316384180791,0.8125
0.03674392312040701,0.8125
0.03676470588235294,0.8125
0.03678551216751556,0.8125
0.03680634201585504,0.8125
0.036827195467422094,0.8125
0.036848072562358274,0.8125
0.0368689733408962,0.8125
0.03688989784335982,0.8125
0.03691084611016468,0.8125
0.036931818181818184,0.8125
0.03695281409891984,0.8125
0.036973833902161544,0.8125
0.03699487763232783,0.8125
0.037015945330296125,0.8125
0.037037037037037035,0.8125
0.037058152793614595,0.8125
0.037079292641186534,0.8125
0.037100456621004564,0.8125
0.03712164477441462,0.8125
0.037142857142857144,0.8125
0.037164093767867355,0.8125
0.03718535469107551,0.8125
0.03720663995420721,0.8125
0.03722794959908362,0.8125
0.03724928366762178,0.8125
0.03727064220183486,0.8125
0.037292025243832475,0.8125
0.03731343283582089,0.8125
0.037334865020103386,0.8125
0.03735632183908046,0.8125
0.03737780333525014,0.8125
0.037399309551208286,0.8125
0.03742084052964882,0.8125
0.03744239631336405,0.8125
0.037463976945244955,0.8125
0.03748558246828143,0.8125
0.03750721292556261,0.8125
0.037528868360277134,0.8125
0.03755054881571346,0.8125
0.03757225433526012,0.8125
0.03759398496240601,0.8125
0.03761574074074074,0.8125
0.03763752171395483,0.8125
0.03765932792584009,0.8125
0.03768115942028986,0.8125
0.037703016241299306,0.8125
0.03772489843296576,0.8125
0.03774680603948897,0.8125
0.03776873910517141,0.8125
0.0377906976744186,0.8125
0.03781268179173938,0.8125
0.03783469150174622,0.8125
0.0378567268491555,0.8125
0.03787878787878788,0.8125
0.037900874635568516,0.8125
0.037922987164527425,0.8125
0.03794512551079977,0.8125
0.037967289719626166,0.8125
0.03798947983635301,0.8125
0.038011695906432746,0.8125
0.038033937975424224,0.8125
0.038056206088992975,0.8125
0.038078500292911543,0.8125
0.038100820633059786,0.8125
0.03812316715542522,0.8125
0.03814553990610329,0.8125
0.03816793893129771,0.8125
0.038190364277320796,0.8125
0.03821281599059377,0.8125
0.03823529411764706,0.8125
0.03825779870512066,0.8125
0.03828032979976443,0.8125
0.03830288744843842,0.8125
0.038325471698113206,0.8125
0.038348082595870206,0.8125
0.03837072018890201,0.8125
0.0383933845245127,0.8125
0.0384160756501182,0.8125
0.0384387936132466,0.8125
0.038461538461538464,0.8125
0.037892243931320305,0.8
0.037914691943127965,0.8
0.03793716656787196,0.8
0.03795966785290629,0.8
0.03798219584569733,0.8
0.03800475059382423,0.8
0.038027332144979206,0.8
0.03804994054696789,0.8
0.0380725758477097,0.8
0.0380952380952381,0.8
0.038117927337701016,0.8
0.03814064362336114,0.8
0.0381633870005963,0.8
0.03818615751789976,0.8
0.0382089552238806,0.8
0.038231780167264036,0.8
0.03825463239689181,0.8
0.03827751196172249,0.8
0.038300418910831836,0.8
0.03832335329341317,0.8
0.03834631515877771,0.8
0.03776978417266187,0.7875
0.03779244151169766,0.7875
0.037815126050420166,0.7875
0.03783783783783784,0.7875
0.03786057692307692,0.7875
0.03788334335538184,0.7875
0.03790613718411552,0.7875
0.037928958458759786,0.7875
0.03795180722891566,0.7875
0.0379746835443038,0.7875
0.037997587454764774,0.7875
0.038020519010259504,0.7875
0.03804347826086957,0.7875
0.038066465256797584,0.7875
0.0380894800483676,0.7875
0.038112522686025406,0.7875
0.038135593220338986,0.7875
0.03815869170199879,0.7875
0.038181818181818185,0.7875
0.03820497271073378,0.7875
0.03822815533980582,0.7875
0.03825136612021858,0.7875
0.03827460510328068,0.7875
0.03829787234042553,0.7875
0.03832116788321168,0.7875
0.03834449178332319,0.7875
0.03836784409257003,0.7875
0.038391224862888484,0.7875
0.03841463414634146,0.7875
0.03843807199511898,0.7875
0.038461538461538464,0.7875
0.038485033598045205,0.7875
0.03850855745721271,0.7875
0.03853211009174312,0.7875
0.038555691554467565,0.7875
0.0385793018983466,0.7875
0.03860294117647059,0.7875
0.03862660944206009,0.7875
0.03803680981595092,0.775
0.03806015960712093,0.775
0.038083538083538086,0.775
0.03810694529809465,0.775
0.038130381303813035,0.775
0.038153846153846156,0.775
0.038177339901477834,0.775
0.03820086260012323,0.775
0.03822441430332922,0.775
0.03824799506477483,0.775
0.037654320987654324,0.7625
0.03767757875231625,0.7625
0.0377008652657602,0.7625
0.03772418058132344,0.7625
0.037747524752475246,0.7625
0.03777089783281734,0.7625
0.037794299876084264,0.7625
0.03781773093614383,0.7625
0.03784119106699752,0.7625
0.03786468032278088,0.7625
0.037888198757763975,0.7625
0.03791174642635177,0.7625
0.03793532338308458,0.7625
0.037958929682638455,0.7625
0.03798256537982565,0.7625
0.038006230529595016,0.7625
0.038029925187032416,0.7625
0.038053649407361195,0.7625
0.03745318352059925,0.75
0.037476577139287946,0.75
0.0375,0.75
0.0375234521575985,0.75
0.03754693366708386,0.75
0.03757044458359424,0.75
0.03696741854636591,0.7375
0.03699059561128527,0.7375
0.0370138017565872,0.7375
0.037037037037037035,0.7375
0.03706030150753769,0.7375
0.03708359522313011,0.7375
0.03710691823899371,0.7375
0.037130270610446825,0.7375
0.0371536523929471,0.7375
0.037177063642092,0.7375
0.03720050441361917,0.7375
0.03722397476340694,0.7375
0.037247474747474744,0.7375
0.037271004421983576,0.7375
0.03729456384323641,0.7375
0.03731815306767868,0.7375
0.03734177215189873,0.7375
0.037365421152628246,0.7375
0.037389100126742715,0.7375
0.03741280913126189,0.7375
0.037436548223350255,0.7375
0.03746031746031746,0.7375
0.03748411689961881,0.7375
0.036872218690400506,0.725
0.03689567430025445,0.725
0.036919159770846595,0.725
0.03694267515923567,0.725
0.036966220522625874,0.725
0.036989795918367346,0.725
0.037013401403956606,0.725
0.037037037037037035,0.725
0.03706070287539936,0.725
0.0370843989769821,0.725
0.037108125399872044,0.725
0.03649167733674776,0.7125
0.03651505445227418,0.7125
0.03653846153846154,0.7125
0.036561898652982684,0.7125
0.036585365853658534,0.7125
0.036608863198458574,0.7125
0.036632390745501286,0.7125
0.036655948553054665,0.7125
0.03667953667953668,0.7125
0.03670315518351577,0.7125
0.03672680412371134,0.7125
0.0367504835589942,0.7125
0.036774193548387096,0.7125
0.036797934151065206,0.7125
0.03682170542635659,0.7125
0.03684550743374273,0.7125
0.03686934023285899,0.7125
0.036893203883495145,0.7125
0.036917098445595854,0.7125
0.03694102397926118,0.7125
0.03696498054474708,0.7125
0.03698896820246593,0.7125
0.03701298701298701,0.7125
0.037037037037037035,0.7125
0.03706111833550065,0.7125
0.03708523096942095,0.7125
0.037109375,0.7125
0.03713355048859935,0.7125
0.037157757496740544,0.7125
0.03718199608610567,0.7125
0.03720626631853786,0.7125
0.037230568256041804,0.7125
0.03725490196078431,0.7125
0.03727926749509483,0.7125
0.037303664921465966,0.7125
0.03732809430255403,0.7125
0.037352555701179554,0.7125
0.037377049180327866,0.7125
0.03740157480314961,0.7125
0.03742613263296126,0.7125
0.03745072273324573,0.7125
0.03747534516765286,0.7125
0.0375,0.7125
0.037524687294272545,0.7125
0.037549407114624504,0.7125
0.037574159525379035,0.7125
0.037598944591029027,0.7125
0.03762376237623762,0.7125
0.037648612945838836,0.7125
0.03767349636483807,0.7125
0.037698412698412696,0.7125
0.03772336201191264,0.7125
0.03774834437086093,0.7125
0.03777335984095427,0.7125
0.03779840848806366,0.7125
0.0378234903782349,0.7125
0.037848605577689244,0.7125
0.03787375415282392,0.7125
0.03789893617021277,0.7125
0.037258815701929474,0.7
0.037283621837549935,0.7
0.037308461025982675,0.7
0.03666666666666667,0.6875
0.03669112741827885,0.6875
0.036715620827770364,0.6875
0.03674014696058784,0.6875
0.03676470588235294,0.6875
0.03678929765886288,0.6875
0.03681392235609103,0.6875
0.036838580040187544,0.6875
0.03686327077747989,0.6875
0.03688799463447351,0.6875
0.03691275167785235,0.6875
0.036937541974479515,0.6875
0.03696236559139785,0.6875
0.03698722259583053,0.6875
0.0370121130551817,0.6875
0.037037037037037035,0.6875
0.03706199460916442,0.6875
0.037086985839514496,0.6875
0.037112010796221326,0.6875
0.03713706954760297,0.6875
0.037162162162162164,0.6875
0.03718728870858688,0.6875
0.03721244925575101,0.6875
0.037237643872714964,0.6875
0.03726287262872629,0.6875
0.03728813559322034,0.6875
0.03731343283582089,0.6875
0.0373387644263408,0.6875
0.03736413043478261,0.6875
0.037389530931339225,0.6875
0.03741496598639456,0.6875
0.037440435670524165,0.6875
0.03746594005449591,0.6875
0.03749147920927062,0.6875
0.03751705320600273,0.6875
0.03754266211604096,0.6875
0.03756830601092896,0.6875
0.03759398496240601,0.6875
0.03761969904240766,0.6875
0.03764544832306639,0.6875
0.03767123287671233,0.6875
0.03769705277587389,0.6875
0.037037037037037035,0.675
0.03706245710363761,0.675
0.03708791208791209,0.675
0.03711340206185567,0.675
0.037138927097661624,0.675
0.03716448726772195,0.675
0.03650137741046832,0.6625
0.03652653342522398,0.6625
0.036551724137931035,0.6625
0.03657694962042788,0.6625
0.03660220994475138,0.6625
0.036627505183137524,0.6625
0.03665283540802213,0.6625
0.035986159169550176,0.65
0.036011080332409975,0.65
0.036036036036036036,0.65
0.036061026352288486,0.65
0.03608605135322693,0.65
0.03611111111111111,0.65
0.03613620569840167,0.65
0.03616133518776078,0.65
0.03618649965205289,0.65
0.036211699164345405,0.65
0.03623693379790941,0.65
0.03626220362622036,0.65
0.03628750872295883,0.65
0.036312849162011177,0.65
0.0363382250174703,0.65
0.03636363636363636,0.65
0.0363890832750175,0.65
0.036414565826330535,0.65
0.036440084092501754,0.65
0.0364656381486676,0.65
0.036491228070175435,0.65
0.03651685393258427,0.65
0.036542515811665496,0.65
0.03656821378340366,0.65
0.036593947923997186,0.65
0.036619718309859155,0.65
0.036645525017618044,0.65
0.036671368124118475,0.65
0.03669724770642202,0.65
0.03672316384180791,0.65
0.03674911660777385,0.65
0.036775106082036775,0.65
0.03680113234253362,0.65
0.036827195467422094,0.65
0.0368532955350815,0.65
0.03687943262411347,0.65
0.036905606813342796,0.65
0.036931818181818184,0.65
0.03695806680881308,0.65
0.03698435277382646,0.65
0.03701067615658363,0.65
0.037037037037037035,0.65
0.03706343549536707,0.65
0.037089871611982884,0.65
0.037116345467523196,0.65
0.037142857142857144,0.65
0.03716940671908506,0.65
0.03719599427753934,0.65
0.03722261989978525,0.65
0.03724928366762178,0.65
0.03727598566308244,0.65
0.03730272596843615,0.65
0.03732950466618808,0.65
0.03735632183908046,0.65
0.037383177570093455,0.65
0.03741007194244604,0.65
0.037437005039596835,0.65
0.037463976945244955,0.65
0.03749098774333093,0.65
0.03751803751803752,0.65
0.03754512635379061,0.65
0.03757225433526012,0.65
0.03759942154736081,0.65
0.03762662807525326,0.65
0.03765387400434468,0.65
0.03768115942028986,0.65
0.03770848440899202,0.65
0.03773584905660377,0.65
0.037037037037037035,0.6375
0.037063953488372096,0.6375
0.03709090909090909,0.6375
0.03711790393013101,0.6375
0.037144938091769844,0.6375
0.03717201166180758,0.6375
0.037199124726477024,0.6375
0.03722627737226277,0.6375
0.03725346968590212,0.6375
0.03728070175438596,0.6375
0.03730797366495977,0.6375
0.03733528550512445,0.6375
0.03736263736263736,0.6375
0.0373900293255132,0.6375
0.03741746148202495,0.6375
0.037444933920704845,0.6375
0.03747244673034533,0.6375
0.0375,0.6375
0.037527593818984545,0.6375
0.03755522827687776,0.6375
0.03758290346352248,0.6375
0.03761061946902655,0.6375
0.037638376383763834,0.6375
0.03766617429837518,0.6375
0.037694013303769404,0.6375
0.03772189349112426,0.6375
0.03774981495188749,0.6375
0.03777777777777778,0.6375
0.03780578206078577,0.6375
0.037833827893175076,0.6375
0.0378619153674833,0.6375
0.03789004457652303,0.6375
0.0379182156133829,0.6375
0.03794642857142857,0.6375
0.03723008190618019,0.625
0.037257824143070044,0.625
0.037285607755406416,0.625
0.03731343283582089,0.625
0.037341299477221805,0.625
0.03736920777279522,0.625
0.037397157816005985,0.625
0.036676646706586824,0.6125
0.03670411985018727,0.6125
0.03673163418290855,0.6125
0.03675918979744936,0.6125
0.03678678678678678,0.6125
0.03681442524417731,0.6125
0.03684210526315789,0.6125
0.03686982693754703,0.6125
0.036897590361445784,0.6125
0.03692539562923888,0.6125
0.03695324283559578,0.6125
0.0369811320754717,0.6125
0.03700906344410876,0.6125
0.037037037037037035,0.6125
0.037065052950075644,0.6125
0.03709311127933384,0.6125
0.037121212121212124,0.6125
0.037149355572403335,0.6125
0.03717754172989378,0.6125
0.03720577069096431,0.6125
0.03723404255319149,0.6125
0.037262357414448666,0.6125
0.03729071537290715,0.6125
0.037319116527037316,0.6125
0.037347560975609755,0.6125
0.03737604881769641,0.6125
0.03740458015267176,0.6125
0.0374331550802139,0.6125
0.03746177370030581,0.6125
0.03749043611323642,0.6125
0.03751914241960184,0.6125
0.037547892720306515,0.6125
0.037576687116564415,0.6125
0.03760552570990023,0.6125
0.03763440860215054,0.6125
0.03766333589546503,0.6125
0.03769230769230769,0.6125
0.037721324095458045,0.6125
0.03775038520801233,0.6125
0.03777949113338473,0.6125
0.03780864197530864,0.6125
0.03783783783783784,0.6125
0.03786707882534776,0.6125
0.03789636504253674,0.6125
0.037925696594427245,0.6125
0.037955073586367155,0.6125
0.03798449612403101,0.6125
0.03801396431342126,0.6125
0.03804347826086957,0.6125
0.03807303807303807,0.6125
0.038102643856920686,0.6125
0.03813229571984436,0.6125
0.0381619937694704,0.6125
0.03819173811379579,0.6125
0.038221528861154444,0.6125
0.03825136612021858,0.6125
0.03828125,0.6125
0.03831118060985145,0.6125
0.03834115805946792,0.6125
0.03837118245888802,0.6125
0.0384012539184953,0.6125
0.038431372549019606,0.6125
0.038461538461538464,0.6125
0.0384917517674784,0.6125
0.03852201257861635,0.6125
0.03855232100708104,0.6125
0.03858267716535433,0.6125
0.038613081166272656,0.6125
0.038643533123028394,0.6125
0.03867403314917127,0.6125
0.038704581358609796,0.6125
0.03873517786561265,0.6125
0.038765822784810125,0.6125
0.038796516231195566,0.6125
0.03882725832012678,0.6125
0.03885804916732752,0.6125
0.03888888888888889,0.6125
0.03812549642573471,0.6
0.03815580286168521,0.6
0.03818615751789976,0.6
0.03821656050955414,0.6
0.03824701195219123,0.6
0.03827751196172249,0.6
0.03830806065442937,0.6
0.038338658146964855,0.6
0.03836930455635491,0.6
0.0384,0.6
0.03843074459567654,0.6
0.038461538461538464,0.6
0.038492381716118684,0.6
0.038523274478330656,0.6
0.03855421686746988,0.6
0.03858520900321544,0.6
0.038616251005631534,0.6
0.03864734299516908,0.6
0.038678485092667206,0.6
0.03870967741935484,0.6
0.0387409200968523,0.6
0.03877221324717286,0.6
0.038803556992724336,0.6
0.038834951456310676,0.6
0.038866396761133605,0.6
0.03889789303079417,0.6
0.038929440389294405,0.6
0.03896103896103896,0.6
0.03899268887083672,0.6
0.03902439024390244,0.6
0.03905614320585842,0.6
0.03908794788273615,0.6
0.039119804400977995,0.6
0.03915171288743882,0.6
0.03918367346938775,0.6
0.0392156862745098,0.6
0.038430089942763694,0.5875
0.038461538461538464,0.5875
0.03849303849303849,0.5875
0.038524590163934426,0.5875
0.03855619360131255,0.5875
0.03858784893267652,0.5875
0.038619556285949055,0.5875
0.038651315789473686,0.5875
0.03868312757201646,0.5875
0.03871499176276771,0.5875
0.038746908491343775,0.5875
0.038778877887788776,0.5875
0.038810900082576386,0.5875
0.03884297520661157,0.5875
0.03887510339123242,0.5875
0.03890728476821192,0.5875
0.03893951946975974,0.5875
0.03897180762852405,0.5875
0.03900414937759336,0.5875
0.03903654485049834,0.5875
0.03906899418121363,0.5875
0.039101497504159734,0.5875
0.03913405495420483,0.5875
0.03916666666666667,0.5875
0.03919933277731443,0.5875
0.03923205342237062,0.5875
0.03926482873851295,0.5875
0.039297658862876256,0.5875
0.03933054393305439,0.5875
0.03936348408710218,0.5875
0.039396479463537304,0.5875
0.03942953020134228,0.5875
0.03946263643996641,0.5875
0.03949579831932773,0.5875
0.03952901597981497,0.5875
0.03956228956228956,0.5875
0.039595619208087615,0.5875
0.03962900505902192,0.5875
0.039662447257383965,0.5875
0.03969594594594594,0.5875
0.039729501267962805,0.5875
0.038917089678511,0.575
0.03895004233700254,0.575
0.03898305084745763,0.575
0.03816793893129771,0.5625
0.038200339558573854,0.5625
0.038232795242141036,0.5625
0.03826530612244898,0.5625
0.03829787234042553,0.5625
0.03833049403747871,0.5625
0.03836317135549872,0.5625
0.03839590443686007,0.5625
0.03842869342442357,0.5625
0.038461538461538464,0.5625
0.03849443969204448,0.5625
0.038527397260273974,0.5625
0.038560411311053984,0.5625
0.038593481989708404,0.5625
0.03862660944206009,0.5625
0.03865979381443299,0.5625
0.03869303525365434,0.5625
0.0378657487091222,0.55
0.037037037037037035,0.5375
0.03706896551724138,0.5375
0.03710094909404659,0.5375
0.037132987910189985,0.5375
0.037165082108902334,0.5375
0.037197231833910036,0.5375
0.03722943722943723,0.5375
0.03726169844020797,0.5375
0.0372940156114484,0.5375
0.03732638888888889,0.5375
0.03735881841876629,0.5375
0.03739130434782609,0.5375
0.03742384682332463,0.5375
0.037456445993031356,0.5375
0.037489102005231034,0.5375
0.037521815008726006,0.5375
0.03755458515283843,0.5375
0.037587412587412584,0.5375
0.03762029746281715,0.5375
0.03765323992994746,0.5375
0.03768624014022787,0.5375
0.037719298245614034,0.5375
0.03775241439859526,0.5375
0.037785588752196834,0.5375
0.03781882145998241,0.5375
0.037852112676056336,0.5375
0.03788546255506608,0.5375
0.03791887125220458,0.5375
0.03795233892321271,0.5375
0.037985865724381625,0.5375
0.03801945181255526,0.5375
0.03805309734513274,0.5375
0.03808680248007086,0.5375
0.038120567375886524,0.5375
0.038154392191659274,0.5375
0.03818827708703375,0.5375
0.03822222222222222,0.5375
0.03825622775800712,0.5375
0.03829029385574354,0.5375
0.03832442067736185,0.5375
0.0383586083853702,0.5375
0.038392857142857145,0.5375
0.03842716711349419,0.5375
0.038461538461538464,0.5375
0.03849597135183527,0.5375
0.03853046594982079,0.5375
0.03856502242152467,0.5375
0.03770197486535009,0.525
0.03773584905660377,0.525
0.03776978417266187,0.525
0.037803780378037805,0.525
0.03783783783783784,0.525
0.03787195671776375,0.525
0.03790613718411552,0.525
0.037940379403794036,0.525
0.0379746835443038,0.525
0.03800904977375565,0.525
0.03804347826086957,0.525
0.038077969174977334,0.525
0.038112522686025406,0.525
0.03814713896457766,0.525
0.03727272727272727,0.5125
0.0373066424021838,0.5125
0.037340619307832425,0.5125
0.037374658158614404,0.5125
0.037408759124087594,0.5125
0.03744292237442922,0.5125
0.037477148080438755,0.5125
0.03751143641354071,0.5125
0.037545787545787544,0.5125
0.03666361136571952,0.5
0.03669724770642202,0.5
0.03673094582185491,0.5
0.03676470588235294,0.5
0.03679852805887764,0.5
0.03683241252302026,0.5
0.03686635944700461,0.5
0.03690036900369004,0.5
0.03693444136657433,0.5
0.036968576709796676,0.5
0.03700277520814061,0.5
0.037037037037037035,0.5
0.03707136237256719,0.5
0.03710575139146568,0.5
0.03714020427112349,0.5
0.03717472118959108,0.5
0.037209302325581395,0.5
0.037243947858473,0.5
0.03727865796831314,0.5
0.03731343283582089,0.5
0.03734827264239029,0.5
0.037383177570093455,0.5
0.037418147801683815,0.5
0.03745318352059925,0.5
0.03748828491096532,0.5
0.0375234521575985,0.5
0.03755868544600939,0.5
0.03759398496240601,0.5
0.03762935089369708,0.5
0.03766478342749529,0.5
0.03770028275212064,0.5
0.03773584905660377,0.5
0.036827195467422094,0.4875
0.036862003780718335,0.4875
0.036896877956480605,0.4875
0.036931818181818184,0.4875
0.03696682464454976,0.4875
0.03700189753320683,0.4875
0.037037037037037035,0.4875
0.0370722433460076,0.4875
0.037107516650808754,0.4875
0.037142857142857144,0.4875
0.037178265014299335,0.4875
0.03721374045801527,0.4875
0.03724928366762178,0.4875
0.0372848948374761,0.4875
0.03732057416267943,0.4875
0.03735632183908046,0.4875
0.037392138063279005,0.4875
0.03742802303262956,0.4875
0.037463976945244955,0.4875
0.0375,0.4875
0.03753609239653513,0.4875
0.03757225433526012,0.4875
0.037608486017357765,0.4875
0.037644787644787646,0.4875
0.03768115942028986,0.4875
0.037717601547388784,0.4875
0.0377541142303969,0.4875
0.0377906976744186,0.4875
0.037827352085354024,0.4875
0.037864077669902914,0.4875
0.037900874635568516,0.4875
0.037937743190661476,0.4875
0.0379746835443038,0.4875
0.037037037037037035,0.475
0.037073170731707315,0.475
0.037109375,0.475
0.03714565004887586,0.475
0.03718199608610567,0.475
0.03721841332027424,0.475
0.03725490196078431,0.475
0.03729146221786065,0.475
0.03732809430255403,0.475
0.03736479842674533,0.475
0.03740157480314961,0.475
0.0374384236453202,0.475
0.03747534516765286,0.475
0.03751233958538993,0.475
0.037549407114624504,0.475
0.03758654797230465,0.475
0.03762376237623762,0.475
0.03766105054509415,0.475
0.037698412698412696,0.475
0.03773584905660377,0.475
0.03777335984095427,0.475
0.03781094527363184,0.475
0.037848605577689244,0.475
0.036889332003988036,0.4625
0.036926147704590816,0.4625
0.03696303696303696,0.4625
0.037,0.4625
0.037037037037037035,0.4625
0.03707414829659319,0.4625
0.037111334002006016,0.4625
0.03714859437751004,0.4625
0.0371859296482412,0.4625
0.03722334004024145,0.4625
0.03726082578046324,0.4625
0.037298387096774195,0.4625
0.03733602421796166,0.4625
0.03737373737373737,0.4625
0.03741152679474216,0.4625
0.03744939271255061,0.4625
0.037487335359675786,0.4625
0.037525354969574036,0.4625
0.03756345177664975,0.4625
0.037601626016260166,0.4625
0.03763987792472025,0.4625
0.03767820773930754,0.4625
0.03669724770642202,0.45
0.036734693877551024,0.45
0.03677221654749745,0.45
0.03680981595092025,0.45
0.0368474923234391,0.45
0.036885245901639344,0.45
0.036923076923076927,0.45
0.03696098562628337,0.45
0.03699897225077081,0.45
0.037037037037037035,0.45
0.037075180226570546,0.45
0.03711340206185567,0.45
0.03715170278637771,0.45
0.0371900826446281,0.45
0.03722854188210962,0.45
0.037267080745341616,0.45
0.03730569948186528,0.45
0.03734439834024896,0.45
0.037383177570093455,0.45
0.037422037422037424,0.45
0.037460978147762745,0.45
0.0375,0.45
0.03753910323253389,0.45
0.037578288100208766,0.45
0.03761755485893417,0.45
0.03765690376569038,0.45
0.03769633507853403,0.45
0.03773584905660377,0.45
0.03777544596012592,0.45
0.037815126050420166,0.45
0.03785488958990536,0.45
0.037894736842105266,0.45
0.037934668071654375,0.45
0.0379746835443038,0.45
0.03801478352692714,0.45
0.03805496828752643,0.45
0.0380952380952381,0.45
0.038135593220338986,0.45
0.03817603393425239,0.45
0.03821656050955414,0.45
0.03825717321997875,0.45
0.03829787234042553,0.45
0.038338658146964855,0.45
0.03837953091684435,0.45
0.0384204909284952,0.45
0.038461538461538464,0.45
0.0374331550802139,0.4375
0.03747323340471092,0.4375
0.03751339764201501,0.4375
0.03755364806866953,0.4375
0.03759398496240601,0.4375
0.03763440860215054,0.4375
0.03767491926803014,0.4375
0.03771551724137931,0.4375
0.037756202804746494,0.4375
0.03779697624190065,0.4375
0.03783783783783784,0.4375
0.03787878787878788,0.4375
0.03791982665222102,0.4375
0.03796095444685466,0.4375
0.038002171552660155,0.4375
0.03804347826086957,0.4375
0.03808487486398259,0.4375
0.03812636165577342,0.4375
0.03816793893129771,0.4375
0.03820960698689956,0.4375
0.03825136612021858,0.4375
0.038293216630196934,0.4375
0.038335158817086525,0.4375
0.03837719298245614,0.4375
0.038419319429198684,0.4375
0.038461538461538464,0.4375
0.03850385038503851,0.4375
0.03854625550660793,0.4375
0.03858875413450937,0.4375
0.03863134657836645,0.4375
0.03867403314917127,0.4375
0.03871681415929203,0.4375
0.03875968992248062,0.4375
0.038802660753880266,0.4375
0.038845726970033294,0.4375
0.03888888888888889,0.4375
0.0389321468298109,0.4375
0.03897550111358575,0.4375
0.03901895206243032,0.4375
0.0390625,0.4375
0.03910614525139665,0.4375
0.039149888143176735,0.4375
0.03919372900335946,0.4375
0.03923766816143498,0.4375
0.03928170594837262,0.4375
0.03932584269662921,0.4375
0.03937007874015748,0.4375
0.039414414414414414,0.4375
0.03945885005636979,0.4375
0.039503386004514675,0.4375
0.03954802259887006,0.4375
0.03959276018099547,0.4375
0.039637599093997736,0.4375
0.03968253968253968,0.4375
0.039727582292849034,0.4375
0.03977272727272727,0.4375
0.03981797497155859,0.4375
0.03986332574031891,0.4375
0.039908779931584946,0.4375
0.03995433789954338,0.4375
0.04,0.4375
0.04004576659038902,0.4375
0.04009163802978236,0.4375
0.040137614678899085,0.4375
0.040183696900114814,0.4375
0.040229885057471264,0.4375
0.04027617951668585,0.4375
0.04032258064516129,0.4375
0.040369088811995385,0.4375
0.04041570438799076,0.4375
0.04046242774566474,0.4375
0.04050925925925926,0.4375
0.04055619930475087,0.4375
0.04060324825986079,0.4375
0.04065040650406504,0.4375
0.040697674418604654,0.4375
0.04074505238649592,0.4375
0.04079254079254079,0.4375
0.040840140023337225,0.4375
0.04088785046728972,0.4375
0.04093567251461988,0.4375
0.040983606557377046,0.4375
0.041031652989449004,0.4375
0.04107981220657277,0.4375
0.041128084606345476,0.4375
0.041176470588235294,0.4375
0.04122497055359246,0.4375
0.041273584905660375,0.4375
0.04132231404958678,0.4375
0.041371158392434985,0.4375
0.04142011834319527,0.4375
0.041469194312796206,0.4375
0.04151838671411625,0.4375
0.04156769596199525,0.4375
0.041617122473246136,0.4375
0.041666666666666664,0.4375
0.041716328963051254,0.4375
0.041766109785202864,0.4375
0.04181600955794504,0.4375
0.041866028708133975,0.4375
0.041916167664670656,0.4375
0.04196642685851319,0.4375
0.04201680672268908,0.4375
0.042067307692307696,0.4375
0.0421179302045728,0.4375
0.04216867469879518,0.4375
0.04221954161640531,0.4375
0.042270531400966184,0.4375
0.04232164449818621,0.4375
0.0423728813559322,0.4375
0.04242424242424243,0.4375
0.04247572815533981,0.4375
0.0425273390036452,0.4375
0.04257907542579075,0.4375
0.04263093788063337,0.4375
0.042682926829268296,0.4375
0.042735042735042736,0.4375
0.042787286063569685,0.4375
0.042839657282741736,0.4375
0.0428921568627451,0.4375
0.04294478527607362,0.4375
0.042997542997543,0.4375
0.04305043050430504,0.4375
0.04187192118226601,0.425
0.04192355117139334,0.425
0.04197530864197531,0.425
0.042027194066749075,0.425
0.04207920792079208,0.425
0.042131350681536554,0.425
0.04218362282878412,0.425
0.0422360248447205,0.425
0.04228855721393035,0.425
0.04234122042341221,0.425
0.04239401496259352,0.425
0.04244694132334582,0.425
0.0425,0.425
0.0425531914893617,0.425
0.042606516290726815,0.425
0.04265997490589712,0.425
0.04271356783919598,0.425
0.042767295597484274,0.425
0.042821158690176324,0.425
0.04287515762925599,0.425
0.04292929292929293,0.425
0.04298356510745891,0.425
0.04177215189873418,0.4125
0.04182509505703422,0.4125
0.04187817258883249,0.4125
0.04193138500635324,0.4125
0.04198473282442748,0.4125
0.04203821656050955,0.4125
0.042091836734693876,0.4125
0.0421455938697318,0.4125
0.04219948849104859,0.4125
0.04225352112676056,0.4125
0.04230769230769231,0.4125
0.04236200256739409,0.4125
0.042416452442159386,0.4125
0.04247104247104247,0.4125
0.04252577319587629,0.4125
0.04258064516129032,0.4125
0.04263565891472868,0.4125
0.042690815006468305,0.4125
0.042746113989637305,0.4125
0.042801556420233464,0.4125
0.04285714285714286,0.4125
0.04291287386215865,0.4125
0.04296875,0.4125
0.04302477183833116,0.4125
0.04308093994778068,0.4125
0.04183006535947712,0.4
0.041884816753926704,0.4
0.04193971166448231,0.4
0.04199475065616798,0.4
0.04204993429697766,0.4
0.042105263157894736,0.4
0.04216073781291173,0.4
0.04221635883905013,0.4
0.04227212681638045,0.4
0.042328042328042326,0.4
0.0423841059602649,0.4
0.042440318302387266,0.4
0.04249667994687915,0.4
0.0425531914893617,0.4
0.0426098535286285,0.4
0.042666666666666665,0.4
0.042723631508678236,0.4
0.0427807486631016,0.4
0.0428380187416332,0.4
0.04289544235924933,0.4
0.042953020134228186,0.4
0.043010752688172046,0.4
0.04306864064602961,0.4
0.0431266846361186,0.4
0.043184885290148446,0.4
0.043243243243243246,0.4
0.04330175913396482,0.4
0.04336043360433604,0.4
0.04341926729986431,0.4
0.043478260869565216,0.4
0.04353741496598639,0.4
0.043596730245231606,0.4
0.04365620736698499,0.4
0.04371584699453552,0.4
0.04377564979480164,0.4
0.043835616438356165,0.4
0.0438957475994513,0.4
0.04395604395604396,0.4
0.04401650618982118,0.4
0.0440771349862259,0.4
0.044137931034482755,0.4
0.04419889502762431,0.4
0.04426002766251729,0.4
0.0443213296398892,0.4
0.044382801664355064,0.4
0.044444444444444446,0.4
0.04450625869262865,0.4
0.04456824512534819,0.4
0.044630404463040445,0.4
0.0446927374301676,0.4
0.044755244755244755,0.4
0.04481792717086835,0.4
0.04488078541374474,0.4
0.0449438202247191,0.4
0.0450070323488045,0.4
0.04507042253521127,0.4
0.045133991537376586,0.4
0.04519774011299435,0.4
0.04526166902404526,0.4
0.0453257790368272,0.4
0.04539007092198582,0.4
0.045454545454545456,0.4
0.04551920341394026,0.4
0.045584045584045586,0.4
0.0456490727532097,0.4
0.045714285714285714,0.4
0.045779685264663805,0.4
0.045845272206303724,0.4
0.04591104734576758,0.4
0.04597701149425287,0.4
0.0460431654676259,0.4
0.04610951008645533,0.4
0.046176046176046176,0.4
0.046242774566473986,0.4
0.04630969609261939,0.4
0.0463768115942029,0.4
0.04644412191582003,0.4
0.046511627906976744,0.4
0.046579330422125184,0.4
0.04664723032069971,0.4
0.04671532846715328,0.4
0.04678362573099415,0.4
0.04685212298682284,0.4
0.0469208211143695,0.4
0.04698972099853157,0.4
0.047058823529411764,0.4
0.047128129602356406,0.4
0.0471976401179941,0.4
0.04579025110782865,0.3875
0.04437869822485207,0.375
0.044444444444444446,0.375
0.04451038575667656,0.375
0.04457652303120357,0.375
0.044642857142857144,0.375
0.044709388971684055,0.375
0.04477611940298507,0.375
0.04484304932735426,0.375
0.04491017964071856,0.375
0.044977511244377814,0.375
0.04504504504504504,0.375
0.045112781954887216,0.375
0.045180722891566265,0.375
0.04524886877828054,0.375
0.045317220543806644,0.375
0.0453857791225416,0.375
0.045454545454545456,0.375
0.04552352048558422,0.375
0.04559270516717325,0.375
0.045662100456621,0.375
0.04573170731707317,0.375
0.04580152671755725,0.375
0.045871559633027525,0.375
0.045941807044410414,0.375
0.046012269938650305,0.375
0.04608294930875576,0.375
0.046153846153846156,0.375
0.046224961479198766,0.375
0.046296296296296294,0.375
0.04636785162287481,0.375
0.04643962848297214,0.375
0.046511627906976744,0.375
0.046583850931677016,0.375
0.04665629860031104,0.375
0.04672897196261682,0.375
0.046801872074883,0.375
0.046875,0.375
0.046948356807511735,0.375
0.047021943573667714,0.375
0.04709576138147567,0.375
0.04716981132075472,0.375
0.047244094488188976,0.375
0.0473186119873817,0.375
0.04739336492890995,0.375
0.04746835443037975,0.375
0.04754358161648178,0.375
0.047619047619047616,0.375
0.04769475357710652,0.375
0.04777070063694268,0.375
0.04784688995215311,0.375
0.04792332268370607,0.375
0.0464,0.3625
0.046474358974358976,0.3625
0.04654895666131621,0.3625
0.04662379421221865,0.3625
0.04669887278582931,0.3625
0.0467741935483871,0.3625
0.046849757673667204,0.3625
0.04692556634304207,0.3625
0.04700162074554295,0.3625
0.045454545454545456,0.35
0.04552845528455285,0.35
0.04560260586319218,0.35
0.04567699836867863,0.35
0.0457516339869281,0.35
0.04582651391162029,0.35
0.04590163934426229,0.35
0.04597701149425287,0.35
0.046052631578947366,0.35
0.04612850082372323,0.35
0.0462046204620462,0.35
0.04462809917355372,0.3375
0.04470198675496689,0.3375
0.04477611940298507,0.3375
0.044850498338870434,0.3375
0.04492512479201331,0.3375
0.045,0.3375
0.045075125208681135,0.3375
0.0451505016722408,0.3375
0.04522613065326633,0.3375
0.04530201342281879,0.3375
0.0453781512605042,0.3375
0.045454545454545456,0.3375
0.045531197301854974,0.3375
0.04560810810810811,0.3375
0.04568527918781726,0.3375
0.04576271186440678,0.3375
0.04584040747028863,0.3375
0.04591836734693878,0.3375
0.04599659284497445,0.3375
0.04607508532423208,0.3375
0.046153846153846156,0.3375
0.046232876712328765,0.3375
0.04631217838765009,0.3375
0.04639175257731959,0.3375
0.04647160068846816,0.3375
0.04655172413793104,0.3375
0.046632124352331605,0.3375
0.04671280276816609,0.3375
0.04679376083188908,0.3375
0.046875,0.3375
0.04695652173913043,0.3375
0.047038327526132406,0.3375
0.04712041884816754,0.3375
0.0472027972027972,0.3375
0.047285464098073555,0.3375
0.04736842105263158,0.3375
0.04745166959578207,0.3375
0.04753521126760563,0.3375
0.04585537918871252,0.325
0.045936395759717315,0.325
0.04601769911504425,0.325
0.04609929078014184,0.325
0.046181172291296625,0.325
0.046263345195729534,0.325
0.04634581105169341,0.325
0.04642857142857143,0.325
0.046511627906976744,0.325
0.04659498207885305,0.325
0.0466786355475763,0.325
0.046762589928057555,0.325
0.04684684684684685,0.325
0.04693140794223827,0.325
0.04701627486437613,0.325
0.04710144927536232,0.325
0.047186932849364795,0.325
0.04727272727272727,0.325
0.04735883424408015,0.325
0.04744525547445255,0.325
0.04753199268738574,0.325
0.045787545787545784,0.3125
0.045871559633027525,0.3125
0.04595588235294118,0.3125
0.04604051565377532,0.3125
0.046125461254612546,0.3125
0.04621072088724584,0.3125
0.046296296296296294,0.3125
0.04638218923933209,0.3125
0.046468401486988845,0.3125
0.04655493482309125,0.3125
0.04664179104477612,0.3125
0.04672897196261682,0.3125
0.04681647940074907,0.3125
0.04690431519699812,0.3125
0.046992481203007516,0.3125
0.047080979284369114,0.3125
0.04716981132075472,0.3125
0.04725897920604915,0.3125
0.04734848484848485,0.3125
0.04743833017077799,0.3125
0.04752851711026616,0.3125
0.047619047619047616,0.3125
0.04770992366412214,0.3125
0.045889101338432124,0.3
0.04597701149425287,0.3
0.046065259117082535,0.3
0.046153846153846156,0.3
0.046242774566473986,0.3
0.04633204633204633,0.3
0.04642166344294004,0.3
0.046511627906976744,0.3
0.04660194174757282,0.3
0.04669260700389105,0.3
0.04678362573099415,0.3
0.046875,0.3
0.046966731898238745,0.3
0.047058823529411764,0.3
0.047151277013752456,0.3
0.047244094488188976,0.3
0.047337278106508875,0.3
0.04743083003952569,0.3
0.047524752475247525,0.3
0.047619047619047616,0.3
0.04771371769383698,0.3
0.04780876494023904,0.3
0.04790419161676647,0.3
0.048,0.3
0.04809619238476954,0.3
0.04819277108433735,0.3
0.0482897384305835,0.3
0.04838709677419355,0.3
0.048484848484848485,0.3
0.048582995951417005,0.3
0.04665314401622718,0.2875
0.046747967479674794,0.2875
0.04684317718940937,0.2875
0.04693877551020408,0.2875
0.04703476482617587,0.2875
0.0471311475409836,0.2875
0.04722792607802875,0.2875
0.047325102880658436,0.2875
0.04742268041237113,0.2875
0.047520661157024795,0.2875
0.047619047619047616,0.2875
0.04771784232365145,0.2875
0.04781704781704782,0.2875
0.04791666666666667,0.2875
0.04801670146137787,0.2875
0.04811715481171548,0.2875
0.04821802935010482,0.2875
0.046218487394957986,0.275
0.04631578947368421,0.275
0.046413502109704644,0.275
0.046511627906976744,0.275
0.046610169491525424,0.275
0.04670912951167728,0.275
0.04680851063829787,0.275
0.046908315565031986,0.275
0.04700854700854701,0.275
0.047109207708779445,0.275
0.04721030042918455,0.275
0.047311827956989246,0.275
0.04741379310344827,0.275
0.047516198704103674,0.275
0.047619047619047616,0.275
0.04772234273318872,0.275
0.04782608695652174,0.275
0.04793028322440087,0.275
0.048034934497816595,0.275
0.04814004376367615,0.275
0.04824561403508772,0.275
0.04835164835164835,0.275
0.048458149779735685,0.275
0.04856512141280353,0.275
0.048672566371681415,0.275
0.04878048780487805,0.275
0.04888888888888889,0.275
0.04899777282850779,0.275
0.049107142857142856,0.275
0.049217002237136466,0.275
0.04932735426008968,0.275
0.04943820224719101,0.275
0.0472972972972973,0.2625
0.04740406320541761,0.2625
0.04751131221719457,0.2625
0.047619047619047616,0.2625
0.04772727272727273,0.2625
0.04783599088838269,0.2625
0.045662100456621,0.25
0.04576659038901602,0.25
0.045871559633027525,0.25
0.04367816091954023,0.2375
0.041474654377880185,0.225
0.04157043879907621,0.225
0.041666666666666664,0.225
0.04176334106728538,0.225
0.04186046511627907,0.225
0.04195804195804196,0.225
0.04205607476635514,0.225
0.04215456674473068,0.225
0.04225352112676056,0.225
0.042352941176470586,0.225
0.04245283018867924,0.225
0.0425531914893617,0.225
0.04265402843601896,0.225
0.04275534441805225,0.225
0.04285714285714286,0.225
0.04295942720763723,0.225
0.0430622009569378,0.225
0.0407673860911271,0.2125
0.040865384615384616,0.2125
0.04096385542168675,0.2125
0.04106280193236715,0.2125
0.04116222760290557,0.2125
0.0412621359223301,0.2125
0.0413625304136253,0.2125
0.041463414634146344,0.2125
0.04156479217603912,0.2125
0.041666666666666664,0.2125
0.04176904176904177,0.2125
0.04187192118226601,0.2125
0.04197530864197531,0.2125
0.04207920792079208,0.2125
0.04218362282878412,0.2125
0.04228855721393035,0.2125
0.04239401496259352,0.2125
0.0425,0.2125
0.042606516290726815,0.2125
0.04271356783919598,0.2125
0.042821158690176324,0.2125
0.04040404040404041,0.2
0.04050632911392405,0.2
0.04060913705583756,0.2
0.04071246819338423,0.2
0.04081632653061224,0.2
0.04092071611253197,0.2
0.041025641025641026,0.2
0.04113110539845758,0.2
0.041237113402061855,0.2
0.041343669250646,0.2
0.04145077720207254,0.2
0.04155844155844156,0.2
0.041666666666666664,0.2
0.04177545691906005,0.2
0.041884816753926704,0.2
0.04199475065616798,0.2
0.042105263157894736,0.2
0.0395778364116095,0.1875
0.03968253968253968,0.1875
0.03978779840848806,0.1875
0.0398936170212766,0.1875
0.04,0.1875
0.040106951871657755,0.1875
0.040214477211796246,0.1875
0.04032258064516129,0.1875
0.04043126684636118,0.1875
0.04054054054054054,0.1875
0.037940379403794036,0.175
0.03804347826086957,0.175
0.03814713896457766,0.175
0.03825136612021858,0.175
0.038356164383561646,0.175
0.038461538461538464,0.175
0.03856749311294766,0.175
0.03867403314917127,0.175
0.038781163434903045,0.175
0.03888888888888889,0.175
0.03899721448467967,0.175
0.03910614525139665,0.175
0.0392156862745098,0.175
0.03932584269662921,0.175
0.03943661971830986,0.175
0.03954802259887006,0.175
0.039660056657223795,0.175
0.03977272727272727,0.175
0.039886039886039885,0.175
0.04,0.175
0.04011461318051576,0.175
0.040229885057471264,0.175
0.040345821325648415,0.175
0.04046242774566474,0.175
0.04057971014492753,0.175
0.040697674418604654,0.175
0.04081632653061224,0.175
0.04093567251461988,0.175
0.04105571847507331,0.175
0.041176470588235294,0.175
0.04129793510324484,0.175
0.04142011834319527,0.175
0.04154302670623145,0.175
0.041666666666666664,0.175
0.041791044776119404,0.175
0.041916167664670656,0.175
0.042042042042042045,0.175
0.04216867469879518,0.175
0.04229607250755287,0.175
0.04242424242424243,0.175
0.0425531914893617,0.175
0.042682926829268296,0.175
0.039755351681957186,0.1625
0.03987730061349693,0.1625
0.04,0.1625
0.040123456790123455,0.1625
0.03715170278637771,0.15
0.037267080745341616,0.15
0.037383177570093455,0.15
0.0375,0.15
0.03761755485893417,0.15
0.03773584905660377,0.15
0.03785488958990536,0.15
0.0379746835443038,0.15
0.0380952380952381,0.15
0.03821656050955414,0.15
0.038338658146964855,0.15
0.038461538461538464,0.15
0.03858520900321544,0.15
0.03870967741935484,0.15
0.038834951456310676,0.15
0.03896103896103896,0.15
0.03908794788273615,0.15
0.0392156862745098,0.15
0.03934426229508197,0.15
0.039473684210526314,0.15
0.039603960396039604,0.15
0.039735099337748346,0.15
0.03986710963455149,0.15
0.04,0.15
0.04013377926421405,0.15
0.040268456375838924,0.15
0.04040404040404041,0.15
0.04054054054054054,0.15
0.04067796610169491,0.15
0.04081632653061224,0.15
0.040955631399317405,0.15
0.0410958904109589,0.15
0.041237113402061855,0.15
0.041379310344827586,0.15
0.04152249134948097,0.15
0.041666666666666664,0.15
0.041811846689895474,0.15
0.038461538461538464,0.1375
0.03859649122807018,0.1375
0.03873239436619718,0.1375
0.038869257950530034,0.1375
0.03900709219858156,0.1375
0.03914590747330961,0.1375
0.039285714285714285,0.1375
0.03942652329749104,0.1375
0.039568345323741004,0.1375
0.039711191335740074,0.1375
0.03985507246376811,0.1375
0.04,0.1375
0.040145985401459854,0.1375
0.040293040293040296,0.1375
0.04044117647058824,0.1375
0.04059040590405904,0.1375
0.040740740740740744,0.1375
0.040892193308550186,0.1375
0.041044776119402986,0.1375
0.04119850187265917,0.1375
0.041353383458646614,0.1375
0.04150943396226415,0.1375
0.041666666666666664,0.1375
0.04182509505703422,0.1375
0.04198473282442748,0.1375
0.0421455938697318,0.1375
0.04230769230769231,0.1375
0.04247104247104247,0.1375
0.04263565891472868,0.1375
0.042801556420233464,0.1375
0.04296875,0.1375
0.043137254901960784,0.1375
0.04330708661417323,0.1375
0.043478260869565216,0.1375
0.04365079365079365,0.1375
0.043824701195219126,0.1375
0.044,0.1375
0.04417670682730924,0.1375
0.04435483870967742,0.1375
0.044534412955465584,0.1375
0.044715447154471545,0.1375
0.044897959183673466,0.1375
0.045081967213114756,0.1375
0.0411522633744856,0.125
0.04132231404958678,0.125
0.04149377593360996,0.125
0.041666666666666664,0.125
0.04184100418410042,0.125
0.04201680672268908,0.125
0.04219409282700422,0.125
0.0423728813559322,0.125
0.0425531914893617,0.125
0.042735042735042736,0.125
0.04291845493562232,0.125
0.04310344827586207,0.125
0.04329004329004329,0.125
0.043478260869565216,0.125
0.043668122270742356,0.125
0.043859649122807015,0.125
0.04405286343612335,0.125
0.04424778761061947,0.125
0.044444444444444446,0.125
0.044642857142857144,0.125
0.04484304932735426,0.125
0.04504504504504504,0.125
0.04524886877828054,0.125
0.045454545454545456,0.125
0.045662100456621,0.125
0.045871559633027525,0.125
0.04608294930875576,0.125
0.046296296296296294,0.125
0.046511627906976744,0.125
0.04672897196261682,0.125
0.046948356807511735,0.125
0.04716981132075472,0.125
0.04739336492890995,0.125
0.047619047619047616,0.125
0.04784688995215311,0.125
0.04807692307692308,0.125
0.04830917874396135,0.125
0.04854368932038835,0.125
0.04878048780487805,0.125
0.049019607843137254,0.125
0.04926108374384237,0.125
0.04950495049504951,0.125
0.04975124378109453,0.125
0.05,0.125
0.05025125628140704,0.125
0.050505050505050504,0.125
0.050761421319796954,0.125
0.04591836734693878,0.1125
0.046153846153846156,0.1125
0.04639175257731959,0.1125
0.046632124352331605,0.1125
0.046875,0.1125
0.04712041884816754,0.1125
0.04736842105263158,0.1125
0.047619047619047616,0.1125
0.047872340425531915,0.1125
0.0481283422459893,0.1125
0.04838709677419355,0.1125
0.04864864864864865,0.1125
0.04891304347826087,0.1125
0.04918032786885246,0.1125
0.04945054945054945,0.1125
0.049723756906077346,0.1125
0.05,0.1125
0.05027932960893855,0.1125
0.05056179775280899,0.1125
0.05084745762711865,0.1125
0.05113636363636364,0.1125
0.05142857142857143,0.1125
0.05172413793103448,0.1125
0.05202312138728324,0.1125
0.05232558139534884,0.1125
0.05263157894736842,0.1125
0.052941176470588235,0.1125
0.05325443786982249,0.1125
0.05357142857142857,0.1125
0.05389221556886228,0.1125
0.05421686746987952,0.1125
0.048484848484848485,0.1
0.04878048780487805,0.1
0.049079754601226995,0.1
0.04938271604938271,0.1
0.049689440993788817,0.1
0.05,0.1
0.050314465408805034,0.1
0.05063291139240506,0.1
0.050955414012738856,0.1
0.05128205128205128,0.1
0.05161290322580645,0.1
0.05194805194805195,0.1
0.05228758169934641,0.1
0.05263157894736842,0.1
0.052980132450331126,0.1
0.05333333333333334,0.1
0.053691275167785234,0.1
0.05405405405405406,0.1
0.05442176870748299,0.1
0.0547945205479452,0.1
0.05517241379310345,0.1
0.05555555555555555,0.1
0.055944055944055944,0.1
0.056338028169014086,0.1
0.05673758865248227,0.1
0.05714285714285714,0.1
0.05755395683453238,0.1
0.057971014492753624,0.1
0.058394160583941604,0.1
0.058823529411764705,0.1
0.05925925925925926,0.1
0.05970149253731343,0.1
0.06015037593984962,0.1
0.06060606060606061,0.1
0.061068702290076333,0.1
0.06153846153846154,0.1
0.06201550387596899,0.1
0.0625,0.1
0.05511811023622047,0.0875
0.05555555555555555,0.0875
0.056,0.0875
0.056451612903225805,0.0875
0.056910569105691054,0.0875
0.05737704918032787,0.0875
0.05785123966942149,0.0875
0.058333333333333334,0.0875
0.058823529411764705,0.0875
0.059322033898305086,0.0875
0.05982905982905983,0.0875
0.0603448275862069,0.0875
0.06086956521739131,0.0875
0.06140350877192982,0.0875
0.061946902654867256,0.0875
0.0625,0.0875
0.06306306306306306,0.0875
0.06363636363636363,0.0875
0.06422018348623854,0.0875
0.06481481481481481,0.0875
0.06542056074766354,0.0875
0.0660377358490566,0.0875
0.06666666666666667,0.0875
0.0673076923076923,0.0875
0.06796116504854369,0.0875
0.06862745098039216,0.0875
0.06930693069306931,0.0875
0.07,0.0875
0.0707070707070707,0.0875
0.07142857142857142,0.0875
0.07216494845360824,0.0875
0.07291666666666667,0.0875
0.07368421052631578,0.0875
0.07446808510638298,0.0875
0.07526881720430108,0.0875
0.07608695652173914,0.0875
0.07692307692307693,0.0875
0.07777777777777778,0.0875
0.07865168539325842,0.0875
0.07954545454545454,0.0875
0.08045977011494253,0.0875
0.06976744186046512,0.075
0.07058823529411765,0.075
0.07142857142857142,0.075
0.07228915662650602,0.075
0.07317073170731707,0.075
0.07407407407407407,0.075
0.075,0.075
0.0759493670886076,0.075
0.07692307692307693,0.075
0.07792207792207792,0.075
0.07894736842105263,0.075
0.08,0.075
0.08108108108108109,0.075
0.0821917808219178,0.075
0.08333333333333333,0.075
0.08450704225352113,0.075
0.07142857142857142,0.0625
0.07246376811594203,0.0625
0.07352941176470588,0.0625
0.07462686567164178,0.0625
0.07575757575757576,0.0625
0.07692307692307693,0.0625
0.078125,0.0625
0.07936507936507936,0.0625
0.08064516129032258,0.0625
0.08196721311475409,0.0625
0.08333333333333333,0.0625
0.0847457627118644,0.0625
0.08620689655172414,0.0625
0.08771929824561403,0.0625
0.08928571428571429,0.0625
0.09090909090909091,0.0625
0.07407407407407407,0.05
0.07547169811320754,0.05
0.057692307692307696,0.0375
0.058823529411764705,0.0375
0.06,0.0375
0.061224489795918366,0.0375
0.0625,0.0375
0.06382978723404255,0.0375
0.06521739130434782,0.0375
0.06666666666666667,0.0375
0.06818181818181818,0.0375
0.06976744186046512,0.0375
0.07142857142857142,0.0375
0.07317073170731707,0.0375
0.075,0.0375
0.07692307692307693,0.0375
0.07894736842105263,0.0375
0.08108108108108109,0.0375
0.08333333333333333,0.0375
0.08571428571428572,0.0375
0.08823529411764706,0.0375
0.09090909090909091,0.0375
0.09375,0.0375
0.0967741935483871,0.0375
0.1,0.0375
0.10344827586206896,0.0375
0.10714285714285714,0.0375
0.1111111111111111,0.0375
0.11538461538461539,0.0375
0.12,0.0375
0.125,0.0375
0.13043478260869565,0.0375
0.13636363636363635,0.0375
0.14285714285714285,0.0375
0.15,0.0375
0.15789473684210525,0.0375
0.1111111111111111,0.025
0.058823529411764705,0.0125
0.0625,0.0125
0.06666666666666667,0.0125
0.07142857142857142,0.0125
0.07692307692307693,0.0125
0.08333333333333333,0.0125
0.09090909090909091,0.0125
0.1,0.0125
0.1111111111111111,0.0125
0.125,0.0125
0.14285714285714285,0.0125
0.16666666666666666,0.0125
0.2,0.0125
0.25,0.0125
0.0,0.0
0.0,0.0
0.0,0.0
1.0,0.0
