Precision,Recall
0.033277870216306155,1.0
0.0328755722014149,0.9875
0.03288925895087427,0.9875
0.03290295710120783,0.9875
0.032916666666666664,0.9875
0.03293038766152564,0.9875
0.0329441201000834,0.9875
0.03295786399666249,0.9875
0.03297161936560935,0.9875
0.03298538622129436,0.9875
0.032999164578111945,0.9875
0.03301295445048057,0.9875
0.03302675585284281,0.9875
0.03304056879966541,0.9875
0.03305439330543933,0.9875
0.033068229384679786,0.9875
0.0330820770519263,0.9875
0.03309593632174277,0.9875
0.03310980720871752,0.9875
0.03312368972746331,0.9875
0.03313758389261745,0.9875
0.0331514897188418,0.9875
0.03316540722082284,0.9875
0.03317933641327173,0.9875
0.03319327731092437,0.9875
0.0332072299285414,0.9875
0.03322119428090833,0.9875
0.03323517038283551,0.9875
0.03324915824915825,0.9875
0.03326315789473684,0.9875
0.03327716933445661,0.9875
0.033291192583227984,0.9875
0.03330522765598651,0.9875
0.03331927456769296,0.9875
0.03333333333333333,0.9875
0.03334740396791895,0.9875
0.033361486486486486,0.9875
0.033375580904098014,0.9875
0.033389687235841084,0.9875
0.03340380549682875,0.9875
0.03341793570219966,0.9875
0.03343207786711807,0.9875
0.03344623200677392,0.9875
0.033460398136382886,0.9875
0.03347457627118644,0.9875
0.033488766426451884,0.9875
0.033502968617472435,0.9875
0.03351718285956724,0.9875
0.03353140916808149,0.9875
0.03354564755838641,0.9875
0.033559898045879354,0.9875
0.03357416064598385,0.9875
0.03358843537414966,0.9875
0.033602722245852826,0.9875
0.03361702127659574,0.9875
0.033631332481907195,0.9875
0.03364565587734242,0.9875
0.03365999147848317,0.9875
0.033674339300937765,0.9875
0.03368869936034115,0.9875
0.03370307167235495,0.9875
0.03371745625266752,0.9875
0.033731853116994025,0.9875
0.03374626228107646,0.9875
0.03376068376068376,0.9875
0.0337751175716118,0.9875
0.03378956372968349,0.9875
0.03380402225074882,0.9875
0.033818493150684935,0.9875
0.033832976445396144,0.9875
0.03384747215081405,0.9875
0.03386198028289756,0.9875
0.033876500857632934,0.9875
0.03389103389103389,0.9875
0.03390557939914163,0.9875
0.0339201373980249,0.9875
0.033934707903780066,0.9875
0.033949290932531156,0.9875
0.033963886500429925,0.9875
0.03397849462365592,0.9875
0.03399311531841653,0.9875
0.03400774860094705,0.9875
0.034022394487510765,0.9875
0.034037052994398964,0.9875
0.03405172413793103,0.9875
0.03406640793445451,0.9875
0.034081104400345126,0.9875
0.03409581355200691,0.9875
0.034110535405872194,0.9875
0.03412526997840173,0.9875
0.0341400172860847,0.9875
0.03415477734543882,0.9875
0.034169550173010384,0.9875
0.0341843357853743,0.9875
0.0341991341991342,0.9875
0.034213945430922474,0.9875
0.03422876949740035,0.9875
0.03424360641525791,0.9875
0.034258456201214225,0.9875
0.03427331887201735,0.9875
0.03428819444444445,0.9875
0.03430308293530178,0.9875
0.03431798436142485,0.9875
0.0343328987396784,0.9875
0.03434782608695652,0.9875
0.03436276642018269,0.9875
0.034377719756309835,0.9875
0.034392686112320416,0.9875
0.03440766550522648,0.9875
0.03442265795206972,0.9875
0.03443766346992153,0.9875
0.034452682075883125,0.9875
0.03446771378708551,0.9875
0.034482758620689655,0.9875
0.03449781659388646,0.9875
0.0345128877238969,0.9875
0.034527972027972025,0.9875
0.03454306952339309,0.9875
0.03455818022747156,0.9875
0.03457330415754924,0.9875
0.03458844133099825,0.9875
0.0346035917652212,0.9875
0.034618755477651184,0.9875
0.03463393248575186,0.9875
0.03464912280701754,0.9875
0.03466432645897324,0.9875
0.03467954345917471,0.9875
0.03469477382520861,0.9875
0.03471001757469244,0.9875
0.03472527472527472,0.9875
0.034740545294635,0.9875
0.034755829300483945,0.9875
0.03477112676056338,0.9875
0.03478643769264641,0.9875
0.03480176211453744,0.9875
0.03481710004407228,0.9875
0.034832451499118164,0.9875
0.03484781649757389,0.9875
0.03486319505736982,0.9875
0.03487858719646799,0.9875
0.03489399293286219,0.9875
0.034909412284577994,0.9875
0.034924845269672856,0.9875
0.03494029190623618,0.9875
0.034955752212389384,0.9875
0.03497122620628597,0.9875
0.034986713906111605,0.9875
0.035002215330084185,0.9875
0.0350177304964539,0.9875
0.03503325942350333,0.9875
0.035048802129547474,0.9875
0.03506435863293387,0.9875
0.03507992895204263,0.9875
0.03509551310528654,0.9875
0.035111111111111114,0.9875
0.035126722987994664,0.9875
0.035142348754448396,0.9875
0.03515798842901647,0.9875
0.035173642030276044,0.9875
0.03518930957683741,0.9875
0.035204991087344026,0.9875
0.03522068658047258,0.9875
0.0352363960749331,0.9875
0.035252119589468986,0.9875
0.03526785714285714,0.9875
0.03528360875390799,0.9875
0.035299374441465595,0.9875
0.03531515422440769,0.9875
0.0353309481216458,0.9875
0.03534675615212528,0.9875
0.03536257833482542,0.9875
0.03537841468875952,0.9875
0.03539426523297491,0.9875
0.035410129986553115,0.9875
0.03542600896860987,0.9875
0.0354419021982952,0.9875
0.035457809694793535,0.9875
0.03547373147732375,0.9875
0.035489667565139264,0.9875
0.03550561797752809,0.9875
0.03552158273381295,0.9875
0.03553756185335133,0.9875
0.03555355535553555,0.9875
0.03556956325979289,0.9875
0.03558558558558558,0.9875
0.035601622352410996,0.9875
0.035617673579801626,0.9875
0.03563373928732522,0.9875
0.03564981949458484,0.9875
0.03566591422121896,0.9875
0.03568202348690153,0.9875
0.03569814731134207,0.9875
0.03571428571428571,0.9875
0.03573043871551334,0.9875
0.03574660633484163,0.9875
0.03576278859212313,0.9875
0.035778985507246376,0.9875
0.03579519710013593,0.9875
0.035811423390752495,0.9875
0.03582766439909297,0.9875
0.03584392014519056,0.9875
0.035860190649114845,0.9875
0.035876475930971846,0.9875
0.03589277601090413,0.9875
0.03590909090909091,0.9875
0.035925420645748066,0.9875
0.0359417652411283,0.9875
0.035958124715521164,0.9875
0.03597449908925319,0.9875
0.03599088838268793,0.9875
0.03600729261622607,0.9875
0.03602371181030552,0.9875
0.03604014598540146,0.9875
0.03605659516202647,0.9875
0.036073059360730596,0.9875
0.036089538602101415,0.9875
0.03610603290676417,0.9875
0.0361225422953818,0.9875
0.036139066788655076,0.9875
0.036155606407322655,0.9875
0.036172161172161175,0.9875
0.03618873110398534,0.9875
0.03620531622364803,0.9875
0.03622191655204035,0.9875
0.036238532110091745,0.9875
0.03625516291877008,0.9875
0.03627180899908173,0.9875
0.03628847037207166,0.9875
0.03630514705882353,0.9875
0.03632183908045977,0.9875
0.03633854645814168,0.9875
0.03635526921306949,0.9875
0.0363720073664825,0.9875
0.03638876093965914,0.9875
0.03640552995391705,0.9875
0.03642231443061319,0.9875
0.03643911439114391,0.9875
0.03645592985694508,0.9875
0.03647276084949215,0.9875
0.03648960739030023,0.9875
0.03650646950092421,0.9875
0.036061026352288486,0.975
0.036077705827937095,0.975
0.036094400740397964,0.975
0.03611111111111111,0.975
0.036127836961556276,0.975
0.03614457831325301,0.975
0.03616133518776078,0.975
0.036178107606679034,0.975
0.03619489559164733,0.975
0.036211699164345405,0.975
0.036228518346493266,0.975
0.0362453531598513,0.975
0.03626220362622036,0.975
0.03627906976744186,0.975
0.03629595160539786,0.975
0.036312849162011177,0.975
0.036329762459245456,0.975
0.036346691519105315,0.975
0.03636363636363636,0.975
0.036380597014925374,0.975
0.03593093793747083,0.9625
0.03594771241830065,0.9625
0.03596450256889304,0.9625
0.035981308411214954,0.9625
0.035998129967274424,0.9625
0.03601496725912067,0.9625
0.03603182030884417,0.9625
0.03604868913857678,0.9625
0.036065573770491806,0.9625
0.03608247422680412,0.9625
0.03609939052977028,0.9625
0.036116322701688554,0.9625
0.03613327076489911,0.9625
0.03615023474178404,0.9625
0.03616721465476749,0.9625
0.03618421052631579,0.9625
0.03620122237893747,0.9625
0.03621825023518344,0.9625
0.03623529411764706,0.9625
0.036252354048964215,0.9625
0.03626943005181347,0.9625
0.03628652214891612,0.9625
0.036303630363036306,0.9625
0.03632075471698113,0.9625
0.03633789523360075,0.9625
0.03635505193578848,0.9625
0.036372224846480866,0.9625
0.036389413988657845,0.9625
0.03640661938534279,0.9625
0.03642384105960265,0.9625
0.03644107903454804,0.9625
0.036458333333333336,0.9625
0.0364756039791568,0.9625
0.036492890995260666,0.9625
0.036036036036036036,0.95
0.036053130929791274,0.95
0.036070242050308496,0.95
0.03561253561253561,0.9375
0.035629453681710214,0.9375
0.03564638783269962,0.9375
0.03566333808844508,0.9375
0.0356803044719315,0.9375
0.03569728700618753,0.9375
0.03571428571428571,0.9375
0.03573130061934254,0.9375
0.03574833174451859,0.9375
0.0357653791130186,0.9375
0.0357824427480916,0.9375
0.03579952267303103,0.9375
0.03581661891117478,0.9375
0.0358337314859054,0.9375
0.035850860420650096,0.9375
0.035868005738880916,0.9375
0.03588516746411483,0.9375
0.03590234561991384,0.9375
0.035919540229885055,0.9375
0.035936751317680884,0.9375
0.03595397890699904,0.9375
0.03597122302158273,0.9375
0.03598848368522073,0.9375
0.03600576092174748,0.9375
0.03602305475504323,0.9375
0.03604036520903412,0.9375
0.036057692307692304,0.9375
0.03607503607503607,0.9375
0.03609239653512993,0.9375
0.036109773712084736,0.9375
0.036127167630057806,0.9375
0.03614457831325301,0.9375
0.03616200578592092,0.9375
0.0361794500723589,0.9375
0.036196911196911194,0.9375
0.036214389183969097,0.9375
0.036231884057971016,0.9375
0.03624939584340261,0.9375
0.0362669245647969,0.9375
0.03580067731011127,0.925
0.03581800580832527,0.925
0.03583535108958838,0.925
0.035852713178294575,0.925
0.03587009209888512,0.925
0.03588748787584869,0.925
0.035904900533721494,0.925
0.035922330097087375,0.925
0.03593977659057795,0.925
0.03595724003887269,0.925
0.03597472046669908,0.925
0.03599221789883268,0.925
0.03600973236009732,0.925
0.03602726387536514,0.925
0.03604481246955674,0.925
0.036062378167641324,0.925
0.03607996099463676,0.925
0.03609756097560975,0.925
0.03611517813567594,0.925
0.0361328125,0.925
0.0361504640937958,0.925
0.03616813294232649,0.925
0.036185819070904644,0.925
0.036203522504892366,0.925
0.03622124326970142,0.925
0.03623898139079334,0.925
0.036256736893679566,0.925
0.03627450980392157,0.925
0.036292300147130946,0.925
0.03631010794896958,0.925
0.03632793323514973,0.925
0.036345776031434185,0.925
0.03636363636363636,0.925
0.03638151425762045,0.925
0.03639940973930152,0.925
0.03641732283464567,0.925
0.03643525356967011,0.925
0.03645320197044335,0.925
0.036471168063085264,0.925
0.03599605522682446,0.9125
0.036013813517513565,0.9125
0.03603158933859822,0.9125
0.036049382716049384,0.9125
0.03606719367588933,0.9125
0.03608502224419179,0.9125
0.0361028684470821,0.9125
0.03612073231073726,0.9125
0.036138613861386136,0.9125
0.03615651312530956,0.9125
0.03617443012884044,0.9125
0.03619236489836391,0.9125
0.036210317460317464,0.9125
0.036228287841191066,0.9125
0.03624627606752731,0.9125
0.03626428216592151,0.9125
0.03628230616302187,0.9125
0.036300348085529587,0.9125
0.03631840796019901,0.9125
0.03633648581383773,0.9125
0.036354581673306775,0.9125
0.036372695565520675,0.9125
0.036390827517447655,0.9125
0.03640897755610972,0.9125
0.03642714570858283,0.9125
0.036445332001997004,0.9125
0.036463536463536464,0.9125
0.03648175912043978,0.9125
0.0365,0.9125
0.03651825912956478,0.9125
0.03653653653653654,0.9125
0.03655483224837256,0.9125
0.03657314629258517,0.9125
0.036591478696741855,0.9125
0.0366098294884654,0.9125
0.03662819869543402,0.9125
0.036646586345381524,0.9125
0.03666499246609744,0.9125
0.036683417085427134,0.9125
0.036701860231272,0.9125
0.036720321931589535,0.9125
0.03673880221439356,0.9125
0.03675730110775428,0.9125
0.03677581863979849,0.9125
0.036290322580645164,0.9
0.036308623298033284,0.9
0.03632694248234107,0.9
0.03634528016153458,0.9
0.03636363636363636,0.9
0.03638201111672562,0.9
0.03640040444893832,0.9
0.036418816388467376,0.9
0.03643724696356275,0.9
0.03645569620253165,0.9
0.0364741641337386,0.9
0.03598580841358338,0.8875
0.03600405679513185,0.8875
0.03602232369355657,0.8875
0.03604060913705584,0.8875
0.03605891315388522,0.8875
0.036077235772357726,0.8875
0.03609557702084393,0.8875
0.03611393692777213,0.8875
0.035623409669211195,0.875
0.035641547861507125,0.875
0.03565970453387672,0.875
0.03567787971457696,0.875
0.035696073431922486,0.875
0.03571428571428571,0.875
0.03573251659009699,0.875
0.03575076608784474,0.875
0.03576903423607562,0.875
0.03578732106339468,0.875
0.03580562659846547,0.875
0.03582395087001024,0.875
0.035842293906810034,0.875
0.035860655737704916,0.875
0.03587903639159405,0.875
0.035897435897435895,0.875
0.03591585428424833,0.875
0.03593429158110883,0.875
0.035952747817154594,0.875
0.03597122302158273,0.875
0.03598971722365039,0.875
0.0360082304526749,0.875
0.03602676273803397,0.875
0.03604531410916581,0.875
0.03606388459556929,0.875
0.03608247422680412,0.875
0.036101083032490974,0.875
0.03560371517027864,0.8625
0.035622096024780586,0.8625
0.035640495867768594,0.8625
0.03565891472868217,0.8625
0.035677352637021716,0.8625
0.03517847904811174,0.85
0.035196687370600416,0.85
0.03521491455204557,0.85
0.035233160621761656,0.85
0.0352514256091239,0.85
0.035269709543568464,0.85
0.03528801245459263,0.85
0.035306334371754934,0.85
0.03532467532467533,0.85
0.035343035343035345,0.85
0.03536141445657826,0.85
0.03537981269510926,0.85
0.035398230088495575,0.85
0.035416666666666666,0.85
0.03543512245961438,0.85
0.035453597497393116,0.85
0.03547209181011998,0.85
0.03549060542797495,0.85
0.035509138381201046,0.85
0.035527690700104496,0.85
0.03554626241505489,0.85
0.03556485355648536,0.85
0.035583464154892726,0.85
0.0356020942408377,0.85
0.035620743844945,0.85
0.03563941299790356,0.85
0.0356581017304667,0.85
0.035676810073452254,0.85
0.03569553805774278,0.85
0.03571428571428571,0.85
0.03573305307409354,0.85
0.035751840168243953,0.85
0.035244608100999476,0.8375
0.035263157894736843,0.8375
0.03528172722485519,0.8375
0.03530031612223393,0.8375
0.035318924617817604,0.8375
0.03533755274261603,0.8375
0.03535620052770449,0.8375
0.03537486800422387,0.8375
0.035393555203380875,0.8375
0.0354122621564482,0.8375
0.035430988894764676,0.8375
0.035449735449735446,0.8375
0.035468501852832186,0.8375
0.03548728813559322,0.8375
0.03550609432962374,0.8375
0.03552492046659597,0.8375
0.035543766578249335,0.8375
0.03503184713375796,0.825
0.03505045140732873,0.825
0.03506907545164718,0.825
0.03508771929824561,0.825
0.035106382978723406,0.825
0.03512506652474721,0.825
0.03514376996805112,0.825
0.03516249334043687,0.825
0.035181236673773986,0.825
0.0352,0.825
0.035218783351120594,0.825
0.03523758675920982,0.825
0.035256410256410256,0.825
0.03527525387493319,0.825
0.03529411764705882,0.825
0.03531300160513644,0.825
0.035331905781584586,0.825
0.03535083020889127,0.825
0.03536977491961415,0.825
0.0353887399463807,0.825
0.03540772532188841,0.825
0.03542673107890499,0.825
0.03544575725026853,0.825
0.035464803868887694,0.825
0.035483870967741936,0.825
0.03550295857988166,0.825
0.03552206673842842,0.825
0.035541195476575124,0.825
0.03556034482758621,0.825
0.03557951482479784,0.825
0.03559870550161812,0.825
0.035617916891527254,0.825
0.035637149028077755,0.825
0.03565640194489465,0.825
0.03567567567567568,0.825
0.03569497025419145,0.825
0.03571428571428571,0.825
0.035733622089875475,0.825
0.035752979414951244,0.825
0.03577235772357724,0.825
0.03579175704989154,0.825
0.03581117742810635,0.825
0.03528773072747014,0.8125
0.03530689842476915,0.8125
0.035326086956521736,0.8125
0.03534529635671561,0.8125
0.03536452665941241,0.8125
0.035383777898747956,0.8125
0.03540305010893246,0.8125
0.035422343324250684,0.8125
0.03544165757906216,0.8125
0.03546099290780142,0.8125
0.035480349344978165,0.8125
0.0354997269251775,0.8125
0.03551912568306011,0.8125
0.035538545653362494,0.8125
0.03555798687089715,0.8125
0.03557744937055282,0.8125
0.035596933187294635,0.8125
0.03561643835616438,0.8125
0.0356359649122807,0.8125
0.03565551289083928,0.8125
0.03567508232711306,0.8125
0.0356946732564525,0.8125
0.03571428571428571,0.8125
0.035733919736118745,0.8125
0.035753575357535754,0.8125
0.03577325261419923,0.8125
0.03579295154185022,0.8125
0.03581267217630854,0.8125
0.03583241455347299,0.8125
0.035852178709321565,0.8125
0.0358719646799117,0.8125
0.03589177250138045,0.8125
0.03591160220994475,0.8125
0.035931453841901606,0.8125
0.03595132743362832,0.8125
0.03597122302158273,0.8125
0.03599114064230343,0.8125
0.036011080332409975,0.8125
0.03603104212860311,0.8125
0.036051026067665005,0.8125
0.03607103218645949,0.8125
0.03609106052193226,0.8125
0.03611111111111111,0.8125
0.03613118399110617,0.8125
0.036151279199110126,0.8125
0.036171396772398445,0.8125
0.036191536748329624,0.8125
0.036211699164345405,0.8125
0.036231884057971016,0.8125
0.03625209146681539,0.8125
0.03627232142857143,0.8125
0.03573422668900056,0.8
0.035754189944134075,0.8
0.03577417551704863,0.8
0.035794183445190156,0.8
0.03581421376608842,0.8
0.03583426651735722,0.8
0.035854341736694675,0.8
0.03587443946188341,0.8
0.0358945597307908,0.8
0.03591470258136925,0.8
0.035934868051656375,0.8
0.035955056179775284,0.8
0.035975267003934795,0.8
0.0359955005624297,0.8
0.03601575689364097,0.8
0.036036036036036036,0.8
0.036056338028169016,0.8
0.036076662908680945,0.8
0.03609701071630006,0.8
0.03611738148984198,0.8
0.03613777526821005,0.8
0.03615819209039548,0.8
0.03617863199547767,0.8
0.03619909502262444,0.8
0.03621958121109225,0.8
0.0362400906002265,0.8
0.036260623229461754,0.8
0.036281179138321996,0.8
0.036301758366420876,0.8
0.036322360953461974,0.8
0.03634298693923907,0.8
0.03636363636363636,0.8
0.036384309266628764,0.8
0.03640500568828214,0.8
0.03642572566875356,0.8
0.03644646924829157,0.8
0.036467236467236465,0.8
0.036488027366020526,0.8
0.03650884198516828,0.8
0.0365296803652968,0.8
0.036550542547115934,0.8
0.036571428571428574,0.8
0.03659233847913093,0.8
0.036613272311212815,0.8
0.03663423010875787,0.8
0.03665521191294387,0.8
0.03667621776504298,0.8
0.03669724770642202,0.8
0.03614457831325301,0.7875
0.03616532721010333,0.7875
0.03618609994256174,0.7875
0.03620689655172414,0.7875
0.03622771707878091,0.7875
0.03624856156501726,0.7875
0.03626943005181347,0.7875
0.036290322580645164,0.7875
0.03631123919308357,0.7875
0.03633217993079585,0.7875
0.0363531448355453,0.7875
0.036374133949191687,0.7875
0.036395147313691506,0.7875
0.035838150289017344,0.775
0.035858877964141125,0.775
0.03587962962962963,0.775
0.03590040532715692,0.775
0.03592120509849363,0.775
0.035942028985507246,0.775
0.03596287703016241,0.775
0.035983749274521186,0.775
0.036004645760743324,0.775
0.03602556653108658,0.775
0.035465116279069765,0.7625
0.035485747527632346,0.7625
0.03550640279394645,0.7625
0.034944670937682006,0.75
0.03496503496503497,0.75
0.03498542274052478,0.75
0.03500583430571762,0.75
0.03502626970227671,0.75
0.035046728971962614,0.75
0.03506721215663355,0.75
0.03508771929824561,0.75
0.03510825043885313,0.75
0.0351288056206089,0.75
0.0351493848857645,0.75
0.035169988276670575,0.75
0.03519061583577713,0.75
0.035211267605633804,0.75
0.03523194362889019,0.75
0.03525264394829612,0.75
0.03527336860670194,0.75
0.03529411764705882,0.75
0.03531489111241907,0.75
0.0353356890459364,0.75
0.0347672362993518,0.7375
0.0347877358490566,0.7375
0.03480825958702065,0.7375
0.03423848878394333,0.725
0.034258712344949795,0.725
0.034278959810874705,0.725
0.03429923122412774,0.725
0.03431952662721893,0.725
0.03433984606275903,0.725
0.034360189573459717,0.725
0.03438055720213397,0.725
0.03440094899169632,0.725
0.034421364985163204,0.725
0.0344418052256532,0.725
0.0344622697563874,0.725
0.034482758620689655,0.725
0.034503271861986914,0.725
0.034523809523809526,0.725
0.034544371649791544,0.725
0.03456495828367104,0.725
0.0345855694692904,0.725
0.034606205250596656,0.725
0.03462686567164179,0.725
0.03464755077658303,0.725
0.034668260609683206,0.725
0.034688995215311005,0.725
0.034709754637941355,0.725
0.03473053892215569,0.725
0.0347513481126423,0.725
0.03477218225419664,0.725
0.03479304139172166,0.725
0.03481392557022809,0.725
0.034834834834834835,0.725
0.03485576923076923,0.725
0.03487672880336741,0.725
0.03489771359807461,0.725
0.034918723660445516,0.725
0.03493975903614458,0.725
0.03496081977094635,0.725
0.03498190591073583,0.725
0.03500301750150875,0.725
0.035024154589371984,0.725
0.035045317220543805,0.725
0.03506650544135429,0.725
0.03508771929824561,0.725
0.035108958837772396,0.725
0.03513022410660206,0.725
0.03515151515151515,0.725
0.0351728320194057,0.725
0.03519417475728155,0.725
0.035215543412264724,0.725
0.03523693803159174,0.725
0.03525835866261398,0.725
0.03527980535279805,0.725
0.03530127814972611,0.725
0.03532277710109622,0.725
0.03534430225472273,0.725
0.03536585365853658,0.725
0.035387431360585725,0.725
0.03540903540903541,0.725
0.0354306658521686,0.725
0.035452322738386305,0.725
0.03547400611620795,0.725
0.03549571603427173,0.725
0.03551745254133497,0.725
0.03553921568627451,0.725
0.035561005518087066,0.725
0.03558282208588957,0.725
0.03560466543891958,0.725
0.03562653562653563,0.725
0.03564843269821758,0.725
0.03567035670356704,0.725
0.03569230769230769,0.725
0.03571428571428571,0.725
0.035736290819470114,0.725
0.035758323057953144,0.725
0.03578038247995065,0.725
0.03580246913580247,0.725
0.035824583075972825,0.725
0.03584672435105068,0.725
0.035868893011750155,0.725
0.03589108910891089,0.725
0.03591331269349845,0.725
0.03593556381660471,0.725
0.03595784252944823,0.725
0.03598014888337469,0.725
0.03600248292985723,0.725
0.03602484472049689,0.725
0.036047234307022995,0.725
0.036069651741293535,0.725
0.03609209707529558,0.725
0.0361145703611457,0.725
0.03613707165109034,0.725
0.03615960099750624,0.725
0.03618215845290081,0.725
0.03620474406991261,0.725
0.03622735790131168,0.725
0.03625,0.725
0.03627267041901188,0.725
0.03629536921151439,0.725
0.036318096430807766,0.725
0.03634085213032581,0.725
0.03636363636363636,0.725
0.03638644918444166,0.725
0.03640929064657878,0.725
0.0364321608040201,0.725
0.036455059710873663,0.725
0.03647798742138365,0.725
0.03650094398993078,0.725
0.036523929471032744,0.725
0.036546943919344675,0.725
0.03656998738965952,0.725
0.03659305993690852,0.725
0.036616161616161616,0.725
0.03663929248262792,0.725
0.03666245259165613,0.725
0.036685641998734975,0.725
0.03670886075949367,0.725
0.03673210892970234,0.725
0.036755386565272496,0.725
0.03677869372225745,0.725
0.03616751269035533,0.7125
0.03619047619047619,0.7125
0.03621346886912325,0.7125
0.036236490781945324,0.7125
0.03625954198473282,0.7125
0.036282622533418206,0.7125
0.03630573248407643,0.7125
0.036328871892925434,0.7125
0.03635204081632653,0.7125
0.036375239310784936,0.7125
0.03639846743295019,0.7125
0.03642172523961661,0.7125
0.03644501278772379,0.7125
0.036468330134357005,0.7125
0.03649167733674776,0.7125
0.03651505445227418,0.7125
0.03653846153846154,0.7125
0.036561898652982684,0.7125
0.036585365853658534,0.7125
0.036608863198458574,0.7125
0.036632390745501286,0.7125
0.036655948553054665,0.7125
0.03667953667953668,0.7125
0.03670315518351577,0.7125
0.03672680412371134,0.7125
0.0367504835589942,0.7125
0.036774193548387096,0.7125
0.036797934151065206,0.7125
0.03682170542635659,0.7125
0.03684550743374273,0.7125
0.03686934023285899,0.7125
0.036893203883495145,0.7125
0.036917098445595854,0.7125
0.03694102397926118,0.7125
0.03696498054474708,0.7125
0.03698896820246593,0.7125
0.03636363636363636,0.7
0.036458333333333336,0.7
0.036482084690553744,0.7
0.03650586701434159,0.7
0.0365296803652968,0.7
0.03655352480417755,0.7
0.036577400391900716,0.7
0.036601307189542485,0.7
0.03662524525833878,0.7
0.03664921465968586,0.7
0.0366732154551408,0.7
0.03669724770642202,0.7
0.036721311475409836,0.7
0.03674540682414698,0.7
0.036769533814839134,0.7
0.03679369250985545,0.7
0.036817882971729124,0.7
0.03684210526315789,0.7
0.03686635944700461,0.7
0.03689064558629776,0.7
0.03691496374423204,0.7
0.036939313984168866,0.7
0.036963696369636964,0.7
0.036988110964332896,0.7
0.037012557832121616,0.7
0.037037037037037035,0.7
0.037061548643282594,0.7
0.03708609271523179,0.7
0.03711066931742876,0.7
0.03713527851458886,0.7
0.0371599203715992,0.7
0.03718459495351926,0.7
0.037209302325581395,0.7
0.03723404255319149,0.7
0.037258815701929474,0.7
0.037283621837549935,0.7
0.037308461025982675,0.7
0.037333333333333336,0.7
0.037358238825883926,0.7
0.037383177570093455,0.7
0.03740814963259853,0.7
0.0374331550802139,0.7
0.03745819397993311,0.7
0.03748326639892905,0.7
0.03750837240455459,0.7
0.03686327077747989,0.6875
0.03688799463447351,0.6875
0.03691275167785235,0.6875
0.036937541974479515,0.6875
0.03696236559139785,0.6875
0.03698722259583053,0.6875
0.0370121130551817,0.6875
0.037037037037037035,0.6875
0.03706199460916442,0.6875
0.037086985839514496,0.6875
0.037112010796221326,0.6875
0.03713706954760297,0.6875
0.037162162162162164,0.6875
0.03718728870858688,0.6875
0.03721244925575101,0.6875
0.037237643872714964,0.6875
0.03726287262872629,0.6875
0.03728813559322034,0.6875
0.03731343283582089,0.6875
0.0373387644263408,0.6875
0.03736413043478261,0.6875
0.037389530931339225,0.6875
0.03741496598639456,0.6875
0.037440435670524165,0.6875
0.03746594005449591,0.6875
0.03749147920927062,0.6875
0.03751705320600273,0.6875
0.03754266211604096,0.6875
0.03756830601092896,0.6875
0.03759398496240601,0.6875
0.03761969904240766,0.6875
0.03764544832306639,0.6875
0.03767123287671233,0.6875
0.03769705277587389,0.6875
0.037037037037037035,0.675
0.03706245710363761,0.675
0.03708791208791209,0.675
0.03711340206185567,0.675
0.037138927097661624,0.675
0.03716448726772195,0.675
0.0371900826446281,0.675
0.037215713301171606,0.675
0.037241379310344824,0.675
0.037267080745341616,0.675
0.03729281767955801,0.675
0.03731859018659295,0.675
0.03734439834024896,0.675
0.03737024221453287,0.675
0.037396121883656507,0.675
0.037422037422037424,0.675
0.03744798890429958,0.675
0.03747397640527411,0.675
0.0375,0.675
0.037526059763724806,0.675
0.037552155771905425,0.675
0.037578288100208766,0.675
0.037604456824512536,0.675
0.037630662020905925,0.675
0.03765690376569038,0.675
0.03768318213538032,0.675
0.03770949720670391,0.675
0.03773584905660377,0.675
0.03776223776223776,0.675
0.03778866340097971,0.675
0.037815126050420166,0.675
0.0378416257883672,0.675
0.037868162692847124,0.675
0.037894736842105266,0.675
0.037921348314606744,0.675
0.03794799718903725,0.675
0.0379746835443038,0.675
0.038001407459535536,0.675
0.038028169014084505,0.675
0.03805496828752643,0.675
0.0380818053596615,0.675
0.038108680310515175,0.675
0.038135593220338986,0.675
0.03816254416961131,0.675
0.03818953323903819,0.675
0.03821656050955414,0.675
0.03824362606232295,0.675
0.03827072997873848,0.675
0.03829787234042553,0.675
0.0383250532292406,0.675
0.03835227272727273,0.675
0.03837953091684435,0.675
0.03840682788051209,0.675
0.038434163701067614,0.675
0.038461538461538464,0.675
0.03848895224518888,0.675
0.03851640513552068,0.675
0.03854389721627409,0.675
0.03857142857142857,0.675
0.03859899928520372,0.675
0.03862660944206009,0.675
0.03865425912670007,0.675
0.03868194842406877,0.675
0.03870967741935484,0.675
0.03873744619799139,0.675
0.038765254845656856,0.675
0.03879310344827586,0.675
0.038820992092020126,0.675
0.03884892086330935,0.675
0.038876889848812095,0.675
0.03890489913544669,0.675
0.03893294881038212,0.675
0.03896103896103896,0.675
0.03898916967509025,0.675
0.03901734104046243,0.675
0.039045553145336226,0.675
0.03907380607814761,0.675
0.0391020999275887,0.675
0.0391304347826087,0.675
0.03915881073241479,0.675
0.03918722786647315,0.675
0.0392156862745098,0.675
0.03924418604651163,0.675
0.03927272727272727,0.675
0.039301310043668124,0.675
0.03932993445010925,0.675
0.03935860058309038,0.675
0.03938730853391685,0.675
0.03941605839416058,0.675
0.039444850255661065,0.675
0.039473684210526314,0.675
0.03950256035113387,0.675
0.03953147877013177,0.675
0.03956043956043956,0.675
0.039589442815249266,0.675
0.03961848862802641,0.675
0.039647577092511016,0.675
0.03967670830271859,0.675
0.039705882352941174,0.675
0.039735099337748346,0.675
0.039764359351988215,0.675
0.0397936624907885,0.675
0.03982300884955752,0.675
0.03911439114391144,0.6625
0.03914327917282127,0.6625
0.03917220990391722,0.6625
0.03920118343195266,0.6625
0.03923019985196151,0.6625
0.03925925925925926,0.6625
0.039288361749444035,0.6625
0.03857566765578635,0.65
0.038604305864884926,0.65
0.03863298662704309,0.65
0.038661710037174724,0.65
0.03869047619047619,0.65
0.0387192851824274,0.65
0.038748137108792845,0.65
0.03877703206562267,0.65
0.03880597014925373,0.65
0.038834951456310676,0.65
0.03886397608370702,0.65
0.03889304412864622,0.65
0.038922155688622756,0.65
0.03895131086142322,0.65
0.038980509745127435,0.65
0.03900975243810953,0.65
0.03903903903903904,0.65
0.03906836964688205,0.65
0.039097744360902256,0.65
0.03912716328066215,0.65
0.0391566265060241,0.65
0.03918613413715147,0.65
0.0392156862745098,0.65
0.03924528301886793,0.65
0.03927492447129909,0.65
0.039304610733182165,0.65
0.039334341906202726,0.65
0.03936411809235428,0.65
0.03939393939393939,0.65
0.039423805913570885,0.65
0.03945371775417299,0.65
0.039483675018982534,0.65
0.03951367781155015,0.65
0.03954372623574144,0.65
0.0395738203957382,0.65
0.039603960396039604,0.65
0.039634146341463415,0.65
0.03966437833714721,0.65
0.03969465648854962,0.65
0.03972498090145149,0.65
0.039755351681957186,0.65
0.03978576893649579,0.65
0.039816232771822356,0.65
0.03984674329501916,0.65
0.03987730061349693,0.65
0.039907904834996163,0.65
0.039938556067588324,0.65
0.03996925441967717,0.65
0.04,0.65
0.04003079291762895,0.65
0.040061633281972264,0.65
0.040092521202775636,0.65
0.040123456790123455,0.65
0.040154440154440155,0.65
0.0401854714064915,0.65
0.04021655065738593,0.65
0.04024767801857585,0.65
0.040278853601859024,0.65
0.040310077519379844,0.65
0.04034134988363072,0.65
0.040372670807453416,0.65
0.04040404040404041,0.65
0.04043545878693624,0.65
0.04046692607003891,0.65
0.040498442367601244,0.65
0.04053000779423227,0.65
0.0405616224648986,0.65
0.04059328649492584,0.65
0.040625,0.65
0.040656763096168884,0.65
0.0406885758998435,0.65
0.04072043852779953,0.65
0.04075235109717868,0.65
0.0407843137254902,0.65
0.04081632653061224,0.65
0.0408483896307934,0.65
0.040880503144654086,0.65
0.040912667191188044,0.65
0.04094488188976378,0.65
0.04097714736012608,0.65
0.04100946372239748,0.65
0.04104183109707971,0.65
0.04107424960505529,0.65
0.04110671936758893,0.65
0.04113924050632911,0.65
0.04117181314330958,0.65
0.04120443740095087,0.65
0.041237113402061855,0.65
0.04126984126984127,0.65
0.04130262112787927,0.65
0.04133545310015898,0.65
0.04136833731105807,0.65
0.041401273885350316,0.65
0.04143426294820717,0.65
0.04066985645933014,0.6375
0.040702314445331206,0.6375
0.04073482428115016,0.6375
0.0407673860911271,0.6375
0.0408,0.6375
0.04083266613290633,0.6375
0.040865384615384616,0.6375
0.0408981555733761,0.6375
0.040930979133226325,0.6375
0.04096385542168675,0.6375
0.0409967845659164,0.6375
0.04102976669348351,0.6375
0.04106280193236715,0.6375
0.0410958904109589,0.6375
0.04112903225806452,0.6375
0.04116222760290557,0.6375
0.04119547657512116,0.6375
0.041228779304769606,0.6375
0.0412621359223301,0.6375
0.04129554655870445,0.6375
0.041329011345218804,0.6375
0.040551500405515,0.625
0.040584415584415584,0.625
0.04061738424045491,0.625
0.04065040650406504,0.625
0.04068348250610252,0.625
0.04071661237785016,0.625
0.040749796251018745,0.625
0.040783034257748776,0.625
0.04081632653061224,0.625
0.04084967320261438,0.625
0.04088307440719542,0.625
0.04091653027823241,0.625
0.04095004095004095,0.625
0.040983606557377046,0.625
0.04101722723543889,0.625
0.041050903119868636,0.625
0.041084634346754315,0.625
0.04111842105263158,0.625
0.0411522633744856,0.625
0.04118616144975288,0.625
0.041220115416323165,0.625
0.041254125412541254,0.625
0.04128819157720892,0.625
0.04132231404958678,0.625
0.0413564929693962,0.625
0.041390728476821195,0.625
0.041425020712510356,0.625
0.04145936981757877,0.625
0.04149377593360996,0.625
0.04152823920265781,0.625
0.04156275976724855,0.625
0.04159733777038269,0.625
0.041631973355537054,0.625
0.041666666666666664,0.625
0.0408673894912427,0.6125
0.040901502504173626,0.6125
0.04093567251461988,0.6125
0.04096989966555184,0.6125
0.04100418410041841,0.6125
0.04103852596314908,0.6125
0.04107292539815591,0.6125
0.041107382550335574,0.6125
0.04114189756507137,0.6125
0.041176470588235294,0.6125
0.04121110176619008,0.6125
0.041245791245791245,0.6125
0.041280539174389216,0.6125
0.04131534569983136,0.6125
0.04135021097046414,0.6125
0.041385135135135136,0.6125
0.04142011834319527,0.6125
0.04145516074450085,0.6125
0.04149026248941575,0.6125
0.04152542372881356,0.6125
0.041560644614079725,0.6125
0.04159592529711375,0.6125
0.041631265930331354,0.6125
0.041666666666666664,0.6125
0.04170212765957447,0.6125
0.04088586030664395,0.6
0.04092071611253197,0.6
0.040955631399317405,0.6
0.04099060631938514,0.6
0.041025641025641026,0.6
0.041060735671514116,0.6
0.0410958904109589,0.6
0.04113110539845758,0.6
0.04030874785591767,0.5875
0.04034334763948498,0.5875
0.040378006872852236,0.5875
0.040412725709372314,0.5875
0.04044750430292599,0.5875
0.040482342807924204,0.5875
0.04051724137931034,0.5875
0.04055220017256255,0.5875
0.04058721934369603,0.5875
0.04062229904926534,0.5875
0.04065743944636678,0.5875
0.04069264069264069,0.5875
0.04072790294627383,0.5875
0.040763226366001735,0.5875
0.04079861111111111,0.5875
0.04083405734144222,0.5875
0.0408695652173913,0.5875
0.040905134899912966,0.5875
0.040940766550522645,0.5875
0.04097646033129904,0.5875
0.04101221640488656,0.5875
0.04104803493449782,0.5875
0.04108391608391608,0.5875
0.04111986001749781,0.5875
0.04115586690017513,0.5875
0.04119193689745837,0.5875
0.0412280701754386,0.5875
0.041264266900790166,0.5875
0.04130052724077329,0.5875
0.04133685136323659,0.5875
0.04137323943661972,0.5875
0.04140969162995595,0.5875
0.04144620811287478,0.5875
0.04148278905560459,0.5875
0.04151943462897526,0.5875
0.04155614500442087,0.5875
0.0415929203539823,0.5875
0.04162976085031001,0.5875
0.041666666666666664,0.5875
0.0417036379769299,0.5875
0.041740674955595025,0.5875
0.041777777777777775,0.5875
0.04181494661921708,0.5875
0.041852181656277826,0.5875
0.04188948306595366,0.5875
0.04192685102586976,0.5875
0.04196428571428571,0.5875
0.0420017873100983,0.5875
0.04203935599284436,0.5875
0.04207699194270367,0.5875
0.042114695340501794,0.5875
0.042152466367713005,0.5875
0.0421903052064632,0.5875
0.042228212039532795,0.5875
0.04136690647482014,0.575
0.041404140414041404,0.575
0.04144144144144144,0.575
0.04147880973850315,0.575
0.04151624548736462,0.575
0.04155374887082204,0.575
0.04159132007233273,0.575
0.0416289592760181,0.575
0.041666666666666664,0.575
0.04170444242973708,0.575
0.041742286751361164,0.575
0.04178019981834696,0.575
0.04181818181818182,0.575
0.04185623293903549,0.575
0.04189435336976321,0.575
0.041932543299908843,0.575
0.041970802919708027,0.575
0.0410958904109589,0.5625
0.04113345521023766,0.5625
0.04117108874656908,0.5625
0.04120879120879121,0.5625
0.04124656278643447,0.5625
0.04128440366972477,0.5625
0.04132231404958678,0.5625
0.04136029411764706,0.5625
0.04139834406623735,0.5625
0.04143646408839779,0.5625
0.041474654377880185,0.5625
0.04151291512915129,0.5625
0.04155124653739612,0.5625
0.041589648798521256,0.5625
0.041628122109158186,0.5625
0.041666666666666664,0.5625
0.04077849860982391,0.55
0.04081632653061224,0.55
0.04085422469823584,0.55
0.040892193308550186,0.55
0.04093023255813953,0.55
0.040968342644320296,0.55
0.04100652376514446,0.55
0.041044776119402986,0.55
0.04108309990662932,0.55
0.041121495327102804,0.55
0.0411599625818522,0.55
0.04119850187265917,0.55
0.041237113402061855,0.55
0.04127579737335835,0.55
0.04131455399061033,0.55
0.041353383458646614,0.55
0.041392285983066796,0.55
0.04143126177024482,0.55
0.04147031102733271,0.55
0.04150943396226415,0.55
0.04154863078375826,0.55
0.04158790170132325,0.55
0.041627246925260174,0.55
0.041666666666666664,0.55
0.04170616113744076,0.55
0.04079696394686907,0.5375
0.04083570750237417,0.5375
0.0408745247148289,0.5375
0.04091341579448145,0.5375
0.04,0.525
0.04003813155386082,0.525
0.04007633587786259,0.525
0.04011461318051576,0.525
0.040152963671128104,0.525
0.04019138755980861,0.525
0.040229885057471264,0.525
0.040268456375838924,0.525
0.04030710172744722,0.525
0.040345821325648415,0.525
0.04038461538461539,0.525
0.04042348411934552,0.525
0.04046242774566474,0.525
0.040501446480231434,0.525
0.04054054054054054,0.525
0.03961352657004831,0.5125
0.039651837524177946,0.5125
0.03969022265246854,0.5125
0.03972868217054264,0.5125
0.03976721629485936,0.5125
0.039805825242718446,0.5125
0.03984450923226433,0.5125
0.03988326848249027,0.5125
0.03992210321324245,0.5125
0.03996101364522417,0.5125
0.04,0.5125
0.0400390625,0.5125
0.04007820136852395,0.5125
0.040117416829745595,0.5125
0.040156709108716944,0.5125
0.04019607843137255,0.5125
0.040235525024533855,0.5125
0.03929273084479371,0.5
0.03933136676499508,0.5
0.03937007874015748,0.5
0.03940886699507389,0.5
0.03944773175542406,0.5
0.039486673247778874,0.5
0.039525691699604744,0.5
0.03956478733926805,0.5
0.039603960396039604,0.5
0.03964321110009911,0.5
0.03968253968253968,0.5
0.039721946375372394,0.5
0.039761431411530816,0.5
0.03980099502487562,0.5
0.0398406374501992,0.5
0.03988035892323031,0.5
0.03992015968063872,0.5
0.03996003996003996,0.5
0.04,0.5
0.04004004004004004,0.5
0.04008016032064128,0.5
0.04012036108324975,0.5
0.040160642570281124,0.5
0.04020100502512563,0.5
0.04024144869215292,0.5
0.04028197381671702,0.5
0.04032258064516129,0.5
0.04036326942482341,0.5
0.04040404040404041,0.5
0.04044489383215369,0.5
0.04048582995951417,0.5
0.040526849037487336,0.5
0.04056795131845842,0.5
0.04060913705583756,0.5
0.04065040650406504,0.5
0.04069175991861648,0.5
0.04073319755600815,0.5
0.040774719673802244,0.5
0.04081632653061224,0.5
0.04085801838610827,0.5
0.0408997955010225,0.5
0.04094165813715456,0.5
0.040983606557377046,0.5
0.041025641025641026,0.5
0.04004106776180698,0.4875
0.040082219938335044,0.4875
0.040123456790123455,0.4875
0.04016477857878476,0.4875
0.04020618556701031,0.4875
0.04024767801857585,0.4875
0.040289256198347105,0.4875
0.04033092037228542,0.4875
0.040372670807453416,0.4875
0.04041450777202073,0.4875
0.04045643153526971,0.4875
0.040498442367601244,0.4875
0.04054054054054054,0.4875
0.04058272632674298,0.4875
0.040625,0.4875
0.040667361835245046,0.4875
0.0407098121085595,0.4875
0.04075235109717868,0.4875
0.04079497907949791,0.4875
0.040837696335078534,0.4875
0.040880503144654086,0.4875
0.040923399790136414,0.4875
0.04096638655462185,0.4875
0.04100946372239748,0.4875
0.04105263157894737,0.4875
0.0410958904109589,0.4875
0.04113924050632911,0.4875
0.04118268215417107,0.4875
0.0412262156448203,0.4875
0.04126984126984127,0.4875
0.0413135593220339,0.4875
0.041357370095440084,0.4875
0.041401273885350316,0.4875
0.04144527098831031,0.4875
0.04148936170212766,0.4875
0.04153354632587859,0.4875
0.04051172707889126,0.475
0.04055496264674493,0.475
0.0405982905982906,0.475
0.039572192513368985,0.4625
0.03961456102783726,0.4625
0.03965702036441586,0.4625
0.03969957081545064,0.4625
0.0397422126745435,0.4625
0.03978494623655914,0.4625
0.03982777179763186,0.4625
0.03987068965517242,0.4625
0.039913700107874865,0.4625
0.03995680345572354,0.4625
0.04,0.4625
0.04004329004329004,0.4625
0.04008667388949079,0.4625
0.04013015184381779,0.4625
0.04017372421281216,0.4625
0.04021739130434782,0.4625
0.04026115342763874,0.4625
0.04030501089324619,0.4625
0.04034896401308615,0.4625
0.04039301310043668,0.4625
0.040437158469945354,0.4625
0.04048140043763676,0.4625
0.03943044906900329,0.45
0.039473684210526314,0.45
0.03951701427003293,0.45
0.03956043956043956,0.45
0.039603960396039604,0.45
0.039647577092511016,0.45
0.03969128996692393,0.45
0.039735099337748346,0.45
0.039779005524861875,0.45
0.03982300884955752,0.45
0.03986710963455149,0.45
0.03991130820399113,0.45
0.03995560488346282,0.45
0.04,0.45
0.04004449388209121,0.45
0.0400890868596882,0.45
0.04013377926421405,0.45
0.0390625,0.4375
0.03910614525139665,0.4375
0.039149888143176735,0.4375
0.03919372900335946,0.4375
0.03923766816143498,0.4375
0.03928170594837262,0.4375
0.03932584269662921,0.4375
0.03937007874015748,0.4375
0.039414414414414414,0.4375
0.03945885005636979,0.4375
0.039503386004514675,0.4375
0.0384180790960452,0.425
0.038461538461538464,0.425
0.03850509626274066,0.425
0.03854875283446712,0.425
0.03859250851305335,0.425
0.038636363636363635,0.425
0.038680318543799774,0.425
0.0387243735763098,0.425
0.03876852907639681,0.425
0.03881278538812785,0.425
0.038857142857142854,0.425
0.038901601830663615,0.425
0.038946162657502864,0.425
0.0389908256880734,0.425
0.03903559127439724,0.425
0.03908045977011494,0.425
0.039125431530494824,0.425
0.03917050691244239,0.425
0.0392156862745098,0.425
0.03926096997690531,0.425
0.03930635838150289,0.425
0.03935185185185185,0.425
0.039397450753186555,0.425
0.03944315545243619,0.425
0.03948896631823461,0.425
0.03953488372093023,0.425
0.03958090803259604,0.425
0.039627039627039624,0.425
0.039673278879813305,0.425
0.0397196261682243,0.425
0.03976608187134503,0.425
0.03981264637002342,0.425
0.03985932004689332,0.425
0.03990610328638498,0.425
0.0399529964747356,0.425
0.04,0.425
0.04004711425206125,0.425
0.04009433962264151,0.425
0.04014167650531287,0.425
0.04018912529550828,0.425
0.040236686390532544,0.425
0.04028436018957346,0.425
0.04033214709371293,0.425
0.040380047505938245,0.425
0.04042806183115339,0.425
0.04047619047619048,0.425
0.04052443384982122,0.425
0.0405727923627685,0.425
0.04062126642771804,0.425
0.04066985645933014,0.425
0.0407185628742515,0.425
0.0407673860911271,0.425
0.04081632653061224,0.425
0.040865384615384616,0.425
0.04091456077015644,0.425
0.04096385542168675,0.425
0.039806996381182146,0.4125
0.03985507246376811,0.4125
0.03990326481257558,0.4125
0.039951573849878935,0.4125
0.04,0.4125
0.04004854368932039,0.4125
0.040097205346294046,0.4125
0.040145985401459854,0.4125
0.040194884287454324,0.4125
0.03902439024390244,0.4
0.03907203907203907,0.4
0.039119804400977995,0.4
0.03916768665850673,0.4
0.0392156862745098,0.4
0.0392638036809816,0.4
0.03931203931203931,0.4
0.03936039360393604,0.4
0.03940886699507389,0.4
0.03945745992601726,0.4
0.03950617283950617,0.4
0.03955500618046971,0.4
0.039603960396039604,0.4
0.03965303593556382,0.4
0.03970223325062035,0.4
0.03975155279503106,0.4
0.03980099502487562,0.4
0.039850560398505604,0.4
0.0399002493765586,0.4
0.039950062421972535,0.4
0.04,0.4
0.04005006257822278,0.4
0.040100250626566414,0.4
0.04015056461731493,0.4
0.04020100502512563,0.4
0.04025157232704402,0.4
0.04030226700251889,0.4
0.0403530895334174,0.4
0.04040404040404041,0.4
0.040455120101137804,0.4
0.04050632911392405,0.4
0.04055766793409379,0.4
0.04060913705583756,0.4
0.04066073697585769,0.4
0.04071246819338423,0.4
0.04076433121019108,0.4
0.04081632653061224,0.4
0.04086845466155811,0.4
0.04092071611253197,0.4
0.040973111395646605,0.4
0.041025641025641026,0.4
0.0410783055198973,0.4
0.04113110539845758,0.4
0.04118404118404118,0.4
0.041237113402061855,0.4
0.04129032258064516,0.4
0.041343669250646,0.4
0.04139715394566624,0.4
0.04145077720207254,0.4
0.041504539559014265,0.4
0.04155844155844156,0.4
0.04161248374512354,0.4
0.041666666666666664,0.4
0.041720990873533245,0.4
0.04046997389033943,0.3875
0.040522875816993466,0.3875
0.04057591623036649,0.3875
0.04062909567496723,0.3875
0.04068241469816273,0.3875
0.040735873850197106,0.3875
0.04078947368421053,0.3875
0.04084321475625823,0.3875
0.040897097625329816,0.3875
0.04095112285336856,0.3875
0.041005291005291,0.3875
0.04105960264900662,0.3875
0.04111405835543767,0.3875
0.041168658698539175,0.3875
0.041223404255319146,0.3875
0.041278295605858856,0.3875
0.04133333333333333,0.3875
0.04005340453938585,0.375
0.040106951871657755,0.375
0.040160642570281124,0.375
0.040214477211796246,0.375
0.040268456375838924,0.375
0.04032258064516129,0.375
0.040376850605652756,0.375
0.04043126684636118,0.375
0.04048582995951417,0.375
0.04054054054054054,0.375
0.04059539918809202,0.375
0.04065040650406504,0.375
0.0407055630936228,0.375
0.04076086956521739,0.375
0.04081632653061224,0.375
0.039509536784741145,0.3625
0.03956343792633015,0.3625
0.03961748633879782,0.3625
0.038303693570451436,0.35
0.038356164383561646,0.35
0.038408779149519894,0.35
0.038461538461538464,0.35
0.03851444291609354,0.35
0.03856749311294766,0.35
0.038620689655172416,0.35
0.03867403314917127,0.35
0.03872752420470263,0.35
0.038781163434903045,0.35
0.038834951456310676,0.35
0.03888888888888889,0.35
0.03894297635605007,0.35
0.03899721448467967,0.35
0.03905160390516039,0.35
0.03910614525139665,0.35
0.039160839160839164,0.35
0.0392156862745098,0.35
0.03927068723702665,0.35
0.03932584269662921,0.35
0.03938115330520394,0.35
0.03943661971830986,0.35
0.039492242595204514,0.35
0.03954802259887006,0.35
0.039603960396039604,0.35
0.039660056657223795,0.35
0.03971631205673759,0.35
0.03977272727272727,0.35
0.03982930298719772,0.35
0.039886039886039885,0.35
0.039942938659058486,0.35
0.04,0.35
0.04005722460658083,0.35
0.04011461318051576,0.35
0.040172166427546625,0.35
0.040229885057471264,0.35
0.03884892086330935,0.3375
0.03890489913544669,0.3375
0.03896103896103896,0.3375
0.03757225433526012,0.325
0.03762662807525326,0.325
0.03768115942028986,0.325
0.03773584905660377,0.325
0.0377906976744186,0.325
0.03784570596797671,0.325
0.037900874635568516,0.325
0.03795620437956204,0.325
0.038011695906432746,0.325
0.03806734992679356,0.325
0.03812316715542522,0.325
0.0381791483113069,0.325
0.03823529411764706,0.325
0.03829160530191458,0.325
0.038348082595870206,0.325
0.03840472673559823,0.325
0.038461538461538464,0.325
0.03851851851851852,0.325
0.03857566765578635,0.325
0.03863298662704309,0.325
0.03869047619047619,0.325
0.038748137108792845,0.325
0.03880597014925373,0.325
0.03886397608370702,0.325
0.038922155688622756,0.325
0.038980509745127435,0.325
0.03903903903903904,0.325
0.039097744360902256,0.325
0.0391566265060241,0.325
0.0392156862745098,0.325
0.03927492447129909,0.325
0.039334341906202726,0.325
0.03939393939393939,0.325
0.03945371775417299,0.325
0.03951367781155015,0.325
0.0395738203957382,0.325
0.039634146341463415,0.325
0.03969465648854962,0.325
0.039755351681957186,0.325
0.039816232771822356,0.325
0.03987730061349693,0.325
0.039938556067588324,0.325
0.04,0.325
0.040061633281972264,0.325
0.040123456790123455,0.325
0.0401854714064915,0.325
0.04024767801857585,0.325
0.040310077519379844,0.325
0.040372670807453416,0.325
0.04043545878693624,0.325
0.040498442367601244,0.325
0.0405616224648986,0.325
0.040625,0.325
0.0406885758998435,0.325
0.04075235109717868,0.325
0.04081632653061224,0.325
0.040880503144654086,0.325
0.04094488188976378,0.325
0.04100946372239748,0.325
0.04107424960505529,0.325
0.04113924050632911,0.325
0.04120443740095087,0.325
0.04126984126984127,0.325
0.04133545310015898,0.325
0.041401273885350316,0.325
0.04146730462519936,0.325
0.04153354632587859,0.325
0.0416,0.325
0.041666666666666664,0.325
0.04173354735152488,0.325
0.04180064308681672,0.325
0.04186795491143317,0.325
0.041935483870967745,0.325
0.0420032310177706,0.325
0.042071197411003236,0.325
0.04213938411669368,0.325
0.04220779220779221,0.325
0.04227642276422764,0.325
0.04234527687296417,0.325
0.04241435562805873,0.325
0.042483660130718956,0.325
0.0425531914893617,0.325
0.04262295081967213,0.325
0.042692939244663386,0.325
0.04276315789473684,0.325
0.04118616144975288,0.3125
0.041254125412541254,0.3125
0.04132231404958678,0.3125
0.041390728476821195,0.3125
0.04145936981757877,0.3125
0.04152823920265781,0.3125
0.04159733777038269,0.3125
0.041666666666666664,0.3125
0.041736227045075125,0.3125
0.04180602006688963,0.3125
0.04187604690117253,0.3125
0.04194630872483222,0.3125
0.04201680672268908,0.3125
0.04208754208754209,0.3125
0.04215851602023609,0.3125
0.04222972972972973,0.3125
0.04230118443316413,0.3125
0.0423728813559322,0.3125
0.042444821731748725,0.3125
0.04251700680272109,0.3125
0.04258943781942078,0.3125
0.042662116040955635,0.3125
0.042735042735042736,0.3125
0.04280821917808219,0.3125
0.04288164665523156,0.3125
0.0429553264604811,0.3125
0.043029259896729774,0.3125
0.04310344827586207,0.3125
0.04317789291882556,0.3125
0.04325259515570934,0.3125
0.043327556325823226,0.3125
0.043402777777777776,0.3125
0.043478260869565216,0.3125
0.04355400696864112,0.3125
0.04363001745200698,0.3125
0.043706293706293704,0.3125
0.043782837127845885,0.3125
0.043859649122807015,0.3125
0.043936731107205626,0.3125
0.04401408450704225,0.3125
0.04409171075837742,0.3125
0.044169611307420496,0.3125
0.04424778761061947,0.3125
0.044326241134751775,0.3125
0.04262877442273535,0.3
0.042704626334519574,0.3
0.0427807486631016,0.3
0.04285714285714286,0.3
0.04293381037567084,0.3
0.043010752688172046,0.3
0.04308797127468582,0.3
0.04316546762589928,0.3
0.043243243243243246,0.3
0.04332129963898917,0.3
0.0433996383363472,0.3
0.043478260869565216,0.3
0.043557168784029036,0.3
0.04363636363636364,0.3
0.04371584699453552,0.3
0.043795620437956206,0.3
0.043875685557586835,0.3
0.04395604395604396,0.3
0.044036697247706424,0.3
0.04411764705882353,0.3
0.04419889502762431,0.3
0.04428044280442804,0.3
0.04436229205175601,0.3
0.044444444444444446,0.3
0.04452690166975881,0.3
0.04460966542750929,0.3
0.0446927374301676,0.3
0.04477611940298507,0.3
0.044859813084112146,0.3
0.0449438202247191,0.3
0.0450281425891182,0.3
0.045112781954887216,0.3
0.04331450094161959,0.2875
0.04339622641509434,0.2875
0.043478260869565216,0.2875
0.043560606060606064,0.2875
0.04364326375711575,0.2875
0.043726235741444866,0.2875
0.04380952380952381,0.2875
0.04389312977099236,0.2875
0.04397705544933078,0.2875
0.044061302681992334,0.2875
0.044145873320537425,0.2875
0.04423076923076923,0.2875
0.04431599229287091,0.2875
0.0444015444015444,0.2875
0.04448742746615087,0.2875
0.044573643410852716,0.2875
0.04466019417475728,0.2875
0.04474708171206226,0.2875
0.04483430799220273,0.2875
0.044921875,0.2875
0.04500978473581213,0.2875
0.045098039215686274,0.2875
0.04518664047151277,0.2875
0.045275590551181105,0.2875
0.045364891518737675,0.2875
0.045454545454545456,0.2875
0.04554455445544554,0.2875
0.04563492063492063,0.2875
0.04572564612326044,0.2875
0.045816733067729085,0.2875
0.04590818363273453,0.2875
0.046,0.2875
0.04609218436873747,0.2875
0.04618473895582329,0.2875
0.04627766599597585,0.2875
0.046370967741935484,0.2875
0.046464646464646465,0.2875
0.0465587044534413,0.2875
0.04665314401622718,0.2875
0.046747967479674794,0.2875
0.04684317718940937,0.2875
0.04693877551020408,0.2875
0.04703476482617587,0.2875
0.0471311475409836,0.2875
0.04722792607802875,0.2875
0.047325102880658436,0.2875
0.04742268041237113,0.2875
0.045454545454545456,0.275
0.045548654244306416,0.275
0.04564315352697095,0.275
0.04573804573804574,0.275
0.04583333333333333,0.275
0.04592901878914405,0.275
0.04602510460251046,0.275
0.04612159329140461,0.275
0.046218487394957986,0.275
0.04631578947368421,0.275
0.046413502109704644,0.275
0.046511627906976744,0.275
0.046610169491525424,0.275
0.04670912951167728,0.275
0.04680851063829787,0.275
0.046908315565031986,0.275
0.04700854700854701,0.275
0.047109207708779445,0.275
0.04721030042918455,0.275
0.047311827956989246,0.275
0.04741379310344827,0.275
0.047516198704103674,0.275
0.047619047619047616,0.275
0.04772234273318872,0.275
0.04782608695652174,0.275
0.04793028322440087,0.275
0.048034934497816595,0.275
0.04814004376367615,0.275
0.04824561403508772,0.275
0.04835164835164835,0.275
0.048458149779735685,0.275
0.04856512141280353,0.275
0.048672566371681415,0.275
0.04878048780487805,0.275
0.04888888888888889,0.275
0.04899777282850779,0.275
0.049107142857142856,0.275
0.04697986577181208,0.2625
0.04708520179372197,0.2625
0.04719101123595506,0.2625
0.0472972972972973,0.2625
0.04740406320541761,0.2625
0.04751131221719457,0.2625
0.047619047619047616,0.2625
0.04772727272727273,0.2625
0.04783599088838269,0.2625
0.04794520547945205,0.2625
0.04805491990846682,0.2625
0.0481651376146789,0.2625
0.04827586206896552,0.2625
0.04608294930875576,0.25
0.046189376443418015,0.25
0.046296296296296294,0.25
0.04640371229698376,0.25
0.046511627906976744,0.25
0.046620046620046623,0.25
0.04672897196261682,0.25
0.0468384074941452,0.25
0.046948356807511735,0.25
0.04470588235294118,0.2375
0.04481132075471698,0.2375
0.04491725768321513,0.2375
0.045023696682464455,0.2375
0.04513064133016627,0.2375
0.04523809523809524,0.2375
0.045346062052505964,0.2375
0.045454545454545456,0.2375
0.045563549160671464,0.2375
0.04567307692307692,0.2375
0.04578313253012048,0.2375
0.04589371980676329,0.2375
0.04600484261501211,0.2375
0.04611650485436893,0.2375
0.046228710462287104,0.2375
0.046341463414634146,0.2375
0.04645476772616137,0.2375
0.04656862745098039,0.2375
0.04668304668304668,0.2375
0.046798029556650245,0.2375
0.04691358024691358,0.2375
0.04702970297029703,0.2375
0.04714640198511166,0.2375
0.0472636815920398,0.2375
0.04738154613466334,0.2375
0.0475,0.2375
0.047619047619047616,0.2375
0.04773869346733668,0.2375
0.04785894206549118,0.2375
0.047979797979797977,0.2375
0.04556962025316456,0.225
0.04568527918781726,0.225
0.04580152671755725,0.225
0.04591836734693878,0.225
0.04603580562659847,0.225
0.046153846153846156,0.225
0.04627249357326478,0.225
0.04639175257731959,0.225
0.046511627906976744,0.225
0.046632124352331605,0.225
0.046753246753246755,0.225
0.046875,0.225
0.044386422976501305,0.2125
0.04450261780104712,0.2125
0.04461942257217848,0.2125
0.04473684210526316,0.2125
0.044854881266490766,0.2125
0.04497354497354497,0.2125
0.04509283819628647,0.2125
0.04521276595744681,0.2125
0.04533333333333334,0.2125
0.045454545454545456,0.2125
0.045576407506702415,0.2125
0.0456989247311828,0.2125
0.04582210242587601,0.2125
0.04594594594594595,0.2125
0.04607046070460705,0.2125
0.04619565217391304,0.2125
0.04632152588555858,0.2125
0.04644808743169399,0.2125
0.04657534246575343,0.2125
0.04395604395604396,0.2
0.04132231404958678,0.1875
0.04143646408839779,0.1875
0.038781163434903045,0.175
0.03888888888888889,0.175
0.03899721448467967,0.175
0.03910614525139665,0.175
0.0392156862745098,0.175
0.03932584269662921,0.175
0.03943661971830986,0.175
0.03954802259887006,0.175
0.039660056657223795,0.175
0.03977272727272727,0.175
0.039886039886039885,0.175
0.04,0.175
0.04011461318051576,0.175
0.040229885057471264,0.175
0.040345821325648415,0.175
0.04046242774566474,0.175
0.04057971014492753,0.175
0.040697674418604654,0.175
0.04081632653061224,0.175
0.04093567251461988,0.175
0.04105571847507331,0.175
0.041176470588235294,0.175
0.04129793510324484,0.175
0.04142011834319527,0.175
0.03857566765578635,0.1625
0.03869047619047619,0.1625
0.03880597014925373,0.1625
0.038922155688622756,0.1625
0.03903903903903904,0.1625
0.0391566265060241,0.1625
0.03927492447129909,0.1625
0.03939393939393939,0.1625
0.03951367781155015,0.1625
0.039634146341463415,0.1625
0.039755351681957186,0.1625
0.03987730061349693,0.1625
0.04,0.1625
0.037037037037037035,0.15
0.03715170278637771,0.15
0.034161490683229816,0.1375
0.03426791277258567,0.1375
0.034375,0.1375
0.034482758620689655,0.1375
0.03459119496855346,0.1375
0.03470031545741325,0.1375
0.03481012658227848,0.1375
0.03492063492063492,0.1375
0.03503184713375796,0.1375
0.03514376996805112,0.1375
0.035256410256410256,0.1375
0.03536977491961415,0.1375
0.035483870967741936,0.1375
0.03559870550161812,0.1375
0.03571428571428571,0.1375
0.035830618892508145,0.1375
0.03594771241830065,0.1375
0.036065573770491806,0.1375
0.03618421052631579,0.1375
0.036303630363036306,0.1375
0.03642384105960265,0.1375
0.036544850498338874,0.1375
0.03666666666666667,0.1375
0.03678929765886288,0.1375
0.03691275167785235,0.1375
0.037037037037037035,0.1375
0.037162162162162164,0.1375
0.03728813559322034,0.1375
0.03741496598639456,0.1375
0.03754266211604096,0.1375
0.03767123287671233,0.1375
0.037800687285223365,0.1375
0.03793103448275862,0.1375
0.03806228373702422,0.1375
0.03819444444444445,0.1375
0.03832752613240418,0.1375
0.038461538461538464,0.1375
0.03508771929824561,0.125
0.035211267605633804,0.125
0.0353356890459364,0.125
0.03546099290780142,0.125
0.03558718861209965,0.125
0.03571428571428571,0.125
0.035842293906810034,0.125
0.03597122302158273,0.125
0.036101083032490974,0.125
0.036231884057971016,0.125
0.03636363636363636,0.125
0.0364963503649635,0.125
0.03663003663003663,0.125
0.03676470588235294,0.125
0.03690036900369004,0.125
0.037037037037037035,0.125
0.03717472118959108,0.125
0.03731343283582089,0.125
0.03745318352059925,0.125
0.03759398496240601,0.125
0.03773584905660377,0.125
0.03787878787878788,0.125
0.03802281368821293,0.125
0.03816793893129771,0.125
0.038314176245210725,0.125
0.038461538461538464,0.125
0.03861003861003861,0.125
0.03875968992248062,0.125
0.038910505836575876,0.125
0.0390625,0.125
0.0392156862745098,0.125
0.03937007874015748,0.125
0.039525691699604744,0.125
0.03968253968253968,0.125
0.0398406374501992,0.125
0.04,0.125
0.040160642570281124,0.125
0.04032258064516129,0.125
0.04048582995951417,0.125
0.04065040650406504,0.125
0.04081632653061224,0.125
0.040983606557377046,0.125
0.0411522633744856,0.125
0.04132231404958678,0.125
0.04149377593360996,0.125
0.041666666666666664,0.125
0.04184100418410042,0.125
0.04201680672268908,0.125
0.04219409282700422,0.125
0.0423728813559322,0.125
0.0425531914893617,0.125
0.042735042735042736,0.125
0.04291845493562232,0.125
0.04310344827586207,0.125
0.04329004329004329,0.125
0.043478260869565216,0.125
0.043668122270742356,0.125
0.043859649122807015,0.125
0.04405286343612335,0.125
0.04424778761061947,0.125
0.044444444444444446,0.125
0.044642857142857144,0.125
0.04484304932735426,0.125
0.04504504504504504,0.125
0.04524886877828054,0.125
0.045454545454545456,0.125
0.045662100456621,0.125
0.045871559633027525,0.125
0.04608294930875576,0.125
0.046296296296296294,0.125
0.046511627906976744,0.125
0.04672897196261682,0.125
0.04225352112676056,0.1125
0.04245283018867924,0.1125
0.04265402843601896,0.1125
0.04285714285714286,0.1125
0.0430622009569378,0.1125
0.04326923076923077,0.1125
0.043478260869565216,0.1125
0.043689320388349516,0.1125
0.04390243902439024,0.1125
0.04411764705882353,0.1125
0.04433497536945813,0.1125
0.04455445544554455,0.1125
0.04477611940298507,0.1125
0.045,0.1125
0.04522613065326633,0.1125
0.045454545454545456,0.1125
0.04568527918781726,0.1125
0.04591836734693878,0.1125
0.046153846153846156,0.1125
0.04639175257731959,0.1125
0.046632124352331605,0.1125
0.046875,0.1125
0.04712041884816754,0.1125
0.04736842105263158,0.1125
0.047619047619047616,0.1125
0.0425531914893617,0.1
0.0427807486631016,0.1
0.043010752688172046,0.1
0.03783783783783784,0.0875
0.03260869565217391,0.075
0.03278688524590164,0.075
0.03296703296703297,0.075
0.03314917127071823,0.075
0.03333333333333333,0.075
0.0335195530726257,0.075
0.033707865168539325,0.075
0.02824858757062147,0.0625
0.028409090909090908,0.0625
0.02857142857142857,0.0625
0.028735632183908046,0.0625
0.028901734104046242,0.0625
0.029069767441860465,0.0625
0.029239766081871343,0.0625
0.029411764705882353,0.0625
0.029585798816568046,0.0625
0.02976190476190476,0.0625
0.029940119760479042,0.0625
0.030120481927710843,0.0625
0.030303030303030304,0.0625
0.03048780487804878,0.0625
0.03067484662576687,0.0625
0.030864197530864196,0.0625
0.031055900621118012,0.0625
0.03125,0.0625
0.031446540880503145,0.0625
0.03164556962025317,0.0625
0.03184713375796178,0.0625
0.03205128205128205,0.0625
0.03225806451612903,0.0625
0.032467532467532464,0.0625
0.032679738562091505,0.0625
0.03289473684210526,0.0625
0.033112582781456956,0.0625
0.03333333333333333,0.0625
0.03355704697986577,0.0625
0.033783783783783786,0.0625
0.034013605442176874,0.0625
0.03424657534246575,0.0625
0.034482758620689655,0.0625
0.034722222222222224,0.0625
0.03496503496503497,0.0625
0.035211267605633804,0.0625
0.03546099290780142,0.0625
0.03571428571428571,0.0625
0.03597122302158273,0.0625
0.036231884057971016,0.0625
0.0364963503649635,0.0625
0.03676470588235294,0.0625
0.037037037037037035,0.0625
0.03731343283582089,0.0625
0.03759398496240601,0.0625
0.03787878787878788,0.0625
0.03816793893129771,0.0625
0.038461538461538464,0.0625
0.03875968992248062,0.0625
0.0390625,0.0625
0.03937007874015748,0.0625
0.03968253968253968,0.0625
0.04,0.0625
0.03225806451612903,0.05
0.032520325203252036,0.05
0.03278688524590164,0.05
0.03305785123966942,0.05
0.03333333333333333,0.05
0.03361344537815126,0.05
0.03389830508474576,0.05
0.03418803418803419,0.05
0.034482758620689655,0.05
0.034782608695652174,0.05
0.03508771929824561,0.05
0.035398230088495575,0.05
0.03571428571428571,0.05
0.036036036036036036,0.05
0.03636363636363636,0.05
0.03669724770642202,0.05
0.037037037037037035,0.05
0.037383177570093455,0.05
0.03773584905660377,0.05
0.0380952380952381,0.05
0.038461538461538464,0.05
0.038834951456310676,0.05
0.0392156862745098,0.05
0.039603960396039604,0.05
0.04,0.05
0.04040404040404041,0.05
0.04081632653061224,0.05
0.041237113402061855,0.05
0.041666666666666664,0.05
0.042105263157894736,0.05
0.0425531914893617,0.05
0.043010752688172046,0.05
0.043478260869565216,0.05
0.04395604395604396,0.05
0.044444444444444446,0.05
0.0449438202247191,0.05
0.045454545454545456,0.05
0.04597701149425287,0.05
0.046511627906976744,0.05
0.047058823529411764,0.05
0.047619047619047616,0.05
0.03614457831325301,0.0375
0.036585365853658534,0.0375
0.037037037037037035,0.0375
0.0375,0.0375
0.0379746835443038,0.0375
0.038461538461538464,0.0375
0.03896103896103896,0.0375
0.039473684210526314,0.0375
0.04,0.0375
0.04054054054054054,0.0375
0.0410958904109589,0.0375
0.041666666666666664,0.0375
0.04225352112676056,0.0375
0.04285714285714286,0.0375
0.043478260869565216,0.0375
0.04411764705882353,0.0375
0.04477611940298507,0.0375
0.045454545454545456,0.0375
0.046153846153846156,0.0375
0.046875,0.0375
0.031746031746031744,0.025
0.03225806451612903,0.025
0.03278688524590164,0.025
0.03333333333333333,0.025
0.03389830508474576,0.025
0.034482758620689655,0.025
0.03508771929824561,0.025
0.03571428571428571,0.025
0.03636363636363636,0.025
0.037037037037037035,0.025
0.03773584905660377,0.025
0.038461538461538464,0.025
0.0392156862745098,0.025
0.04,0.025
0.04081632653061224,0.025
0.041666666666666664,0.025
0.0425531914893617,0.025
0.043478260869565216,0.025
0.044444444444444446,0.025
0.045454545454545456,0.025
0.046511627906976744,0.025
0.047619047619047616,0.025
0.04878048780487805,0.025
0.05,0.025
0.05128205128205128,0.025
0.05263157894736842,0.025
0.05405405405405406,0.025
0.05555555555555555,0.025
0.05714285714285714,0.025
0.058823529411764705,0.025
0.06060606060606061,0.025
0.0625,0.025
0.06451612903225806,0.025
0.06666666666666667,0.025
0.06896551724137931,0.025
0.07142857142857142,0.025
0.07407407407407407,0.025
0.07692307692307693,0.025
0.08,0.025
0.08333333333333333,0.025
0.08695652173913043,0.025
0.09090909090909091,0.025
0.09523809523809523,0.025
0.1,0.025
1.0,0.0
