Precision,Recall
0.03566651805617477,1.0
0.035811423390752495,0.9875
0.036172161172161175,0.9875
0.036523347202958856,0.9875
0.03681267474370923,0.9875
0.036671368124118475,0.975
0.03712517848643503,0.975
0.03744599135861738,0.975
0.03768115942028986,0.975
0.03795620437956204,0.975
0.038366945400885394,0.975
0.03876739562624255,0.975
0.03867403314917127,0.9625
0.0389873417721519,0.9625
0.039285714285714285,0.9625
0.03964984552008239,0.9625
0.040062434963579606,0.9625
0.04044117647058824,0.9625
0.040719196192490745,0.9625
0.04046858359957402,0.95
0.04068522483940043,0.95
0.04043126684636118,0.9375
0.04071661237785016,0.9375
0.04084967320261438,0.9375
0.041050903119868636,0.9375
0.04123144584936778,0.9375
0.04159733777038269,0.9375
0.041993281075028,0.9375
0.042134831460674156,0.9375
0.04232505643340858,0.9375
0.042662116040955635,0.9375
0.04288164665523156,0.9375
0.04305396096440873,0.9375
0.04335260115606936,0.9375
0.0429732868757259,0.925
0.04314868804664723,0.925
0.043478260869565216,0.925
0.043683589138134596,0.925
0.04399524375743163,0.925
0.044337926902336726,0.925
0.04447115384615385,0.925
0.04487568223165555,0.925
0.04523227383863081,0.925
0.04548248309772587,0.925
0.045763760049474335,0.925
0.0460772104607721,0.925
0.04625,0.925
0.04642409033877039,0.925
0.046865104496516784,0.925
0.046408137317228225,0.9125
0.04658583280153159,0.9125
0.04685494223363286,0.9125
0.047157622739018086,0.9125
0.047526041666666664,0.9125
0.04736842105263158,0.9
0.04765056254136334,0.9
0.04809619238476954,0.9
0.048484848484848485,0.9
0.04878048780487805,0.9
0.04918032786885246,0.9
0.04951856946354883,0.9
0.0497581202487906,0.9
0.049237170596393896,0.8875
0.04958100558659218,0.8875
0.049894588896697116,0.8875
0.05028328611898017,0.8875
0.05,0.875
0.050143266475644696,0.875
0.05043227665706052,0.875
0.050835148874364564,0.875
0.051207022677395755,0.875
0.051470588235294115,0.875
0.05200594353640416,0.875
0.05223880597014925,0.875
0.05247376311844078,0.875
0.0526711813393529,0.875
0.05303030303030303,0.875
0.053516819571865444,0.875
0.053405572755417956,0.8625
0.053654743390357695,0.8625
0.05416012558869702,0.8625
0.05458860759493671,0.8625
0.05502392344497608,0.8625
0.05542168674698795,0.8625
0.05596107055961071,0.8625
0.05646481178396072,0.8625
0.05688375927452597,0.8625
0.05740432612312812,0.8625
0.05690376569037657,0.85
0.056587837837837836,0.8375
0.05706984667802385,0.8375
0.057461406518010294,0.8375
0.05775862068965517,0.8375
0.058260869565217394,0.8375
0.05856643356643357,0.8375
0.05918727915194346,0.8375
0.059555555555555556,0.8375
0.059245960502693,0.825
0.05972850678733032,0.825
0.06,0.825
0.05952380952380952,0.8125
0.05974264705882353,0.8125
0.060240963855421686,0.8125
0.06069094304388422,0.8125
0.06120527306967985,0.8125
0.061611374407582936,0.8125
0.06208213944603629,0.8125
0.06165703275529865,0.8
0.06207565470417071,0.8
0.062317429406037,0.8
0.06286836935166994,0.8
0.06324110671936758,0.8
0.06380857427716849,0.8
0.06432160804020101,0.8
0.06490872210953347,0.8
0.065439672801636,0.8
0.06632124352331606,0.8
0.06715634837355719,0.8
0.06786850477200425,0.8
0.06830309498399147,0.8
0.06911447084233262,0.8
0.06956521739130435,0.8
0.06930693069306931,0.7875
0.0684326710816777,0.775
0.06888888888888889,0.775
0.06935123042505593,0.775
0.06997742663656885,0.775
0.07085714285714285,0.775
0.07052023121387284,0.7625
0.07093023255813953,0.7625
0.07126168224299065,0.7625
0.07075471698113207,0.75
0.07125890736342043,0.75
0.07194244604316546,0.75
0.07255139056831923,0.75
0.07107843137254902,0.725
0.07151664611590629,0.725
0.07231920199501247,0.725
0.07407407407407407,0.725
0.07435897435897436,0.725
0.07503234152652005,0.725
0.07431551499348109,0.7125
0.07470511140235911,0.7125
0.0758988015978695,0.7125
0.07547169811320754,0.7
0.07650273224043716,0.7
0.07468879668049792,0.675
0.075,0.675
0.0759493670886076,0.675
0.075177304964539,0.6625
0.07604017216642754,0.6625
0.07547169811320754,0.65
0.0746705710102489,0.6375
0.075,0.6375
0.07600596125186289,0.6375
0.07541478129713423,0.625
0.07564296520423601,0.625
0.07598784194528875,0.625
0.07656967840735068,0.625
0.07727975270479134,0.625
0.0778816199376947,0.625
0.07836990595611286,0.625
0.07898894154818326,0.625
0.07923930269413629,0.625
0.07802547770700637,0.6125
0.0784,0.6125
0.07890499194847021,0.6125
0.07928802588996764,0.6125
0.07967479674796749,0.6125
0.08019639934533551,0.6125
0.07907742998352553,0.6
0.07833333333333334,0.5875
0.07859531772575251,0.5875
0.07899159663865546,0.5875
0.07952622673434856,0.5875
0.08047945205479452,0.5875
0.07652173913043478,0.55
0.07678883071553229,0.55
0.07760141093474426,0.55
0.07801418439716312,0.55
0.07733812949640288,0.5375
0.07775768535262206,0.5375
0.07875457875457875,0.5375
0.07962962962962963,0.5375
0.07992565055762081,0.5375
0.08037383177570094,0.5375
0.08,0.525
0.08108108108108109,0.525
0.08171206225680934,0.525
0.08070866141732283,0.5125
0.08151093439363817,0.5125
0.08167330677290836,0.5125
0.08266129032258064,0.5125
0.08196721311475409,0.5
0.08281573498964803,0.5
0.08368200836820083,0.5
0.08385744234800839,0.5
0.08297872340425531,0.4875
0.0835117773019272,0.4875
0.08225108225108226,0.475
0.08296943231441048,0.475
0.08388520971302428,0.475
0.08501118568232663,0.475
0.08333333333333333,0.4625
0.08447488584474885,0.4625
0.08525345622119816,0.4625
0.08372093023255814,0.45
0.08254716981132075,0.4375
0.08353221957040573,0.4375
0.08454106280193237,0.4375
0.08557457212713937,0.4375
0.08415841584158416,0.425
0.0825,0.4125
0.08418367346938775,0.4125
0.08483290488431877,0.4125
0.08333333333333333,0.4
0.0835509138381201,0.4
0.08421052631578947,0.4
0.08488063660477453,0.4
0.0851063829787234,0.4
0.08579088471849866,0.4
0.08152173913043478,0.375
0.07988980716253444,0.3625
0.08100558659217877,0.3625
0.07932011331444759,0.35
0.08,0.35
0.08069164265129683,0.35
0.08211143695014662,0.35
0.08011869436201781,0.3375
0.08035714285714286,0.3375
0.08059701492537313,0.3375
0.08181818181818182,0.3375
0.08307692307692308,0.3375
0.08333333333333333,0.3375
0.08411214953271028,0.3375
0.08517350157728706,0.3375
0.08387096774193549,0.325
0.08469055374592833,0.325
0.08496732026143791,0.325
0.08552631578947369,0.325
0.08637873754152824,0.325
0.08361204013377926,0.3125
0.08389261744966443,0.3125
0.08620689655172414,0.3125
0.08710801393728224,0.3125
0.08928571428571429,0.3125
0.09057971014492754,0.3125
0.09191176470588236,0.3125
0.09398496240601503,0.3125
0.0946969696969697,0.3125
0.09541984732824428,0.3125
0.09689922480620156,0.3125
0.09881422924901186,0.3125
0.10121457489878542,0.3125
0.102880658436214,0.3125
0.10416666666666667,0.3125
0.1059322033898305,0.3125
0.1072961373390558,0.3125
0.10822510822510822,0.3125
0.10526315789473684,0.3
0.10666666666666667,0.3
0.10762331838565023,0.3
0.10909090909090909,0.3
0.11009174311926606,0.3
0.11214953271028037,0.3
0.11320754716981132,0.3
0.11428571428571428,0.3
0.11594202898550725,0.3
0.1188118811881188,0.3
0.12,0.3
0.12060301507537688,0.3
0.12244897959183673,0.3
0.12371134020618557,0.3
0.1256544502617801,0.3
0.12234042553191489,0.2875
0.12299465240641712,0.2875
0.125,0.2875
0.12568306010928962,0.2875
0.12637362637362637,0.2875
0.12777777777777777,0.2875
0.12994350282485875,0.2875
0.13068181818181818,0.2875
0.13142857142857142,0.2875
0.13218390804597702,0.2875
0.13609467455621302,0.2875
0.13043478260869565,0.2625
0.1320754716981132,0.2625
0.13815789473684212,0.2625
0.1342281879194631,0.25
0.13513513513513514,0.25
0.1388888888888889,0.25
0.13380281690140844,0.2375
0.13043478260869565,0.225
0.1323529411764706,0.225
0.13740458015267176,0.225
0.140625,0.225
0.14516129032258066,0.225
0.14166666666666666,0.2125
0.14285714285714285,0.2125
0.1391304347826087,0.2
0.14035087719298245,0.2
0.13274336283185842,0.1875
0.13513513513513514,0.1875
0.12844036697247707,0.175
0.12962962962962962,0.175
0.13333333333333333,0.175
0.13861386138613863,0.175
0.14285714285714285,0.175
0.14432989690721648,0.175
0.14583333333333334,0.175
0.14736842105263157,0.175
0.15217391304347827,0.175
0.15730337078651685,0.175
0.16091954022988506,0.175
0.1686746987951807,0.175
0.17073170731707318,0.175
0.16049382716049382,0.1625
0.13924050632911392,0.1375
0.14102564102564102,0.1375
0.13513513513513514,0.125
0.1267605633802817,0.1125
0.13043478260869565,0.1125
0.13432835820895522,0.1125
0.13846153846153847,0.1125
0.12698412698412698,0.1
0.11666666666666667,0.0875
0.10344827586206896,0.075
0.10909090909090909,0.075
0.1111111111111111,0.075
0.11538461538461539,0.075
0.11764705882352941,0.075
0.12,0.075
0.125,0.075
0.13043478260869565,0.075
0.13953488372093023,0.075
0.12195121951219512,0.0625
0.1282051282051282,0.0625
0.13513513513513514,0.0625
0.14705882352941177,0.0625
0.15151515151515152,0.0625
0.16129032258064516,0.0625
0.1724137931034483,0.0625
0.16666666666666666,0.05
0.14285714285714285,0.0375
0.15,0.0375
0.15789473684210525,0.0375
0.17647058823529413,0.0375
0.1875,0.0375
0.16666666666666666,0.025
0.18181818181818182,0.025
0.1,0.0125
0.2,0.0125
0.25,0.0125
0.5,0.0125
1.0,0.0125
1.0,0.0
