Precision,Recall
0.032586558044806514,1.0
0.03219233903830481,0.9875
0.03220546269873624,0.9875
0.03221859706362153,0.9875
0.03223174214606283,0.9875
0.03224489795918367,0.9875
0.03225806451612903,0.9875
0.03227124183006536,0.9875
0.03228442991418063,0.9875
0.032297628781684386,0.9875
0.032310838445807774,0.9875
0.032324058919803604,0.9875
0.032337290216946375,0.9875
0.03235053235053235,0.9875
0.032363785333879555,0.9875
0.03237704918032787,0.9875
0.03239032390323903,0.9875
0.03240360951599672,0.9875
0.032416906032006566,0.9875
0.032430213464696225,0.9875
0.0324435318275154,0.9875
0.03245686113393591,0.9875
0.03247020139745171,0.9875
0.03248355263157895,0.9875
0.03249691484985603,0.9875
0.03251028806584362,0.9875
0.03252367229312474,0.9875
0.032537067545304776,0.9875
0.032550473836011534,0.9875
0.0325638911788953,0.9875
0.03257731958762886,0.9875
0.03259075907590759,0.9875
0.032604209657449444,0.9875
0.032617671345995046,0.9875
0.032631144155307726,0.9875
0.03264462809917355,0.9875
0.032658123191401406,0.9875
0.032671629445823,0.9875
0.032685146876292925,0.9875
0.03269867549668874,0.9875
0.032712215320910974,0.9875
0.03272576636288318,0.9875
0.03273932863655201,0.9875
0.03275290215588723,0.9875
0.032766486934881794,0.9875
0.03278008298755187,0.9875
0.0327936903279369,0.9875
0.03280730897009967,0.9875
0.0328209389281263,0.9875
0.03283458021612635,0.9875
0.03284823284823285,0.9875
0.03286189683860233,0.9875
0.0328755722014149,0.9875
0.03288925895087427,0.9875
0.03290295710120783,0.9875
0.032916666666666664,0.9875
0.03293038766152564,0.9875
0.0329441201000834,0.9875
0.03295786399666249,0.9875
0.03297161936560935,0.9875
0.03298538622129436,0.9875
0.032999164578111945,0.9875
0.03301295445048057,0.9875
0.03302675585284281,0.9875
0.03304056879966541,0.9875
0.03305439330543933,0.9875
0.033068229384679786,0.9875
0.0330820770519263,0.9875
0.03309593632174277,0.9875
0.03310980720871752,0.9875
0.03312368972746331,0.9875
0.03313758389261745,0.9875
0.0331514897188418,0.9875
0.03316540722082284,0.9875
0.03317933641327173,0.9875
0.03319327731092437,0.9875
0.0332072299285414,0.9875
0.03322119428090833,0.9875
0.03323517038283551,0.9875
0.03324915824915825,0.9875
0.03326315789473684,0.9875
0.03327716933445661,0.9875
0.033291192583227984,0.9875
0.03330522765598651,0.9875
0.03331927456769296,0.9875
0.03333333333333333,0.9875
0.03334740396791895,0.9875
0.033361486486486486,0.9875
0.033375580904098014,0.9875
0.033389687235841084,0.9875
0.03340380549682875,0.9875
0.03341793570219966,0.9875
0.03343207786711807,0.9875
0.03344623200677392,0.9875
0.033460398136382886,0.9875
0.03347457627118644,0.9875
0.033488766426451884,0.9875
0.033502968617472435,0.9875
0.03351718285956724,0.9875
0.03353140916808149,0.9875
0.03354564755838641,0.9875
0.033559898045879354,0.9875
0.03357416064598385,0.9875
0.03358843537414966,0.9875
0.033602722245852826,0.9875
0.03361702127659574,0.9875
0.033631332481907195,0.9875
0.03364565587734242,0.9875
0.03365999147848317,0.9875
0.033674339300937765,0.9875
0.03368869936034115,0.9875
0.03370307167235495,0.9875
0.03371745625266752,0.9875
0.033731853116994025,0.9875
0.03374626228107646,0.9875
0.03376068376068376,0.9875
0.0337751175716118,0.9875
0.03378956372968349,0.9875
0.03380402225074882,0.9875
0.033818493150684935,0.9875
0.033832976445396144,0.9875
0.03384747215081405,0.9875
0.03386198028289756,0.9875
0.033876500857632934,0.9875
0.03389103389103389,0.9875
0.03390557939914163,0.9875
0.0339201373980249,0.9875
0.033934707903780066,0.9875
0.033949290932531156,0.9875
0.033963886500429925,0.9875
0.03397849462365592,0.9875
0.03399311531841653,0.9875
0.03400774860094705,0.9875
0.034022394487510765,0.9875
0.034037052994398964,0.9875
0.03405172413793103,0.9875
0.03406640793445451,0.9875
0.034081104400345126,0.9875
0.03409581355200691,0.9875
0.034110535405872194,0.9875
0.03412526997840173,0.9875
0.0341400172860847,0.9875
0.03415477734543882,0.9875
0.034169550173010384,0.9875
0.0341843357853743,0.9875
0.0341991341991342,0.9875
0.034213945430922474,0.9875
0.03422876949740035,0.9875
0.03424360641525791,0.9875
0.034258456201214225,0.9875
0.03427331887201735,0.9875
0.03428819444444445,0.9875
0.03430308293530178,0.9875
0.03431798436142485,0.9875
0.0343328987396784,0.9875
0.03434782608695652,0.9875
0.03436276642018269,0.9875
0.034377719756309835,0.9875
0.034392686112320416,0.9875
0.03440766550522648,0.9875
0.03442265795206972,0.9875
0.03443766346992153,0.9875
0.034452682075883125,0.9875
0.03446771378708551,0.9875
0.034482758620689655,0.9875
0.03449781659388646,0.9875
0.0345128877238969,0.9875
0.03409090909090909,0.975
0.034105815478793176,0.975
0.03412073490813648,0.975
0.03413566739606127,0.975
0.03415061295971979,0.975
0.03416557161629435,0.975
0.03418054338299737,0.975
0.03419552827707146,0.975
0.034210526315789476,0.975
0.03422553751645459,0.975
0.03424056189640035,0.975
0.034255599472990776,0.975
0.03427065026362039,0.975
0.03428571428571429,0.975
0.03430079155672823,0.975
0.0343158820941487,0.975
0.03433098591549296,0.975
0.034346103038309116,0.975
0.03436123348017621,0.975
0.03437637725870427,0.975
0.03439153439153439,0.975
0.03440670489633877,0.975
0.03442188879082083,0.975
0.03443708609271523,0.975
0.03445229681978799,0.975
0.0344675209898365,0.975
0.034482758620689655,0.975
0.03449800973020787,0.975
0.034513274336283185,0.975
0.034528552456839307,0.975
0.03454384410983171,0.975
0.034559149313247675,0.975
0.034574468085106384,0.975
0.03458980044345898,0.975
0.03460514640638864,0.975
0.03462050599201065,0.975
0.03463587921847247,0.975
0.0346512661039538,0.975
0.034666666666666665,0.975
0.03468208092485549,0.975
0.03469750889679715,0.975
0.03471295060080107,0.975
0.034728406055209264,0.975
0.03474387527839644,0.975
0.034759358288770054,0.975
0.034774855104770394,0.975
0.034344335414808205,0.9625
0.03435966086568496,0.9625
0.034375,0.9625
0.03439035283608754,0.9625
0.034405719392314564,0.9625
0.03442109968708091,0.9625
0.03443649373881932,0.9625
0.03445190156599553,0.9625
0.03446732318710832,0.9625
0.034482758620689655,0.9625
0.03449820788530466,0.9625
0.03451367099955177,0.9625
0.03452914798206278,0.9625
0.03454463885150292,0.9625
0.034560143626570915,0.9625
0.0345756623259991,0.9625
0.03459119496855346,0.9625
0.03460674157303371,0.9625
0.03462230215827338,0.9625
0.0346378767431399,0.9625
0.034653465346534656,0.9625
0.03466906798739307,0.9625
0.034684684684684684,0.9625
0.03470031545741325,0.9625
0.034715960324616775,0.9625
0.03473161930536761,0.9625
0.034747292418772564,0.9625
0.03476297968397291,0.9625
0.03477868112014453,0.9625
0.034794396746497966,0.9625
0.03481012658227848,0.9625
0.03482587064676617,0.9625
0.03484162895927602,0.9625
0.03485740153915799,0.9625
0.034873188405797104,0.9625
0.0348889895786135,0.9625
0.034904805077062555,0.9625
0.03492063492063492,0.9625
0.034936479128856626,0.9625
0.03495233772128915,0.9625
0.03496821071752952,0.9625
0.03498409813721036,0.9625
0.035,0.9625
0.035015916325602546,0.9625
0.03503184713375796,0.9625
0.03504779244424215,0.9625
0.03506375227686703,0.9625
0.03507972665148064,0.9625
0.03509571558796718,0.9625
0.03511171910624715,0.9625
0.03512773722627737,0.9625
0.03514376996805112,0.9625
0.03515981735159817,0.9625
0.035175879396984924,0.9625
0.035191956124314444,0.9625
0.035208047553726564,0.9625
0.035224153705397984,0.9625
0.035240274599542334,0.9625
0.035256410256410256,0.9625
0.03527256069628951,0.9625
0.03528872593950504,0.9625
0.03530490600641907,0.9625
0.035321100917431195,0.9625
0.03533731069297843,0.9625
0.03535353535353535,0.9625
0.03536977491961415,0.9625
0.035386029411764705,0.9625
0.035402298850574714,0.9625
0.03541858325666973,0.9625
0.0354348826507133,0.9625
0.035451197053407,0.9625
0.03546752648549056,0.9625
0.035483870967741936,0.9625
0.03550023052097741,0.9625
0.03551660516605166,0.9625
0.03553299492385787,0.9625
0.035549399815327794,0.9625
0.03556581986143187,0.9625
0.0355822550831793,0.9625
0.03559870550161812,0.9625
0.035615171137835334,0.9625
0.03563165201295696,0.9625
0.03564814814814815,0.9625
0.035664659564613246,0.9625
0.03568118628359592,0.9625
0.03569772832637923,0.9625
0.03571428571428571,0.9625
0.0357308584686775,0.9625
0.03574744661095636,0.9625
0.035764050162563864,0.9625
0.03578066914498141,0.9625
0.03579730357973036,0.9625
0.035813953488372095,0.9625
0.035830618892508145,0.9625
0.03584729981378026,0.9625
0.03586399627387052,0.9625
0.0358807082945014,0.9625
0.035897435897435895,0.9625
0.03591417910447761,0.9625
0.03593093793747083,0.9625
0.03594771241830065,0.9625
0.03596450256889304,0.9625
0.035981308411214954,0.9625
0.035998129967274424,0.9625
0.03601496725912067,0.9625
0.03603182030884417,0.9625
0.03604868913857678,0.9625
0.036065573770491806,0.9625
0.03608247422680412,0.9625
0.03609939052977028,0.9625
0.036116322701688554,0.9625
0.03613327076489911,0.9625
0.03615023474178404,0.9625
0.03616721465476749,0.9625
0.03618421052631579,0.9625
0.03620122237893747,0.9625
0.03621825023518344,0.9625
0.03623529411764706,0.9625
0.036252354048964215,0.9625
0.03626943005181347,0.9625
0.03628652214891612,0.9625
0.036303630363036306,0.9625
0.03632075471698113,0.9625
0.03633789523360075,0.9625
0.03635505193578848,0.9625
0.036372224846480866,0.9625
0.036389413988657845,0.9625
0.03640661938534279,0.9625
0.03642384105960265,0.9625
0.03644107903454804,0.9625
0.036458333333333336,0.9625
0.0364756039791568,0.9625
0.036492890995260666,0.9625
0.036510194404931244,0.9625
0.03652751423149905,0.9625
0.036544850498338874,0.9625
0.0365622032288699,0.9625
0.03657957244655582,0.9625
0.036596958174904944,0.9625
0.03661436043747028,0.9625
0.03663177925784967,0.9625
0.03664921465968586,0.9625
0.03666666666666667,0.9625
0.03668413530252501,0.9625
0.03670162059103908,0.9625
0.03671912255603243,0.9625
0.036736641221374045,0.9625
0.03675417661097852,0.9625
0.03677172874880611,0.9625
0.03678929765886288,0.9625
0.036806883365200764,0.9625
0.036824485891917745,0.9625
0.03684210526315789,0.9625
0.03685974150311154,0.9625
0.036877394636015325,0.9625
0.03689506468615237,0.9625
0.03691275167785235,0.9625
0.036930455635491605,0.9625
0.03694817658349328,0.9625
0.03696591454632741,0.9625
0.036983669548511046,0.9625
0.03700144161460836,0.9625
0.03701923076923077,0.9625
0.037037037037037035,0.9625
0.0370548604427334,0.9625
0.03707270101107366,0.9625
0.03709055876685934,0.9625
0.03710843373493976,0.9625
0.03712632594021215,0.9625
0.0371442354076218,0.9625
0.037162162162162164,0.9625
0.03718010622887494,0.9625
0.03719806763285024,0.9625
0.03721604639922668,0.9625
0.03723404255319149,0.9625
0.036768263183357526,0.95
0.036786060019361085,0.95
0.036803874092009685,0.95
0.03682170542635659,0.95
0.036839554047503636,0.95
0.03685741998060136,0.95
0.036875303250849104,0.95
0.036893203883495145,0.95
0.036911121903836816,0.95
0.0369290573372206,0.95
0.03694701020904229,0.95
0.03696498054474708,0.95
0.036982968369829686,0.95
0.03700097370983447,0.95
0.037018996590355575,0.95
0.037037037037037035,0.95
0.03705509507557289,0.95
0.037073170731707315,0.95
0.03709126403123475,0.95
0.037109375,0.95
0.03712750366389839,0.95
0.03714565004887586,0.95
0.037163814180929094,0.95
0.03718199608610567,0.95
0.03671071953010279,0.9375
0.03672869735553379,0.9375
0.03674669279764821,0.9375
0.03676470588235294,0.9375
0.03678273663560569,0.9375
0.03631010794896958,0.925
0.03632793323514973,0.925
0.036345776031434185,0.925
0.03636363636363636,0.925
0.03638151425762045,0.925
0.03639940973930152,0.925
0.03641732283464567,0.925
0.03643525356967011,0.925
0.03645320197044335,0.925
0.035978314440611135,0.9125
0.03599605522682446,0.9125
0.036013813517513565,0.9125
0.03603158933859822,0.9125
0.036049382716049384,0.9125
0.03606719367588933,0.9125
0.03608502224419179,0.9125
0.0361028684470821,0.9125
0.03612073231073726,0.9125
0.036138613861386136,0.9125
0.03615651312530956,0.9125
0.03617443012884044,0.9125
0.03619236489836391,0.9125
0.036210317460317464,0.9125
0.036228287841191066,0.9125
0.03624627606752731,0.9125
0.03626428216592151,0.9125
0.03628230616302187,0.9125
0.036300348085529587,0.9125
0.03631840796019901,0.9125
0.03633648581383773,0.9125
0.036354581673306775,0.9125
0.036372695565520675,0.9125
0.03589232303090728,0.9
0.035910224438902745,0.9
0.03592814371257485,0.9
0.03594608087868198,0.9
0.03596403596403597,0.9
0.035982008995502246,0.9
0.036,0.9
0.03601800900450225,0.9
0.036036036036036036,0.9
0.03605408112168253,0.9
0.036072144288577156,0.9
0.03609022556390978,0.9
0.03610832497492478,0.9
0.03612644254892122,0.9
0.03614457831325301,0.9
0.03616273229532898,0.9
0.036180904522613064,0.9
0.03569632981397687,0.8875
0.03571428571428571,0.8875
0.035732259687971814,0.8875
0.03575025176233636,0.8875
0.035768261964735516,0.8875
0.03578629032258065,0.8875
0.03580433686333838,0.8875
0.03582240161453078,0.8875
0.035840484603735484,0.8875
0.03585858585858586,0.8875
0.0358767054067711,0.8875
0.0358948432760364,0.8875
0.035912999494183105,0.8875
0.035931174089068825,0.8875
0.035949367088607596,0.8875
0.03596757852077001,0.8875
0.03598580841358338,0.8875
0.03600405679513185,0.8875
0.03602232369355657,0.8875
0.03604060913705584,0.8875
0.03605891315388522,0.8875
0.036077235772357726,0.8875
0.03609557702084393,0.8875
0.03611393692777213,0.8875
0.036132315521628496,0.8875
0.03615071283095723,0.8875
0.03616912888436067,0.8875
0.03618756371049949,0.8875
0.03620601733809281,0.8875
0.036224489795918365,0.8875
0.03624298111281266,0.8875
0.03626149131767109,0.8875
0.036280020439448134,0.8875
0.036298568507157465,0.8875
0.03580562659846547,0.875
0.03582395087001024,0.875
0.035842293906810034,0.875
0.035860655737704916,0.875
0.03587903639159405,0.875
0.035897435897435895,0.875
0.03591585428424833,0.875
0.03593429158110883,0.875
0.035952747817154594,0.875
0.03597122302158273,0.875
0.03598971722365039,0.875
0.0360082304526749,0.875
0.03602676273803397,0.875
0.03604531410916581,0.875
0.03606388459556929,0.875
0.03608247422680412,0.875
0.036101083032490974,0.875
0.03611971104231166,0.875
0.036138358286009295,0.875
0.03615702479338843,0.875
0.03617571059431524,0.875
0.03619441571871768,0.875
0.03621314019658562,0.875
0.036231884057971016,0.875
0.03625064733298809,0.875
0.03626943005181347,0.875
0.036288232244686365,0.875
0.03578838174273859,0.8625
0.03580695381421899,0.8625
0.03582554517133956,0.8625
0.035844155844155845,0.8625
0.035862785862785865,0.8625
0.0358814352574103,0.8625
0.03590010405827263,0.8625
0.03591879229567933,0.8625
0.035416666666666666,0.85
0.03543512245961438,0.85
0.035453597497393116,0.85
0.03547209181011998,0.85
0.03549060542797495,0.85
0.035509138381201046,0.85
0.035527690700104496,0.85
0.03554626241505489,0.85
0.03556485355648536,0.85
0.035583464154892726,0.85
0.0356020942408377,0.85
0.035620743844945,0.85
0.03563941299790356,0.85
0.0356581017304667,0.85
0.035676810073452254,0.85
0.03569553805774278,0.85
0.03571428571428571,0.85
0.03573305307409354,0.85
0.035751840168243953,0.85
0.035244608100999476,0.8375
0.035263157894736843,0.8375
0.03528172722485519,0.8375
0.03530031612223393,0.8375
0.035318924617817604,0.8375
0.03533755274261603,0.8375
0.03535620052770449,0.8375
0.03537486800422387,0.8375
0.035393555203380875,0.8375
0.0354122621564482,0.8375
0.035430988894764676,0.8375
0.035449735449735446,0.8375
0.035468501852832186,0.8375
0.03548728813559322,0.8375
0.03550609432962374,0.8375
0.03552492046659597,0.8375
0.035543766578249335,0.8375
0.03556263269639066,0.8375
0.03558151885289432,0.8375
0.035600425079702444,0.8375
0.03561935140882509,0.8375
0.03563829787234043,0.8375
0.03565726450239489,0.8375
0.03567625133120341,0.8375
0.03569525839104955,0.8375
0.03571428571428571,0.8375
0.03573333333333333,0.8375
0.03575240128068303,0.8375
0.03577148958889482,0.8375
0.03579059829059829,0.8375
0.03580972741849278,0.8375
0.03582887700534759,0.8375
0.03584804708400214,0.8375
0.03586723768736617,0.8375
0.035886448848419926,0.8375
0.03590568060021436,0.8375
0.035924932975871314,0.8375
0.03594420600858369,0.8375
0.035963499731615674,0.8375
0.0359828141783029,0.8375
0.03600214938205266,0.8375
0.03602150537634408,0.8375
0.03604088219472835,0.8375
0.03606027987082885,0.8375
0.03607969843834141,0.8375
0.03609913793103448,0.8375
0.03611859838274933,0.8375
0.036138079827400214,0.8375
0.03615758229897464,0.8375
0.036177105831533475,0.8375
0.036196650459211235,0.8375
0.036216216216216214,0.8375
0.03623580313683072,0.8375
0.036255411255411256,0.8375
0.03627504060638874,0.8375
0.03629469122426869,0.8375
0.036314363143631435,0.8375
0.03633405639913232,0.8375
0.0363537710255019,0.8375
0.03637350705754615,0.8375
0.03639326453014666,0.8375
0.03641304347826087,0.8375
0.03643284393692224,0.8375
0.03645266594124048,0.8375
0.03647250952640174,0.8375
0.03649237472766884,0.8375
0.03651226158038147,0.8375
0.03653217011995638,0.8375
0.036552100381887616,0.8375
0.03657205240174673,0.8375
0.03659202621518296,0.8375
0.0366120218579235,0.8375
0.036632039365773646,0.8375
0.03665207877461707,0.8375
0.03667214012041598,0.8375
0.03669222343921139,0.8375
0.03671232876712329,0.8375
0.03673245614035088,0.8375
0.036752605595172794,0.8375
0.03677277716794731,0.8375
0.036792970895112576,0.8375
0.036813186813186814,0.8375
0.036833424958768554,0.8375
0.03685368536853685,0.8375
0.036873968079251515,0.8375
0.036894273127753306,0.8375
0.03691460055096419,0.8375
0.03693495038588754,0.8375
0.03695532266960838,0.8375
0.0369757174392936,0.8375
0.03699613473219216,0.8375
0.037016574585635356,0.8375
0.037037037037037035,0.8375
0.03705752212389381,0.8375
0.03707802988378528,0.8375
0.03709856035437431,0.8375
0.0371191135734072,0.8375
0.03713968957871397,0.8375
0.03716028840820854,0.8375
0.03718091009988901,0.8375
0.03720155469183787,0.8375
0.03722222222222222,0.8375
0.03724291272929405,0.8375
0.03726362625139043,0.8375
0.03728436282693378,0.8375
0.037305122494432075,0.8375
0.03732590529247911,0.8375
0.037346711259754736,0.8375
0.0373675404350251,0.8375
0.037388392857142856,0.8375
0.03740926856504746,0.8375
0.037430167597765365,0.8375
0.03745108999441028,0.8375
0.03747203579418344,0.8375
0.03749300503637381,0.8375
0.037513997760358346,0.8375
0.03753501400560224,0.8375
0.03755605381165919,0.8375
0.03757711721817162,0.8375
0.037598204264870934,0.8375
0.037619314991577765,0.8375
0.037640449438202245,0.8375
0.03766160764474424,0.8375
0.03768278965129359,0.8375
0.037703995498030385,0.8375
0.03772522522522523,0.8375
0.03774647887323944,0.8375
0.03720405862457723,0.825
0.03722504230118443,0.825
0.03724604966139955,0.825
0.037267080745341616,0.825
0.03728813559322034,0.825
0.03730921424533635,0.825
0.03733031674208145,0.825
0.03678551216751556,0.8125
0.03680634201585504,0.8125
0.036827195467422094,0.8125
0.036848072562358274,0.8125
0.0368689733408962,0.8125
0.03688989784335982,0.8125
0.03691084611016468,0.8125
0.036931818181818184,0.8125
0.03695281409891984,0.8125
0.036973833902161544,0.8125
0.03699487763232783,0.8125
0.037015945330296125,0.8125
0.037037037037037035,0.8125
0.037058152793614595,0.8125
0.037079292641186534,0.8125
0.037100456621004564,0.8125
0.03712164477441462,0.8125
0.037142857142857144,0.8125
0.037164093767867355,0.8125
0.03718535469107551,0.8125
0.03720663995420721,0.8125
0.03722794959908362,0.8125
0.03724928366762178,0.8125
0.03727064220183486,0.8125
0.037292025243832475,0.8125
0.03731343283582089,0.8125
0.037334865020103386,0.8125
0.03735632183908046,0.8125
0.03737780333525014,0.8125
0.037399309551208286,0.8125
0.03742084052964882,0.8125
0.03744239631336405,0.8125
0.037463976945244955,0.8125
0.03748558246828143,0.8125
0.03750721292556261,0.8125
0.037528868360277134,0.8125
0.03755054881571346,0.8125
0.03757225433526012,0.8125
0.03759398496240601,0.8125
0.03761574074074074,0.8125
0.03763752171395483,0.8125
0.03765932792584009,0.8125
0.03768115942028986,0.8125
0.037703016241299306,0.8125
0.03772489843296576,0.8125
0.03774680603948897,0.8125
0.03776873910517141,0.8125
0.0377906976744186,0.8125
0.03781268179173938,0.8125
0.03783469150174622,0.8125
0.0378567268491555,0.8125
0.03787878787878788,0.8125
0.037900874635568516,0.8125
0.037922987164527425,0.8125
0.03794512551079977,0.8125
0.037967289719626166,0.8125
0.03798947983635301,0.8125
0.038011695906432746,0.8125
0.038033937975424224,0.8125
0.038056206088992975,0.8125
0.038078500292911543,0.8125
0.038100820633059786,0.8125
0.03812316715542522,0.8125
0.03814553990610329,0.8125
0.037580739870816206,0.8
0.03760282021151586,0.8
0.0376249265138154,0.8
0.03764705882352941,0.8
0.03766921718658034,0.8
0.03769140164899882,0.8
0.03771361225692398,0.8
0.03773584905660377,0.8
0.03775811209439528,0.8
0.03778040141676505,0.8
0.03780271707028943,0.8
0.037825059101654845,0.8
0.03784742755765819,0.8
0.0378698224852071,0.8
0.037892243931320305,0.8
0.037914691943127965,0.8
0.03793716656787196,0.8
0.03795966785290629,0.8
0.03798219584569733,0.8
0.03800475059382423,0.8
0.038027332144979206,0.8
0.03804994054696789,0.8
0.0380725758477097,0.8
0.0380952380952381,0.8
0.038117927337701016,0.8
0.03814064362336114,0.8
0.0381633870005963,0.8
0.03818615751789976,0.8
0.0382089552238806,0.8
0.038231780167264036,0.8
0.03825463239689181,0.8
0.03827751196172249,0.8
0.038300418910831836,0.8
0.03832335329341317,0.8
0.03834631515877771,0.8
0.03836930455635491,0.8
0.03839232153569286,0.8
0.03841536614645858,0.8
0.03843843843843844,0.8
0.038461538461538464,0.8
0.03848466626578473,0.8
0.03850782190132371,0.8
0.03853100541842264,0.8
0.03855421686746988,0.8
0.038577456298975285,0.8
0.038600723763570564,0.8
0.03862401931200966,0.8
0.03864734299516908,0.8
0.03867069486404834,0.8
0.03869407496977025,0.8
0.03871748336358137,0.8
0.0387409200968523,0.8
0.03876438522107813,0.8
0.03878787878787879,0.8
0.038811400848999394,0.8
0.038834951456310676,0.8
0.03885853066180935,0.8
0.038882138517618466,0.8
0.038905775075987845,0.8
0.038929440389294405,0.8
0.038953134510042606,0.8
0.0389768574908648,0.8
0.039000609384521635,0.8
0.03902439024390244,0.8
0.03843807199511898,0.7875
0.038461538461538464,0.7875
0.038485033598045205,0.7875
0.03850855745721271,0.7875
0.03853211009174312,0.7875
0.038555691554467565,0.7875
0.0385793018983466,0.7875
0.03860294117647059,0.7875
0.03862660944206009,0.7875
0.03865030674846626,0.7875
0.03867403314917127,0.7875
0.038083538083538086,0.775
0.03810694529809465,0.775
0.038130381303813035,0.775
0.038153846153846156,0.775
0.038177339901477834,0.775
0.03820086260012323,0.775
0.03822441430332922,0.775
0.03824799506477483,0.775
0.03827160493827161,0.775
0.03829524397776405,0.775
0.0377008652657602,0.7625
0.03772418058132344,0.7625
0.037747524752475246,0.7625
0.03777089783281734,0.7625
0.037794299876084264,0.7625
0.03781773093614383,0.7625
0.03784119106699752,0.7625
0.03786468032278088,0.7625
0.037888198757763975,0.7625
0.03791174642635177,0.7625
0.03793532338308458,0.7625
0.037958929682638455,0.7625
0.03798256537982565,0.7625
0.038006230529595016,0.7625
0.038029925187032416,0.7625
0.038053649407361195,0.7625
0.038077403245942575,0.7625
0.038101186758276076,0.7625
0.038125,0.7625
0.03814884302689181,0.7625
0.038172715894868585,0.7625
0.038196618659987476,0.7625
0.03822055137844611,0.7625
0.03824451410658307,0.7625
0.038268506900878296,0.7625
0.038292529817953544,0.7625
0.038316582914572864,0.7625
0.03834066624764299,0.7625
0.038364779874213835,0.7625
0.03775959723096287,0.75
0.037783375314861464,0.75
0.03780718336483932,0.75
0.03783102143757881,0.75
0.03785488958990536,0.75
0.03787878787878788,0.75
0.03790271636133923,0.75
0.03792667509481669,0.75
0.03795066413662239,0.75
0.0379746835443038,0.75
0.03799873337555415,0.75
0.03802281368821293,0.75
0.03804692454026633,0.75
0.03807106598984772,0.75
0.0380952380952381,0.75
0.03811944091486658,0.75
0.03814367450731087,0.75
0.03816793893129771,0.75
0.03819223424570337,0.75
0.03821656050955414,0.75
0.03824091778202677,0.75
0.03826530612244898,0.75
0.03828972559029994,0.75
0.038314176245210725,0.75
0.03769968051118211,0.7375
0.037723785166240406,0.7375
0.037747920665387076,0.7375
0.03777208706786172,0.7375
0.03779628443305574,0.7375
0.03782051282051282,0.7375
0.03784477228992944,0.7375
0.037869062901155326,0.7375
0.03789338471419396,0.7375
0.037917737789203085,0.7375
0.037942122186495175,0.7375
0.03796653796653797,0.7375
0.037990985189954925,0.7375
0.03801546391752577,0.7375
0.038039974210186976,0.7375
0.03806451612903226,0.7375
0.03808908973531311,0.7375
0.03811369509043928,0.7375
0.03813833225597932,0.7375
0.03816300129366106,0.7375
0.038187702265372166,0.7375
0.03821243523316062,0.7375
0.03823720025923526,0.7375
0.03826199740596628,0.7375
0.038286826735885786,0.7375
0.03831168831168831,0.7375
0.03833658219623132,0.7375
0.03836150845253576,0.7375
0.038386467143786594,0.7375
0.038411458333333336,0.7375
0.038436482084690554,0.7375
0.038461538461538464,0.7375
0.037834311806914545,0.725
0.037859007832898174,0.725
0.037883736120182886,0.725
0.03790849673202614,0.725
0.03793328973185088,0.725
0.03795811518324607,0.725
0.03732809430255403,0.7125
0.037352555701179554,0.7125
0.037377049180327866,0.7125
0.03740157480314961,0.7125
0.03742613263296126,0.7125
0.03745072273324573,0.7125
0.03747534516765286,0.7125
0.0375,0.7125
0.037524687294272545,0.7125
0.03689064558629776,0.7
0.03691496374423204,0.7
0.036939313984168866,0.7
0.036963696369636964,0.7
0.036988110964332896,0.7
0.037012557832121616,0.7
0.037037037037037035,0.7
0.037061548643282594,0.7
0.03708609271523179,0.7
0.03711066931742876,0.7
0.03713527851458886,0.7
0.0371599203715992,0.7
0.03718459495351926,0.7
0.037209302325581395,0.7
0.03723404255319149,0.7
0.037258815701929474,0.7
0.037283621837549935,0.7
0.037308461025982675,0.7
0.037333333333333336,0.7
0.037358238825883926,0.7
0.037383177570093455,0.7
0.03740814963259853,0.7
0.0374331550802139,0.7
0.03745819397993311,0.7
0.03748326639892905,0.7
0.03750837240455459,0.7
0.03753351206434316,0.7
0.03755868544600939,0.7
0.03758389261744966,0.7
0.03760913364674278,0.7
0.03763440860215054,0.7
0.03765971755211836,0.7
0.03768506056527591,0.7
0.03771043771043771,0.7
0.03773584905660377,0.7
0.037761294672960216,0.7
0.037786774628879895,0.7
0.03713706954760297,0.6875
0.037162162162162164,0.6875
0.03718728870858688,0.6875
0.03721244925575101,0.6875
0.03656059580230196,0.675
0.036585365853658534,0.675
0.03661016949152542,0.675
0.036635006784260515,0.675
0.03665987780040733,0.675
0.036684782608695655,0.675
0.036709721278042146,0.675
0.036734693877551024,0.675
0.03675970047651463,0.675
0.03678474114441417,0.675
0.03680981595092025,0.675
0.036834924965893585,0.675
0.03686006825938567,0.675
0.036885245901639344,0.675
0.03691045796308954,0.675
0.036935704514363885,0.675
0.03696098562628337,0.675
0.036986301369863014,0.675
0.0363262508567512,0.6625
0.03635116598079561,0.6625
0.0363761153054221,0.6625
0.036401098901098904,0.6625
0.036426116838487975,0.6625
0.03645116918844567,0.6625
0.0364762560220234,0.6625
0.03650137741046832,0.6625
0.03652653342522398,0.6625
0.036551724137931035,0.6625
0.03657694962042788,0.6625
0.03660220994475138,0.6625
0.036627505183137524,0.6625
0.03665283540802213,0.6625
0.03667820069204152,0.6625
0.036703601108033244,0.6625
0.036729036729036726,0.6625
0.036754507628294034,0.6625
0.03678001387925052,0.6625
0.03680555555555556,0.6625
0.03683113273106324,0.6625
0.0368567454798331,0.6625
0.03688239387613083,0.6625
0.03690807799442897,0.6625
0.036933797909407665,0.6625
0.03695955369595537,0.6625
0.03698534542916958,0.6625
0.037011173184357544,0.6625
0.037037037037037035,0.6625
0.03706293706293706,0.6625
0.0370888733379986,0.6625
0.03711484593837535,0.6625
0.03714085494043448,0.6625
0.03716690042075736,0.6625
0.037192982456140354,0.6625
0.037219101123595506,0.6625
0.03724525650035137,0.6625
0.03727144866385373,0.6625
0.03729767769176636,0.6625
0.03732394366197183,0.6625
0.037350246652572236,0.6625
0.03737658674188998,0.6625
0.0374029640084686,0.6625
0.03742937853107345,0.6625
0.03745583038869258,0.6625
0.03748231966053748,0.6625
0.03750884642604388,0.6625
0.037535410764872525,0.6625
0.03756201275690999,0.6625
0.0375886524822695,0.6625
0.03761533002129169,0.6625
0.037642045454545456,0.6625
0.037668798862828715,0.6625
0.03769559032716927,0.6625
0.03772241992882562,0.6625
0.03774928774928775,0.6625
0.037776193870277974,0.6625
0.037803138373751786,0.6625
0.03783012134189864,0.6625
0.03785714285714286,0.6625
0.03788420300214439,0.6625
0.03791130185979971,0.6625
0.03793843951324266,0.6625
0.03796561604584527,0.6625
0.03799283154121864,0.6625
0.03802008608321377,0.6625
0.03804737975592247,0.6625
0.03807471264367816,0.6625
0.038102084831056794,0.6625
0.038129496402877695,0.6625
0.03815694744420446,0.6625
0.03818443804034582,0.6625
0.03821196827685652,0.6625
0.03823953823953824,0.6625
0.038267148014440436,0.6625
0.03829479768786127,0.6625
0.038322487346348515,0.6625
0.03835021707670044,0.6625
0.03837798696596669,0.6625
0.03840579710144928,0.6625
0.03843364757070341,0.6625
0.038461538461538464,0.6625
0.03848946986201888,0.6625
0.038517441860465115,0.6625
0.03854545454545454,0.6625
0.03857350800582242,0.6625
0.03860160233066278,0.6625
0.038629737609329445,0.6625
0.03792851932895697,0.65
0.03795620437956204,0.65
0.03798392987582177,0.65
0.038011695906432746,0.65
0.038039502560351136,0.65
0.03806734992679356,0.65
0.0380952380952381,0.65
0.03812316715542522,0.65
0.03815113719735877,0.65
0.0381791483113069,0.65
0.03747244673034533,0.6375
0.0375,0.6375
0.037527593818984545,0.6375
0.03755522827687776,0.6375
0.03758290346352248,0.6375
0.03761061946902655,0.6375
0.037638376383763834,0.6375
0.03766617429837518,0.6375
0.037694013303769404,0.6375
0.03772189349112426,0.6375
0.03774981495188749,0.6375
0.03777777777777778,0.6375
0.03780578206078577,0.6375
0.037833827893175076,0.6375
0.0378619153674833,0.6375
0.03789004457652303,0.6375
0.0379182156133829,0.6375
0.03720238095238095,0.625
0.03723008190618019,0.625
0.037257824143070044,0.625
0.037285607755406416,0.625
0.03731343283582089,0.625
0.037341299477221805,0.625
0.03736920777279522,0.625
0.037397157816005985,0.625
0.0374251497005988,0.625
0.03745318352059925,0.625
0.037481259370314844,0.625
0.037509377344336084,0.625
0.03753753753753754,0.625
0.03681442524417731,0.6125
0.03684210526315789,0.6125
0.03686982693754703,0.6125
0.036897590361445784,0.6125
0.03692539562923888,0.6125
0.03695324283559578,0.6125
0.0369811320754717,0.6125
0.03700906344410876,0.6125
0.037037037037037035,0.6125
0.037065052950075644,0.6125
0.03709311127933384,0.6125
0.037121212121212124,0.6125
0.037149355572403335,0.6125
0.03717754172989378,0.6125
0.03720577069096431,0.6125
0.03723404255319149,0.6125
0.037262357414448666,0.6125
0.03729071537290715,0.6125
0.037319116527037316,0.6125
0.037347560975609755,0.6125
0.03737604881769641,0.6125
0.03740458015267176,0.6125
0.0374331550802139,0.6125
0.03746177370030581,0.6125
0.03749043611323642,0.6125
0.03751914241960184,0.6125
0.037547892720306515,0.6125
0.037576687116564415,0.6125
0.03760552570990023,0.6125
0.03763440860215054,0.6125
0.03766333589546503,0.6125
0.03769230769230769,0.6125
0.037721324095458045,0.6125
0.03775038520801233,0.6125
0.03777949113338473,0.6125
0.03780864197530864,0.6125
0.03783783783783784,0.6125
0.03786707882534776,0.6125
0.03789636504253674,0.6125
0.037925696594427245,0.6125
0.037955073586367155,0.6125
0.03798449612403101,0.6125
0.03801396431342126,0.6125
0.03804347826086957,0.6125
0.03807303807303807,0.6125
0.038102643856920686,0.6125
0.03813229571984436,0.6125
0.0381619937694704,0.6125
0.03819173811379579,0.6125
0.038221528861154444,0.6125
0.03825136612021858,0.6125
0.03828125,0.6125
0.03831118060985145,0.6125
0.03834115805946792,0.6125
0.03837118245888802,0.6125
0.0384012539184953,0.6125
0.038431372549019606,0.6125
0.038461538461538464,0.6125
0.0384917517674784,0.6125
0.03852201257861635,0.6125
0.03855232100708104,0.6125
0.03858267716535433,0.6125
0.038613081166272656,0.6125
0.038643533123028394,0.6125
0.03867403314917127,0.6125
0.038704581358609796,0.6125
0.03873517786561265,0.6125
0.038765822784810125,0.6125
0.038796516231195566,0.6125
0.03882725832012678,0.6125
0.03885804916732752,0.6125
0.03888888888888889,0.6125
0.03891977760127085,0.6125
0.038950715421303655,0.6125
0.03898170246618934,0.6125
0.03901273885350318,0.6125
0.03904382470119522,0.6125
0.03907496012759171,0.6125
0.03910614525139665,0.6125
0.03913738019169329,0.6125
0.03916866506794564,0.6125
0.0392,0.6125
0.03923138510808647,0.6125
0.03926282051282051,0.6125
0.03929430633520449,0.6125
0.03932584269662921,0.6125
0.0393574297188755,0.6125
0.03938906752411576,0.6125
0.039420756234915526,0.6125
0.039452495974235106,0.6125
0.0394842868654311,0.6125
0.03951612903225806,0.6125
0.03954802259887006,0.6125
0.0395799676898223,0.6125
0.039611964430072755,0.6125
0.03964401294498382,0.6125
0.03967611336032389,0.6125
0.03970826580226904,0.6125
0.039740470397404706,0.6125
0.03977272727272727,0.6125
0.039805036555645816,0.6125
0.03983739837398374,0.6125
0.03986981285598047,0.6125
0.039902280130293157,0.6125
0.03993480032599837,0.6125
0.0399673735725938,0.6125
0.04,0.6125
0.04003267973856209,0.6125
0.04006541291905151,0.6125
0.040098199672667756,0.6125
0.04013104013104013,0.6125
0.04016393442622951,0.6125
0.04019688269073011,0.6125
0.040229885057471264,0.6125
0.04026294165981923,0.6125
0.04029605263157895,0.6125
0.040329218106995884,0.6125
0.04036243822075782,0.6125
0.0403957131079967,0.6125
0.040429042904290426,0.6125
0.04046242774566474,0.6125
0.03966942148760331,0.6
0.03970223325062035,0.6
0.039735099337748346,0.6
0.03976801988400994,0.6
0.03980099502487562,0.6
0.03983402489626556,0.6
0.03986710963455149,0.6
0.0399002493765586,0.6
0.03993344425956739,0.6
0.03996669442131557,0.6
0.04,0.6
0.040033361134278564,0.6
0.04006677796327212,0.6
0.040100250626566414,0.6
0.04013377926421405,0.6
0.0401673640167364,0.6
0.04020100502512563,0.6
0.040234702430846606,0.6
0.040268456375838924,0.6
0.04030226700251889,0.6
0.040336134453781515,0.6
0.040370058873002525,0.6
0.04040404040404041,0.6
0.040438079191238416,0.6
0.04047217537942664,0.6
0.04050632911392405,0.6
0.04054054054054054,0.6
0.04057480980557904,0.6
0.04060913705583756,0.6
0.04064352243861134,0.6
0.03983050847457627,0.5875
0.03986429177268872,0.5875
0.039898132427843805,0.5875
0.03993203058623619,0.5875
0.039965986394557826,0.5875
0.04,0.5875
0.04003407155025554,0.5875
0.040068201193520885,0.5875
0.04010238907849829,0.5875
0.04013663535439795,0.5875
0.040170940170940174,0.5875
0.04020530367835757,0.5875
0.04023972602739726,0.5875
0.04027420736932305,0.5875
0.04030874785591767,0.5875
0.04034334763948498,0.5875
0.040378006872852236,0.5875
0.040412725709372314,0.5875
0.04044750430292599,0.5875
0.040482342807924204,0.5875
0.04051724137931034,0.5875
0.04055220017256255,0.5875
0.04058721934369603,0.5875
0.04062229904926534,0.5875
0.04065743944636678,0.5875
0.04069264069264069,0.5875
0.04072790294627383,0.5875
0.040763226366001735,0.5875
0.04079861111111111,0.5875
0.04083405734144222,0.5875
0.04,0.575
0.0391644908616188,0.5625
0.039198606271777,0.5625
0.03923278116826504,0.5625
0.03926701570680628,0.5625
0.039301310043668124,0.5625
0.039335664335664336,0.5625
0.03937007874015748,0.5625
0.03940455341506129,0.5625
0.03943908851884312,0.5625
0.039473684210526314,0.5625
0.03950834064969271,0.5625
0.03954305799648506,0.5625
0.0395778364116095,0.5625
0.03961267605633803,0.5625
0.039647577092511016,0.5625
0.03968253968253968,0.5625
0.03971756398940865,0.5625
0.03975265017667844,0.5625
0.03978779840848806,0.5625
0.03982300884955752,0.5625
0.03985828166519043,0.5625
0.0398936170212766,0.5625
0.03992901508429459,0.5625
0.03996447602131439,0.5625
0.04,0.5625
0.0400355871886121,0.5625
0.04007123775601069,0.5625
0.0392156862745098,0.55
0.039250669045495096,0.55
0.039285714285714285,0.55
0.03932082216264522,0.55
0.03935599284436494,0.55
0.03939122649955237,0.55
0.03853046594982079,0.5375
0.03856502242152467,0.5375
0.03859964093357271,0.5375
0.03863432165318958,0.5375
0.03866906474820144,0.5375
0.0387038703870387,0.5375
0.03873873873873874,0.5375
0.0387736699729486,0.5375
0.0388086642599278,0.5375
0.03884372177055104,0.5375
0.03887884267631103,0.5375
0.03891402714932127,0.5375
0.03894927536231884,0.5375
0.038984587488667274,0.5375
0.03901996370235935,0.5375
0.03905540417801998,0.5375
0.03909090909090909,0.5375
0.039126478616924476,0.5375
0.039162112932604735,0.5375
0.03919781221513218,0.5375
0.03832116788321168,0.525
0.038356164383561646,0.525
0.038391224862888484,0.525
0.0384263494967978,0.525
0.038461538461538464,0.525
0.0384967919340055,0.525
0.03853211009174312,0.525
0.03856749311294766,0.525
0.03860294117647059,0.525
0.03863845446182153,0.525
0.03867403314917127,0.525
0.03870967741935484,0.525
0.03874538745387454,0.525
0.038781163434903045,0.525
0.038817005545286505,0.525
0.03885291396854764,0.525
0.03888888888888889,0.525
0.03892493049119555,0.525
0.03896103896103896,0.525
0.03899721448467967,0.525
0.03903345724907063,0.525
0.03906976744186046,0.525
0.038175046554934824,0.5125
0.03821062441752097,0.5125
0.03824626865671642,0.5125
0.03828197945845005,0.5125
0.038317757009345796,0.5125
0.037418147801683815,0.5
0.03745318352059925,0.5
0.03748828491096532,0.5
0.0375234521575985,0.5
0.03755868544600939,0.5
0.03759398496240601,0.5
0.03762935089369708,0.5
0.03766478342749529,0.5
0.03770028275212064,0.5
0.03773584905660377,0.5
0.03777148253068933,0.5
0.03780718336483932,0.5
0.03784295175023652,0.5
0.03787878787878788,0.5
0.037914691943127965,0.5
0.03795066413662239,0.5
0.03798670465337132,0.5
0.03802281368821293,0.5
0.038058991436726926,0.5
0.0380952380952381,0.5
0.03813155386081983,0.5
0.03816793893129771,0.5
0.038204393505253106,0.5
0.03824091778202677,0.5
0.03827751196172249,0.5
0.038314176245210725,0.5
0.038350910834132314,0.5
0.03838771593090211,0.5
0.03842459173871278,0.5
0.038461538461538464,0.5
0.03849855630413859,0.5
0.038535645472061654,0.5
0.03857280617164899,0.5
0.03861003861003861,0.5
0.03864734299516908,0.5
0.03868471953578337,0.5
0.03872216844143272,0.5
0.03875968992248062,0.5
0.038797284190106696,0.5
0.037864077669902914,0.4875
0.037900874635568516,0.4875
0.03696498054474708,0.475
0.03700097370983447,0.475
0.036062378167641324,0.4625
0.03609756097560975,0.4625
0.0361328125,0.4625
0.03616813294232649,0.4625
0.036203522504892366,0.4625
0.03623898139079334,0.4625
0.03627450980392157,0.4625
0.03631010794896958,0.4625
0.036345776031434185,0.4625
0.03638151425762045,0.4625
0.03641732283464567,0.4625
0.03645320197044335,0.4625
0.03648915187376726,0.4625
0.03652517275419546,0.4625
0.036561264822134384,0.4625
0.036597428288822946,0.4625
0.03663366336633663,0.4625
0.036669970267591674,0.4625
0.03670634920634921,0.4625
0.036742800397219465,0.4625
0.036779324055666,0.4625
0.03681592039800995,0.4625
0.036852589641434265,0.4625
0.036889332003988036,0.4625
0.036926147704590816,0.4625
0.03696303696303696,0.4625
0.037,0.4625
0.037037037037037035,0.4625
0.03707414829659319,0.4625
0.037111334002006016,0.4625
0.03714859437751004,0.4625
0.0371859296482412,0.4625
0.03722334004024145,0.4625
0.03726082578046324,0.4625
0.037298387096774195,0.4625
0.03733602421796166,0.4625
0.03737373737373737,0.4625
0.03741152679474216,0.4625
0.03744939271255061,0.4625
0.037487335359675786,0.4625
0.037525354969574036,0.4625
0.03756345177664975,0.4625
0.037601626016260166,0.4625
0.03763987792472025,0.4625
0.03767820773930754,0.4625
0.03771661569826707,0.4625
0.03775510204081633,0.4625
0.03779366700715015,0.4625
0.03783231083844581,0.4625
0.037871033776867964,0.4625
0.03790983606557377,0.4625
0.03794871794871795,0.4625
0.037987679671457907,0.4625
0.03802672147995889,0.4625
0.03806584362139918,0.4625
0.03810504634397528,0.4625
0.03814432989690722,0.4625
0.038183694530443756,0.4625
0.038223140495867766,0.4625
0.038262668045501554,0.4625
0.038302277432712216,0.4625
0.0383419689119171,0.4625
0.038381742738589214,0.4625
0.03842159916926272,0.4625
0.038461538461538464,0.4625
0.03850156087408949,0.4625
0.03854166666666667,0.4625
0.03858185610010428,0.4625
0.038622129436325675,0.4625
0.038662486938349006,0.4625
0.038702928870292884,0.4625
0.0387434554973822,0.4625
0.03878406708595388,0.4625
0.03882476390346275,0.4625
0.038865546218487396,0.4625
0.03890641430073607,0.4625
0.03894736842105263,0.4625
0.03898840885142255,0.4625
0.039029535864978905,0.4625
0.03907074973600845,0.4625
0.039112050739957716,0.4625
0.039153439153439155,0.4625
0.03919491525423729,0.4625
0.03923647932131495,0.4625
0.03927813163481953,0.4625
0.039319872476089264,0.4625
0.039361702127659576,0.4625
0.039403620873269436,0.4625
0.039445628997867806,0.4625
0.03948772678762007,0.4625
0.03952991452991453,0.4625
0.039572192513368985,0.4625
0.03961456102783726,0.4625
0.03965702036441586,0.4625
0.03969957081545064,0.4625
0.0397422126745435,0.4625
0.03978494623655914,0.4625
0.03982777179763186,0.4625
0.03987068965517242,0.4625
0.039913700107874865,0.4625
0.03995680345572354,0.4625
0.04,0.4625
0.04004329004329004,0.4625
0.04008667388949079,0.4625
0.04013015184381779,0.4625
0.04017372421281216,0.4625
0.04021739130434782,0.4625
0.04026115342763874,0.4625
0.04030501089324619,0.4625
0.04034896401308615,0.4625
0.04039301310043668,0.4625
0.040437158469945354,0.4625
0.04048140043763676,0.4625
0.040525739320920046,0.4625
0.039473684210526314,0.45
0.03951701427003293,0.45
0.03956043956043956,0.45
0.039603960396039604,0.45
0.039647577092511016,0.45
0.03969128996692393,0.45
0.039735099337748346,0.45
0.039779005524861875,0.45
0.03982300884955752,0.45
0.03986710963455149,0.45
0.03991130820399113,0.45
0.038845726970033294,0.4375
0.03888888888888889,0.4375
0.0389321468298109,0.4375
0.03897550111358575,0.4375
0.03901895206243032,0.4375
0.0390625,0.4375
0.03910614525139665,0.4375
0.039149888143176735,0.4375
0.03807390817469205,0.425
0.03811659192825112,0.425
0.038159371492704826,0.425
0.038202247191011236,0.425
0.03824521934758155,0.425
0.038288288288288286,0.425
0.038331454340473504,0.425
0.03837471783295711,0.425
0.0384180790960452,0.425
0.038461538461538464,0.425
0.03850509626274066,0.425
0.03854875283446712,0.425
0.03859250851305335,0.425
0.038636363636363635,0.425
0.038680318543799774,0.425
0.0387243735763098,0.425
0.03876852907639681,0.425
0.03881278538812785,0.425
0.038857142857142854,0.425
0.038901601830663615,0.425
0.038946162657502864,0.425
0.0389908256880734,0.425
0.03903559127439724,0.425
0.03908045977011494,0.425
0.039125431530494824,0.425
0.03917050691244239,0.425
0.0392156862745098,0.425
0.03926096997690531,0.425
0.03930635838150289,0.425
0.03935185185185185,0.425
0.039397450753186555,0.425
0.03944315545243619,0.425
0.03948896631823461,0.425
0.03953488372093023,0.425
0.03958090803259604,0.425
0.039627039627039624,0.425
0.039673278879813305,0.425
0.0397196261682243,0.425
0.03976608187134503,0.425
0.03981264637002342,0.425
0.03985932004689332,0.425
0.03990610328638498,0.425
0.0399529964747356,0.425
0.04,0.425
0.04004711425206125,0.425
0.04009433962264151,0.425
0.04014167650531287,0.425
0.04018912529550828,0.425
0.040236686390532544,0.425
0.04028436018957346,0.425
0.04033214709371293,0.425
0.040380047505938245,0.425
0.04042806183115339,0.425
0.04047619047619048,0.425
0.04052443384982122,0.425
0.0405727923627685,0.425
0.04062126642771804,0.425
0.04066985645933014,0.425
0.0407185628742515,0.425
0.0407673860911271,0.425
0.04081632653061224,0.425
0.040865384615384616,0.425
0.04091456077015644,0.425
0.04096385542168675,0.425
0.04101326899879373,0.425
0.04106280193236715,0.425
0.041112454655380895,0.425
0.04116222760290557,0.425
0.041212121212121214,0.425
0.0412621359223301,0.425
0.041312272174969626,0.425
0.0413625304136253,0.425
0.04141291108404385,0.425
0.041463414634146344,0.425
0.04151404151404151,0.425
0.04156479217603912,0.425
0.0416156670746634,0.425
0.041666666666666664,0.425
0.04171779141104295,0.425
0.04176904176904177,0.425
0.041820418204182044,0.425
0.04187192118226601,0.425
0.04192355117139334,0.425
0.04197530864197531,0.425
0.042027194066749075,0.425
0.04084158415841584,0.4125
0.040892193308550186,0.4125
0.04094292803970223,0.4125
0.040993788819875775,0.4125
0.041044776119402986,0.4125
0.0410958904109589,0.4125
0.04114713216957606,0.4125
0.04119850187265917,0.4125
0.04125,0.4125
0.04130162703379224,0.4125
0.041353383458646614,0.4125
0.04140526976160602,0.4125
0.0414572864321608,0.4125
0.04150943396226415,0.4125
0.041561712846347604,0.4125
0.0416141235813367,0.4125
0.041666666666666664,0.4125
0.041719342604298354,0.4125
0.04177215189873418,0.4125
0.04182509505703422,0.4125
0.04187817258883249,0.4125
0.04193138500635324,0.4125
0.04071246819338423,0.4
0.04076433121019108,0.4
0.04081632653061224,0.4
0.04086845466155811,0.4
0.04092071611253197,0.4
0.040973111395646605,0.4
0.041025641025641026,0.4
0.0410783055198973,0.4
0.04113110539845758,0.4
0.04118404118404118,0.4
0.041237113402061855,0.4
0.04129032258064516,0.4
0.041343669250646,0.4
0.04139715394566624,0.4
0.04145077720207254,0.4
0.041504539559014265,0.4
0.04155844155844156,0.4
0.04161248374512354,0.4
0.041666666666666664,0.4
0.041720990873533245,0.4
0.04177545691906005,0.4
0.04183006535947712,0.4
0.041884816753926704,0.4
0.04193971166448231,0.4
0.04199475065616798,0.4
0.04204993429697766,0.4
0.042105263157894736,0.4
0.04216073781291173,0.4
0.04221635883905013,0.4
0.04095112285336856,0.3875
0.041005291005291,0.3875
0.04105960264900662,0.3875
0.04111405835543767,0.3875
0.041168658698539175,0.3875
0.041223404255319146,0.3875
0.041278295605858856,0.3875
0.04133333333333333,0.3875
0.04138851802403204,0.3875
0.04144385026737968,0.3875
0.041499330655957165,0.3875
0.04155495978552279,0.3875
0.04161073825503356,0.3875
0.041666666666666664,0.3875
0.04172274562584118,0.3875
0.04177897574123989,0.3875
0.04183535762483131,0.3875
0.041891891891891894,0.3875
0.04194857916102842,0.3875
0.04200542005420054,0.3875
0.04206241519674356,0.3875
0.042119565217391304,0.3875
0.04217687074829932,0.3875
0.04223433242506812,0.3875
0.04229195088676671,0.3875
0.04234972677595628,0.3875
0.04240766073871409,0.3875
0.04246575342465753,0.3875
0.04252400548696845,0.3875
0.042582417582417584,0.3875
0.04264099037138927,0.3875
0.04269972451790634,0.3875
0.04275862068965517,0.3875
0.04281767955801105,0.3875
0.042876901798063624,0.3875
0.04293628808864266,0.3875
0.04299583911234397,0.3875
0.043055555555555555,0.3875
0.043115438108484005,0.3875
0.04317548746518106,0.3875
0.043235704323570434,0.3875
0.04329608938547486,0.3875
0.043356643356643354,0.3875
0.04341736694677871,0.3875
0.043478260869565216,0.3875
0.04353932584269663,0.3875
0.04360056258790436,0.3875
0.04366197183098591,0.3875
0.04372355430183357,0.3875
0.043785310734463276,0.3875
0.04384724186704385,0.3875
0.043909348441926344,0.3875
0.04397163120567376,0.3875
0.04403409090909091,0.3875
0.044096728307254626,0.3875
0.04415954415954416,0.3875
0.0442225392296719,0.3875
0.04428571428571428,0.3875
0.044349070100143065,0.3875
0.044412607449856735,0.3875
0.04447632711621234,0.3875
0.04454022988505747,0.3875
0.04460431654676259,0.3875
0.0446685878962536,0.3875
0.044733044733044736,0.3875
0.044797687861271675,0.3875
0.04486251808972504,0.3875
0.04492753623188406,0.3875
0.04499274310595065,0.3875
0.04505813953488372,0.3875
0.04512372634643377,0.3875
0.04518950437317784,0.3875
0.04525547445255475,0.3875
0.04532163742690058,0.3875
0.04538799414348463,0.3875
0.045454545454545456,0.3875
0.04552129221732746,0.3875
0.04411764705882353,0.375
0.044182621502209134,0.375
0.04424778761061947,0.375
0.04431314623338257,0.375
0.04437869822485207,0.375
0.044444444444444446,0.375
0.04451038575667656,0.375
0.04457652303120357,0.375
0.044642857142857144,0.375
0.044709388971684055,0.375
0.04477611940298507,0.375
0.04484304932735426,0.375
0.04491017964071856,0.375
0.044977511244377814,0.375
0.04504504504504504,0.375
0.045112781954887216,0.375
0.045180722891566265,0.375
0.04524886877828054,0.375
0.045317220543806644,0.375
0.0453857791225416,0.375
0.045454545454545456,0.375
0.04552352048558422,0.375
0.04559270516717325,0.375
0.045662100456621,0.375
0.04573170731707317,0.375
0.04580152671755725,0.375
0.045871559633027525,0.375
0.045941807044410414,0.375
0.046012269938650305,0.375
0.04608294930875576,0.375
0.046153846153846156,0.375
0.046224961479198766,0.375
0.046296296296296294,0.375
0.04636785162287481,0.375
0.04643962848297214,0.375
0.046511627906976744,0.375
0.046583850931677016,0.375
0.04665629860031104,0.375
0.04672897196261682,0.375
0.046801872074883,0.375
0.046875,0.375
0.046948356807511735,0.375
0.047021943573667714,0.375
0.04709576138147567,0.375
0.04716981132075472,0.375
0.047244094488188976,0.375
0.0473186119873817,0.375
0.04739336492890995,0.375
0.04746835443037975,0.375
0.04754358161648178,0.375
0.047619047619047616,0.375
0.04769475357710652,0.375
0.04617834394904458,0.3625
0.046251993620414676,0.3625
0.0463258785942492,0.3625
0.0464,0.3625
0.046474358974358976,0.3625
0.04654895666131621,0.3625
0.04662379421221865,0.3625
0.04669887278582931,0.3625
0.0467741935483871,0.3625
0.046849757673667204,0.3625
0.04692556634304207,0.3625
0.04700162074554295,0.3625
0.04707792207792208,0.3625
0.04715447154471545,0.3625
0.04723127035830619,0.3625
0.04730831973898858,0.3625
0.04738562091503268,0.3625
0.04746317512274959,0.3625
0.047540983606557376,0.3625
0.047619047619047616,0.3625
0.047697368421052634,0.3625
0.047775947281713346,0.3625
0.04785478547854786,0.3625
0.047933884297520664,0.3625
0.048013245033112585,0.3625
0.04809286898839138,0.3625
0.04817275747508306,0.3625
0.048252911813643926,0.3625
0.04833333333333333,0.3625
0.048414023372287146,0.3625
0.048494983277591976,0.3625
0.048576214405360134,0.3625
0.04865771812080537,0.3625
0.04873949579831933,0.3625
0.04882154882154882,0.3625
0.048903878583473864,0.3625
0.048986486486486486,0.3625
0.049069373942470386,0.3625
0.04915254237288136,0.3625
0.04923599320882852,0.3625
0.04931972789115646,0.3625
0.049403747870528106,0.3625
0.04948805460750853,0.3625
0.04957264957264957,0.3625
0.04965753424657534,0.3625
0.048027444253859346,0.35
0.048109965635738834,0.35
0.04819277108433735,0.35
0.04827586206896552,0.35
0.04835924006908463,0.35
0.04844290657439446,0.35
0.04852686308492201,0.35
0.04861111111111111,0.35
0.04869565217391304,0.35
0.04878048780487805,0.35
0.04886561954624782,0.35
0.04895104895104895,0.35
0.04903677758318739,0.35
0.04736842105263158,0.3375
0.04745166959578207,0.3375
0.04753521126760563,0.3375
0.047619047619047616,0.3375
0.04770318021201413,0.3375
0.047787610619469026,0.3375
0.047872340425531915,0.3375
0.047957371225577264,0.3375
0.04804270462633452,0.3375
0.0481283422459893,0.3375
0.048214285714285716,0.3375
0.04830053667262969,0.3375
0.04838709677419355,0.3375
0.04847396768402154,0.3375
0.048561151079136694,0.3375
0.04864864864864865,0.3375
0.048736462093862815,0.3375
0.04701627486437613,0.325
0.04710144927536232,0.325
0.047186932849364795,0.325
0.04727272727272727,0.325
0.04735883424408015,0.325
0.04744525547445255,0.325
0.04753199268738574,0.325
0.047619047619047616,0.325
0.047706422018348627,0.325
0.04779411764705882,0.325
0.04788213627992634,0.325
0.04797047970479705,0.325
0.04805914972273567,0.325
0.04814814814814815,0.325
0.04823747680890538,0.325
0.048327137546468404,0.325
0.048417132216014895,0.325
0.048507462686567165,0.325
0.048598130841121495,0.325
0.04868913857677903,0.325
0.04878048780487805,0.325
0.04887218045112782,0.325
0.04896421845574388,0.325
0.04905660377358491,0.325
0.04914933837429111,0.325
0.04924242424242424,0.325
0.04933586337760911,0.325
0.049429657794676805,0.325
0.049523809523809526,0.325
0.04961832061068702,0.325
0.0497131931166348,0.325
0.04980842911877394,0.325
0.04798464491362764,0.3125
0.04807692307692308,0.3125
0.04816955684007707,0.3125
0.04826254826254826,0.3125
0.04642166344294004,0.3
0.046511627906976744,0.3
0.04660194174757282,0.3
0.04669260700389105,0.3
0.04678362573099415,0.3
0.046875,0.3
0.046966731898238745,0.3
0.047058823529411764,0.3
0.047151277013752456,0.3
0.047244094488188976,0.3
0.047337278106508875,0.3
0.04743083003952569,0.3
0.047524752475247525,0.3
0.047619047619047616,0.3
0.04771371769383698,0.3
0.04780876494023904,0.3
0.04790419161676647,0.3
0.048,0.3
0.04809619238476954,0.3
0.04819277108433735,0.3
0.0482897384305835,0.3
0.04838709677419355,0.3
0.046464646464646465,0.2875
0.0465587044534413,0.2875
0.04665314401622718,0.2875
0.044715447154471545,0.275
0.04480651731160896,0.275
0.044897959183673466,0.275
0.044989775051124746,0.275
0.045081967213114756,0.275
0.045174537987679675,0.275
0.04526748971193416,0.275
0.04536082474226804,0.275
0.045454545454545456,0.275
0.045548654244306416,0.275
0.04564315352697095,0.275
0.04573804573804574,0.275
0.04583333333333333,0.275
0.04592901878914405,0.275
0.04602510460251046,0.275
0.04612159329140461,0.275
0.046218487394957986,0.275
0.04631578947368421,0.275
0.046413502109704644,0.275
0.046511627906976744,0.275
0.046610169491525424,0.275
0.04670912951167728,0.275
0.04680851063829787,0.275
0.046908315565031986,0.275
0.04700854700854701,0.275
0.047109207708779445,0.275
0.04721030042918455,0.275
0.047311827956989246,0.275
0.04741379310344827,0.275
0.047516198704103674,0.275
0.047619047619047616,0.275
0.04772234273318872,0.275
0.04782608695652174,0.275
0.04793028322440087,0.275
0.048034934497816595,0.275
0.04814004376367615,0.275
0.04824561403508772,0.275
0.04835164835164835,0.275
0.048458149779735685,0.275
0.046357615894039736,0.2625
0.046460176991150445,0.2625
0.04656319290465632,0.2625
0.04666666666666667,0.2625
0.0467706013363029,0.2625
0.046875,0.2625
0.04697986577181208,0.2625
0.04708520179372197,0.2625
0.04719101123595506,0.2625
0.0472972972972973,0.2625
0.04740406320541761,0.2625
0.04751131221719457,0.2625
0.045351473922902494,0.25
0.04318181818181818,0.2375
0.04328018223234624,0.2375
0.04337899543378995,0.2375
0.043478260869565216,0.2375
0.04357798165137615,0.2375
0.04367816091954023,0.2375
0.04377880184331797,0.2375
0.04387990762124711,0.2375
0.04398148148148148,0.2375
0.04408352668213457,0.2375
0.044186046511627906,0.2375
0.04428904428904429,0.2375
0.04439252336448598,0.2375
0.04449648711943794,0.2375
0.04460093896713615,0.2375
0.04470588235294118,0.2375
0.04481132075471698,0.2375
0.04491725768321513,0.2375
0.045023696682464455,0.2375
0.04513064133016627,0.2375
0.04285714285714286,0.225
0.04295942720763723,0.225
0.0430622009569378,0.225
0.04316546762589928,0.225
0.04326923076923077,0.225
0.04096385542168675,0.2125
0.04106280193236715,0.2125
0.04116222760290557,0.2125
0.0412621359223301,0.2125
0.038929440389294405,0.2
0.03902439024390244,0.2
0.039119804400977995,0.2
0.0392156862745098,0.2
0.03931203931203931,0.2
0.03940886699507389,0.2
0.03950617283950617,0.2
0.039603960396039604,0.2
0.03970223325062035,0.2
0.03980099502487562,0.2
0.0399002493765586,0.2
0.04,0.2
0.040100250626566414,0.2
0.03768844221105527,0.1875
0.037783375314861464,0.1875
0.03787878787878788,0.1875
0.0379746835443038,0.1875
0.03807106598984772,0.1875
0.03816793893129771,0.1875
0.03826530612244898,0.1875
0.03836317135549872,0.1875
0.038461538461538464,0.1875
0.038560411311053984,0.1875
0.03865979381443299,0.1875
0.03875968992248062,0.1875
0.038860103626943004,0.1875
0.03896103896103896,0.1875
0.0390625,0.1875
0.0391644908616188,0.1875
0.03926701570680628,0.1875
0.03937007874015748,0.1875
0.039473684210526314,0.1875
0.0395778364116095,0.1875
0.03968253968253968,0.1875
0.03978779840848806,0.1875
0.0398936170212766,0.1875
0.04,0.1875
0.040106951871657755,0.1875
0.040214477211796246,0.1875
0.04032258064516129,0.1875
0.04043126684636118,0.1875
0.04054054054054054,0.1875
0.04065040650406504,0.1875
0.04076086956521739,0.1875
0.04087193460490463,0.1875
0.040983606557377046,0.1875
0.0410958904109589,0.1875
0.04120879120879121,0.1875
0.04132231404958678,0.1875
0.04143646408839779,0.1875
0.04155124653739612,0.1875
0.041666666666666664,0.1875
0.04178272980501393,0.1875
0.04189944134078212,0.1875
0.04201680672268908,0.1875
0.042134831460674156,0.1875
0.04225352112676056,0.1875
0.0423728813559322,0.1875
0.042492917847025496,0.1875
0.04261363636363636,0.1875
0.042735042735042736,0.1875
0.04285714285714286,0.1875
0.04297994269340974,0.1875
0.04310344827586207,0.1875
0.043227665706051875,0.1875
0.04335260115606936,0.1875
0.043478260869565216,0.1875
0.0436046511627907,0.1875
0.043731778425655975,0.1875
0.043859649122807015,0.1875
0.04105571847507331,0.175
0.041176470588235294,0.175
0.04129793510324484,0.175
0.04142011834319527,0.175
0.04154302670623145,0.175
0.041666666666666664,0.175
0.041791044776119404,0.175
0.041916167664670656,0.175
0.042042042042042045,0.175
0.04216867469879518,0.175
0.04229607250755287,0.175
0.04242424242424243,0.175
0.0425531914893617,0.175
0.042682926829268296,0.175
0.04281345565749235,0.175
0.04294478527607362,0.175
0.043076923076923075,0.175
0.043209876543209874,0.175
0.043343653250773995,0.175
0.043478260869565216,0.175
0.04361370716510903,0.175
0.04375,0.175
0.0438871473354232,0.175
0.0440251572327044,0.175
0.04416403785488959,0.175
0.04430379746835443,0.175
0.044444444444444446,0.175
0.044585987261146494,0.175
0.04472843450479233,0.175
0.04487179487179487,0.175
0.04501607717041801,0.175
0.04516129032258064,0.175
0.045307443365695796,0.175
0.045454545454545456,0.175
0.04560260586319218,0.175
0.0457516339869281,0.175
0.04590163934426229,0.175
0.046052631578947366,0.175
0.0462046204620462,0.175
0.046357615894039736,0.175
0.046511627906976744,0.175
0.04666666666666667,0.175
0.046822742474916385,0.175
0.04697986577181208,0.175
0.04713804713804714,0.175
0.0472972972972973,0.175
0.04745762711864407,0.175
0.047619047619047616,0.175
0.04778156996587031,0.175
0.04794520547945205,0.175
0.048109965635738834,0.175
0.04827586206896552,0.175
0.04844290657439446,0.175
0.04513888888888889,0.1625
0.04529616724738676,0.1625
0.045454545454545456,0.1625
0.0456140350877193,0.1625
0.045774647887323945,0.1625
0.045936395759717315,0.1625
0.04609929078014184,0.1625
0.046263345195729534,0.1625
0.04642857142857143,0.1625
0.04659498207885305,0.1625
0.046762589928057555,0.1625
0.04693140794223827,0.1625
0.04710144927536232,0.1625
0.04727272727272727,0.1625
0.04744525547445255,0.1625
0.047619047619047616,0.1625
0.04779411764705882,0.1625
0.04797047970479705,0.1625
0.04814814814814815,0.1625
0.048327137546468404,0.1625
0.048507462686567165,0.1625
0.04868913857677903,0.1625
0.04887218045112782,0.1625
0.04905660377358491,0.1625
0.04924242424242424,0.1625
0.049429657794676805,0.1625
0.04961832061068702,0.1625
0.04980842911877394,0.1625
0.05,0.1625
0.05019305019305019,0.1625
0.050387596899224806,0.1625
0.05058365758754864,0.1625
0.05078125,0.1625
0.050980392156862744,0.1625
0.051181102362204724,0.1625
0.04743083003952569,0.15
0.047619047619047616,0.15
0.043824701195219126,0.1375
0.044,0.1375
0.040160642570281124,0.125
0.04032258064516129,0.125
0.04048582995951417,0.125
0.04065040650406504,0.125
0.04081632653061224,0.125
0.040983606557377046,0.125
0.0411522633744856,0.125
0.0371900826446281,0.1125
0.03734439834024896,0.1125
0.0375,0.1125
0.03765690376569038,0.1125
0.037815126050420166,0.1125
0.0379746835443038,0.1125
0.038135593220338986,0.1125
0.03829787234042553,0.1125
0.038461538461538464,0.1125
0.03862660944206009,0.1125
0.03879310344827586,0.1125
0.03896103896103896,0.1125
0.0391304347826087,0.1125
0.039301310043668124,0.1125
0.039473684210526314,0.1125
0.039647577092511016,0.1125
0.03982300884955752,0.1125
0.04,0.1125
0.04017857142857143,0.1125
0.04035874439461883,0.1125
0.04054054054054054,0.1125
0.04072398190045249,0.1125
0.04090909090909091,0.1125
0.0410958904109589,0.1125
0.04128440366972477,0.1125
0.041474654377880185,0.1125
0.041666666666666664,0.1125
0.04186046511627907,0.1125
0.04205607476635514,0.1125
0.04225352112676056,0.1125
0.04245283018867924,0.1125
0.04265402843601896,0.1125
0.04285714285714286,0.1125
0.0430622009569378,0.1125
0.04326923076923077,0.1125
0.043478260869565216,0.1125
0.043689320388349516,0.1125
0.04390243902439024,0.1125
0.04411764705882353,0.1125
0.04433497536945813,0.1125
0.04455445544554455,0.1125
0.04477611940298507,0.1125
0.045,0.1125
0.04522613065326633,0.1125
0.045454545454545456,0.1125
0.04568527918781726,0.1125
0.04591836734693878,0.1125
0.046153846153846156,0.1125
0.04639175257731959,0.1125
0.046632124352331605,0.1125
0.046875,0.1125
0.04712041884816754,0.1125
0.04736842105263158,0.1125
0.047619047619047616,0.1125
0.047872340425531915,0.1125
0.0481283422459893,0.1125
0.04838709677419355,0.1125
0.04864864864864865,0.1125
0.04891304347826087,0.1125
0.04918032786885246,0.1125
0.04945054945054945,0.1125
0.049723756906077346,0.1125
0.05,0.1125
0.05027932960893855,0.1125
0.05056179775280899,0.1125
0.05084745762711865,0.1125
0.05113636363636364,0.1125
0.05142857142857143,0.1125
0.05172413793103448,0.1125
0.05202312138728324,0.1125
0.05232558139534884,0.1125
0.05263157894736842,0.1125
0.052941176470588235,0.1125
0.05325443786982249,0.1125
0.05357142857142857,0.1125
0.05389221556886228,0.1125
0.05421686746987952,0.1125
0.05454545454545454,0.1125
0.054878048780487805,0.1125
0.05521472392638037,0.1125
0.05555555555555555,0.1125
0.055900621118012424,0.1125
0.05625,0.1125
0.05660377358490566,0.1125
0.056962025316455694,0.1125
0.05732484076433121,0.1125
0.057692307692307696,0.1125
0.05806451612903226,0.1125
0.05844155844155844,0.1125
0.058823529411764705,0.1125
0.05921052631578947,0.1125
0.059602649006622516,0.1125
0.06,0.1125
0.06040268456375839,0.1125
0.060810810810810814,0.1125
0.061224489795918366,0.1125
0.06164383561643835,0.1125
0.06206896551724138,0.1125
0.0625,0.1125
0.06293706293706294,0.1125
0.06338028169014084,0.1125
0.06382978723404255,0.1125
0.06428571428571428,0.1125
0.06474820143884892,0.1125
0.06521739130434782,0.1125
0.06569343065693431,0.1125
0.0661764705882353,0.1125
0.06666666666666667,0.1125
0.06716417910447761,0.1125
0.06766917293233082,0.1125
0.06818181818181818,0.1125
0.06870229007633588,0.1125
0.06923076923076923,0.1125
0.06976744186046512,0.1125
0.0703125,0.1125
0.06299212598425197,0.1
0.06349206349206349,0.1
0.064,0.1
0.06451612903225806,0.1
0.06504065040650407,0.1
0.06557377049180328,0.1
0.06611570247933884,0.1
0.06666666666666667,0.1
0.06722689075630252,0.1
0.06779661016949153,0.1
0.06837606837606838,0.1
0.06896551724137931,0.1
0.06956521739130435,0.1
0.07017543859649122,0.1
0.07079646017699115,0.1
0.07142857142857142,0.1
0.07207207207207207,0.1
0.06363636363636363,0.0875
0.06422018348623854,0.0875
0.06481481481481481,0.0875
0.06542056074766354,0.0875
0.0660377358490566,0.0875
0.06666666666666667,0.0875
0.0673076923076923,0.0875
0.06796116504854369,0.0875
0.06862745098039216,0.0875
0.06930693069306931,0.0875
0.07,0.0875
0.0707070707070707,0.0875
0.07142857142857142,0.0875
0.07216494845360824,0.0875
0.07291666666666667,0.0875
0.07368421052631578,0.0875
0.07446808510638298,0.0875
0.07526881720430108,0.0875
0.07608695652173914,0.0875
0.06593406593406594,0.075
0.06666666666666667,0.075
0.06741573033707865,0.075
0.06818181818181818,0.075
0.06896551724137931,0.075
0.06976744186046512,0.075
0.07058823529411765,0.075
0.07142857142857142,0.075
0.07228915662650602,0.075
0.07317073170731707,0.075
0.07407407407407407,0.075
0.075,0.075
0.0759493670886076,0.075
0.0641025641025641,0.0625
0.06493506493506493,0.0625
0.05263157894736842,0.05
0.05333333333333334,0.05
0.05405405405405406,0.05
0.0547945205479452,0.05
0.05555555555555555,0.05
0.056338028169014086,0.05
0.05714285714285714,0.05
0.057971014492753624,0.05
0.058823529411764705,0.05
0.05970149253731343,0.05
0.06060606060606061,0.05
0.06153846153846154,0.05
0.0625,0.05
0.06349206349206349,0.05
0.06451612903225806,0.05
0.06557377049180328,0.05
0.06666666666666667,0.05
0.06779661016949153,0.05
0.06896551724137931,0.05
0.07017543859649122,0.05
0.07142857142857142,0.05
0.07272727272727272,0.05
0.07407407407407407,0.05
0.07547169811320754,0.05
0.07692307692307693,0.05
0.058823529411764705,0.0375
0.06,0.0375
0.061224489795918366,0.0375
0.0625,0.0375
0.06382978723404255,0.0375
0.06521739130434782,0.0375
0.06666666666666667,0.0375
0.06818181818181818,0.0375
0.06976744186046512,0.0375
0.07142857142857142,0.0375
0.07317073170731707,0.0375
0.075,0.0375
0.07692307692307693,0.0375
0.07894736842105263,0.0375
0.08108108108108109,0.0375
0.08333333333333333,0.0375
0.08571428571428572,0.0375
0.08823529411764706,0.0375
0.09090909090909091,0.0375
0.09375,0.0375
0.0967741935483871,0.0375
0.1,0.0375
0.10344827586206896,0.0375
0.10714285714285714,0.0375
0.1111111111111111,0.0375
0.11538461538461539,0.0375
0.12,0.0375
0.125,0.0375
0.08695652173913043,0.025
0.09090909090909091,0.025
0.09523809523809523,0.025
0.1,0.025
0.10526315789473684,0.025
0.1111111111111111,0.025
0.058823529411764705,0.0125
0.0625,0.0125
0.06666666666666667,0.0125
0.07142857142857142,0.0125
0.0,0.0
0.0,0.0
0.0,0.0
0.0,0.0
0.0,0.0
0.0,0.0
0.0,0.0
0.0,0.0
0.0,0.0
0.0,0.0
0.0,0.0
0.0,0.0
0.0,0.0
1.0,0.0
