Precision,Recall
0.03341687552213868,1.0
0.03378956372968349,0.9875
0.03409090909090909,0.975
0.034513274336283185,0.975
0.03508771929824561,0.975
0.034372135655362054,0.9375
0.03441860465116279,0.925
0.034790785143394454,0.925
0.03515439429928741,0.925
0.03538976566236251,0.925
0.035214664737095995,0.9125
0.035505836575875485,0.9125
0.03585461689587426,0.9125
0.03516592372461615,0.8875
0.03498250874562719,0.875
0.035246727089627394,0.875
0.035114503816793895,0.8625
0.03542094455852156,0.8625
0.035751295336787565,0.8625
0.035398230088495575,0.85
0.035676810073452254,0.85
0.036036036036036036,0.85
0.03626666666666667,0.85
0.036637931034482756,0.85
0.03683640303358613,0.85
0.03657205240174673,0.8375
0.036833424958768554,0.8375
0.037016574585635356,0.8375
0.03716028840820854,0.8375
0.036954087346024636,0.825
0.03674392312040701,0.8125
0.036973833902161544,0.8125
0.036550542547115934,0.8
0.03620689655172414,0.7875
0.03581744656268053,0.775
0.03538283062645012,0.7625
0.03577712609970674,0.7625
0.03600944510035419,0.7625
0.03620178041543027,0.7625
0.03654883163571001,0.7625
0.03674698795180723,0.7625
0.03631961259079903,0.75
0.03599755948749237,0.7375
0.036129822412737295,0.7375
0.03641975308641975,0.7375
0.036668738346799255,0.7375
0.036318096430807766,0.725
0.036007580543272265,0.7125
0.03560076287349015,0.7
0.035737077217613274,0.7
0.03594351732991014,0.7
0.03617571059431524,0.7
0.035783994795055306,0.6875
0.03599476439790576,0.6875
0.036351619299405155,0.6875
0.03647214854111406,0.6875
0.03678929765886288,0.6875
0.03636363636363636,0.675
0.036635006784260515,0.675
0.03706245710363761,0.675
0.037267080745341616,0.675
0.0368567454798331,0.6625
0.03581460674157303,0.6375
0.03596614950634697,0.6375
0.03604240282685512,0.6375
0.03642857142857143,0.6375
0.036637931034482756,0.6375
0.036929761042722664,0.6375
0.03730797366495977,0.6375
0.03766617429837518,0.6375
0.03714710252600297,0.625
0.03731343283582089,0.625
0.037565740045078885,0.625
0.03787878787878788,0.625
0.03825554705432287,0.625
0.038580246913580245,0.625
0.038789759503491075,0.625
0.03924646781789639,0.625
0.03968253968253968,0.625
0.04,0.625
0.04022526146419952,0.625
0.040584415584415584,0.625
0.04095004095004095,0.625
0.04118616144975288,0.625
0.041390728476821195,0.625
0.040901502504173626,0.6125
0.041107382550335574,0.6125
0.04054054054054054,0.6
0.04099060631938514,0.6
0.04062229904926534,0.5875
0.04013961605584642,0.575
0.03880070546737213,0.55
0.039285714285714285,0.55
0.039603960396039604,0.55
0.03985507246376811,0.55
0.03941338221814849,0.5375
0.03885291396854764,0.525
0.03917910447761194,0.525
0.038679245283018866,0.5125
0.0389363722697056,0.5125
0.0393852065321806,0.5125
0.03961352657004831,0.5125
0.03996101364522417,0.5125
0.03762376237623762,0.475
0.037848605577689244,0.475
0.038267875125881166,0.475
0.03861788617886179,0.475
0.039014373716632446,0.475
0.03917525773195876,0.475
0.0395010395010395,0.475
0.03987408184679958,0.475
0.04042553191489362,0.475
0.04013015184381779,0.4625
0.04034896401308615,0.4625
0.040748898678414094,0.4625
0.04120267260579064,0.4625
0.04040404040404041,0.45
0.04072398190045249,0.45
0.0410958904109589,0.45
0.04128440366972477,0.45
0.041474654377880185,0.45
0.041666666666666664,0.45
0.042105263157894736,0.45
0.040236686390532544,0.425
0.04062126642771804,0.425
0.04106280193236715,0.425
0.04156479217603912,0.425
0.03950617283950617,0.4
0.039950062421972535,0.4
0.03783102143757881,0.375
0.03816793893129771,0.375
0.03826530612244898,0.375
0.03875968992248062,0.375
0.0391644908616188,0.375
0.03963011889035667,0.375
0.0398936170212766,0.375
0.040376850605652756,0.375
0.04065040650406504,0.375
0.040983606557377046,0.375
0.0411522633744856,0.375
0.04149377593360996,0.375
0.04178272980501393,0.375
0.04189944134078212,0.375
0.04219409282700422,0.375
0.04107648725212465,0.3625
0.04136947218259629,0.3625
0.04148783977110158,0.3625
0.03918722786647315,0.3375
0.039705882352941174,0.3375
0.03988183161004431,0.3375
0.038922155688622756,0.325
0.0391566265060241,0.325
0.03939393939393939,0.325
0.039816232771822356,0.325
0.04024767801857585,0.325
0.03912363067292645,0.3125
0.03803486529318542,0.3
0.03827751196172249,0.3
0.038461538461538464,0.3
0.03870967741935484,0.3
0.03877221324717286,0.3
0.03896103896103896,0.3
0.0392156862745098,0.3
0.03940886699507389,0.3
0.03986710963455149,0.3
0.038397328881469114,0.2875
0.038461538461538464,0.2875
0.03885135135135135,0.2875
0.0391156462585034,0.2875
0.03945111492281304,0.2875
0.039792387543252594,0.2875
0.04035087719298246,0.2875
0.03942652329749104,0.275
0.039711191335740074,0.275
0.040293040293040296,0.275
0.03896103896103896,0.2625
0.037243947858473,0.25
0.03571428571428571,0.2375
0.03598484848484849,0.2375
0.034482758620689655,0.225
0.03474903474903475,0.225
0.03529411764705882,0.225
0.03571428571428571,0.225
0.036290322580645164,0.225
0.036511156186612576,0.225
0.03696098562628337,0.225
0.037267080745341616,0.225
0.037422037422037424,0.225
0.036016949152542374,0.2125
0.036170212765957444,0.2125
0.03648068669527897,0.2125
0.0367965367965368,0.2125
0.037199124726477024,0.2125
0.03803131991051454,0.2125
0.038288288288288286,0.2125
0.038461538461538464,0.2125
0.0387243735763098,0.2125
0.038901601830663615,0.2125
0.03935185185185185,0.2125
0.039627039627039624,0.2125
0.03990610328638498,0.2125
0.037825059101654845,0.2
0.03818615751789976,0.2
0.03827751196172249,0.2
0.0387409200968523,0.2
0.03940886699507389,0.2
0.03970223325062035,0.2
0.04020100502512563,0.2
0.04040404040404041,0.2
0.04071246819338423,0.2
0.0390625,0.1875
0.037037037037037035,0.175
0.037333333333333336,0.175
0.0374331550802139,0.175
0.03804347826086957,0.175
0.038461538461538464,0.175
0.03888888888888889,0.175
0.03910614525139665,0.175
0.03943661971830986,0.175
0.03977272727272727,0.175
0.040345821325648415,0.175
0.04057971014492753,0.175
0.040697674418604654,0.175
0.04142011834319527,0.175
0.042042042042042045,0.175
0.039755351681957186,0.1625
0.04024767801857585,0.1625
0.040372670807453416,0.1625
0.040498442367601244,0.1625
0.04100946372239748,0.1625
0.04153354632587859,0.1625
0.04180064308681672,0.1625
0.04234527687296417,0.1625
0.0429042904290429,0.1625
0.04304635761589404,0.1625
0.04040404040404041,0.15
0.040955631399317405,0.15
0.041811846689895474,0.15
0.042105263157894736,0.15
0.04285714285714286,0.15
0.04316546762589928,0.15
0.043478260869565216,0.15
0.04363636363636364,0.15
0.04428044280442804,0.15
0.04460966542750929,0.15
0.0449438202247191,0.15
0.04580152671755725,0.15
0.04263565891472868,0.1375
0.042801556420233464,0.1375
0.04330708661417323,0.1375
0.04435483870967742,0.1375
0.04132231404958678,0.125
0.04184100418410042,0.125
0.04219409282700422,0.125
0.0425531914893617,0.125
0.043478260869565216,0.125
0.043859649122807015,0.125
0.04424778761061947,0.125
0.04090909090909091,0.1125
0.041474654377880185,0.1125
0.04225352112676056,0.1125
0.043478260869565216,0.1125
0.04411764705882353,0.1125
0.045,0.1125
0.045454545454545456,0.1125
0.04591836734693878,0.1125
0.04639175257731959,0.1125
0.04736842105263158,0.1125
0.0481283422459893,0.1125
0.04891304347826087,0.1125
0.04918032786885246,0.1125
0.05,0.1125
0.05113636363636364,0.1125
0.05232558139534884,0.1125
0.047058823529411764,0.1
0.047619047619047616,0.1
0.04242424242424243,0.0875
0.04375,0.0875
0.0440251572327044,0.0875
0.044585987261146494,0.0875
0.03870967741935484,0.075
0.03896103896103896,0.075
0.0392156862745098,0.075
0.039735099337748346,0.075
0.033783783783783786,0.0625
0.034013605442176874,0.0625
0.034482758620689655,0.0625
0.035211267605633804,0.0625
0.0364963503649635,0.0625
0.037037037037037035,0.0625
0.03759398496240601,0.0625
0.03816793893129771,0.0625
0.038461538461538464,0.0625
0.03937007874015748,0.0625
0.03968253968253968,0.0625
0.04032258064516129,0.0625
0.04065040650406504,0.0625
0.041666666666666664,0.0625
0.04201680672268908,0.0625
0.0423728813559322,0.0625
0.042735042735042736,0.0625
0.04424778761061947,0.0625
0.04504504504504504,0.0625
0.037383177570093455,0.05
0.02830188679245283,0.0375
0.02912621359223301,0.0375
0.03,0.0375
0.020618556701030927,0.025
0.020833333333333332,0.025
0.021505376344086023,0.025
0.02197802197802198,0.025
0.022727272727272728,0.025
0.023529411764705882,0.025
0.023809523809523808,0.025
0.024096385542168676,0.025
0.024390243902439025,0.025
0.025,0.025
0.025974025974025976,0.025
0.02702702702702703,0.025
0.027777777777777776,0.025
0.028169014084507043,0.025
0.02857142857142857,0.025
0.029411764705882353,0.025
0.030303030303030304,0.025
0.03076923076923077,0.025
0.03125,0.025
0.03225806451612903,0.025
0.03333333333333333,0.025
0.017857142857142856,0.0125
0.01818181818181818,0.0125
0.018518518518518517,0.0125
0.019230769230769232,0.0125
0.02,0.0125
0.02040816326530612,0.0125
0.02127659574468085,0.0125
0.021739130434782608,0.0125
0.022222222222222223,0.0125
0.023255813953488372,0.0125
0.023809523809523808,0.0125
0.027777777777777776,0.0125
0.02857142857142857,0.0125
0.029411764705882353,0.0125
0.0,0.0
0.0,0.0
0.0,0.0
0.0,0.0
0.0,0.0
0.0,0.0
0.0,0.0
0.0,0.0
0.0,0.0
0.0,0.0
0.0,0.0
0.0,0.0
0.0,0.0
0.0,0.0
0.0,0.0
0.0,0.0
0.0,0.0
0.0,0.0
1.0,0.0
