Precision,Recall
0.03250711093051605,1.0
0.03211382113821138,0.9875
0.032126880845872306,0.9875
0.03213995117982099,0.9875
0.032153032153032154,0.9875
0.03216612377850163,0.9875
0.03217922606924643,0.9875
0.03219233903830481,0.9875
0.03220546269873624,0.9875
0.03221859706362153,0.9875
0.03223174214606283,0.9875
0.03224489795918367,0.9875
0.03225806451612903,0.9875
0.03227124183006536,0.9875
0.03228442991418063,0.9875
0.032297628781684386,0.9875
0.032310838445807774,0.9875
0.032324058919803604,0.9875
0.032337290216946375,0.9875
0.03235053235053235,0.9875
0.032363785333879555,0.9875
0.03237704918032787,0.9875
0.03239032390323903,0.9875
0.03240360951599672,0.9875
0.032416906032006566,0.9875
0.032430213464696225,0.9875
0.0324435318275154,0.9875
0.03245686113393591,0.9875
0.03247020139745171,0.9875
0.03248355263157895,0.9875
0.03249691484985603,0.9875
0.03251028806584362,0.9875
0.03252367229312474,0.9875
0.032537067545304776,0.9875
0.032550473836011534,0.9875
0.0325638911788953,0.9875
0.03257731958762886,0.9875
0.03259075907590759,0.9875
0.032604209657449444,0.9875
0.032617671345995046,0.9875
0.032631144155307726,0.9875
0.03264462809917355,0.9875
0.032658123191401406,0.9875
0.032671629445823,0.9875
0.032685146876292925,0.9875
0.03269867549668874,0.9875
0.032712215320910974,0.9875
0.03272576636288318,0.9875
0.03273932863655201,0.9875
0.03275290215588723,0.9875
0.032766486934881794,0.9875
0.03278008298755187,0.9875
0.0327936903279369,0.9875
0.03280730897009967,0.9875
0.0328209389281263,0.9875
0.03283458021612635,0.9875
0.03284823284823285,0.9875
0.03286189683860233,0.9875
0.0328755722014149,0.9875
0.03288925895087427,0.9875
0.03290295710120783,0.9875
0.032916666666666664,0.9875
0.03293038766152564,0.9875
0.0329441201000834,0.9875
0.03295786399666249,0.9875
0.03297161936560935,0.9875
0.03298538622129436,0.9875
0.032999164578111945,0.9875
0.03301295445048057,0.9875
0.03302675585284281,0.9875
0.03304056879966541,0.9875
0.03305439330543933,0.9875
0.033068229384679786,0.9875
0.0330820770519263,0.9875
0.03309593632174277,0.9875
0.03310980720871752,0.9875
0.03312368972746331,0.9875
0.03313758389261745,0.9875
0.0331514897188418,0.9875
0.03316540722082284,0.9875
0.03317933641327173,0.9875
0.03319327731092437,0.9875
0.0332072299285414,0.9875
0.03322119428090833,0.9875
0.03323517038283551,0.9875
0.03324915824915825,0.9875
0.03326315789473684,0.9875
0.03327716933445661,0.9875
0.033291192583227984,0.9875
0.03330522765598651,0.9875
0.03331927456769296,0.9875
0.03333333333333333,0.9875
0.03334740396791895,0.9875
0.033361486486486486,0.9875
0.033375580904098014,0.9875
0.033389687235841084,0.9875
0.03340380549682875,0.9875
0.03341793570219966,0.9875
0.03343207786711807,0.9875
0.03344623200677392,0.9875
0.033460398136382886,0.9875
0.03347457627118644,0.9875
0.033488766426451884,0.9875
0.033502968617472435,0.9875
0.03351718285956724,0.9875
0.03353140916808149,0.9875
0.03354564755838641,0.9875
0.033559898045879354,0.9875
0.03357416064598385,0.9875
0.03358843537414966,0.9875
0.033602722245852826,0.9875
0.03361702127659574,0.9875
0.033631332481907195,0.9875
0.03364565587734242,0.9875
0.03365999147848317,0.9875
0.033674339300937765,0.9875
0.03368869936034115,0.9875
0.03370307167235495,0.9875
0.03371745625266752,0.9875
0.033731853116994025,0.9875
0.03374626228107646,0.9875
0.03376068376068376,0.9875
0.0337751175716118,0.9875
0.03378956372968349,0.9875
0.03380402225074882,0.9875
0.033818493150684935,0.9875
0.033832976445396144,0.9875
0.03384747215081405,0.9875
0.03386198028289756,0.9875
0.033876500857632934,0.9875
0.03389103389103389,0.9875
0.03390557939914163,0.9875
0.0339201373980249,0.9875
0.033934707903780066,0.9875
0.033949290932531156,0.9875
0.033963886500429925,0.9875
0.03397849462365592,0.9875
0.03399311531841653,0.9875
0.03400774860094705,0.9875
0.034022394487510765,0.9875
0.034037052994398964,0.9875
0.03405172413793103,0.9875
0.03406640793445451,0.9875
0.034081104400345126,0.9875
0.03409581355200691,0.9875
0.034110535405872194,0.9875
0.03412526997840173,0.9875
0.0341400172860847,0.9875
0.03415477734543882,0.9875
0.034169550173010384,0.9875
0.0341843357853743,0.9875
0.0341991341991342,0.9875
0.034213945430922474,0.9875
0.03422876949740035,0.9875
0.03424360641525791,0.9875
0.034258456201214225,0.9875
0.03427331887201735,0.9875
0.03428819444444445,0.9875
0.03430308293530178,0.9875
0.03431798436142485,0.9875
0.0343328987396784,0.9875
0.03434782608695652,0.9875
0.03436276642018269,0.9875
0.034377719756309835,0.9875
0.034392686112320416,0.9875
0.03440766550522648,0.9875
0.03442265795206972,0.9875
0.03443766346992153,0.9875
0.034452682075883125,0.9875
0.03446771378708551,0.9875
0.034482758620689655,0.9875
0.03449781659388646,0.9875
0.0345128877238969,0.9875
0.034527972027972025,0.9875
0.03454306952339309,0.9875
0.03455818022747156,0.9875
0.03457330415754924,0.9875
0.03458844133099825,0.9875
0.0346035917652212,0.9875
0.034618755477651184,0.9875
0.03463393248575186,0.9875
0.03464912280701754,0.9875
0.03466432645897324,0.9875
0.03467954345917471,0.9875
0.03469477382520861,0.9875
0.03471001757469244,0.9875
0.03472527472527472,0.9875
0.034740545294635,0.9875
0.034755829300483945,0.9875
0.03477112676056338,0.9875
0.03478643769264641,0.9875
0.03480176211453744,0.9875
0.03481710004407228,0.9875
0.034832451499118164,0.9875
0.03484781649757389,0.9875
0.03486319505736982,0.9875
0.03487858719646799,0.9875
0.03489399293286219,0.9875
0.034909412284577994,0.9875
0.034924845269672856,0.9875
0.03494029190623618,0.9875
0.034955752212389384,0.9875
0.03497122620628597,0.9875
0.034986713906111605,0.9875
0.035002215330084185,0.9875
0.0350177304964539,0.9875
0.03503325942350333,0.9875
0.035048802129547474,0.9875
0.03506435863293387,0.9875
0.03507992895204263,0.9875
0.03509551310528654,0.9875
0.035111111111111114,0.9875
0.035126722987994664,0.9875
0.035142348754448396,0.9875
0.03515798842901647,0.9875
0.035173642030276044,0.9875
0.03518930957683741,0.9875
0.035204991087344026,0.9875
0.03522068658047258,0.9875
0.0352363960749331,0.9875
0.035252119589468986,0.9875
0.03526785714285714,0.9875
0.03528360875390799,0.9875
0.03485254691689008,0.975
0.0348681269557443,0.975
0.03488372093023256,0.975
0.0348993288590604,0.975
0.03491495076096687,0.975
0.03493058665472459,0.975
0.03494623655913978,0.975
0.03496190049305244,0.975
0.03497757847533632,0.975
0.034993270524899055,0.975
0.03500897666068223,0.975
0.03502469690166143,0.975
0.03504043126684636,0.975
0.0350561797752809,0.975
0.03507194244604316,0.975
0.03508771929824561,0.975
0.0351035103510351,0.975
0.035119315623592974,0.975
0.03513513513513514,0.975
0.03515096890491212,0.975
0.0351668169522092,0.975
0.035182679296346414,0.975
0.0351985559566787,0.975
0.035214446952595936,0.975
0.03523035230352303,0.975
0.03524627202892002,0.975
0.0352622061482821,0.975
0.035278154681139755,0.975
0.03529411764705882,0.975
0.03531009506564056,0.975
0.035326086956521736,0.975
0.035342093339374714,0.975
0.03535811423390753,0.975
0.03537414965986395,0.975
0.03539019963702359,0.975
0.035406264185202,0.975
0.035422343324250684,0.975
0.03543843707405725,0.975
0.035454545454545454,0.975
0.03547066848567531,0.975
0.03548680618744313,0.975
0.03550295857988166,0.975
0.03551912568306011,0.975
0.03553530751708428,0.975
0.03555150410209663,0.975
0.03556771545827633,0.975
0.035583941605839414,0.975
0.035600182565038795,0.975
0.03561643835616438,0.975
0.03563270899954317,0.975
0.0356489945155393,0.975
0.03566529492455418,0.975
0.035681610247026534,0.975
0.035697940503432495,0.975
0.03571428571428571,0.975
0.03573064590013743,0.975
0.035747021081576534,0.975
0.03576341127922971,0.975
0.03577981651376147,0.975
0.03579623680587425,0.975
0.03581267217630854,0.975
0.035829122645842905,0.975
0.035845588235294115,0.975
0.03586206896551724,0.975
0.03541858325666973,0.9625
0.0354348826507133,0.9625
0.035451197053407,0.9625
0.03546752648549056,0.9625
0.035483870967741936,0.9625
0.03550023052097741,0.9625
0.03551660516605166,0.9625
0.03553299492385787,0.9625
0.035549399815327794,0.9625
0.03556581986143187,0.9625
0.0355822550831793,0.9625
0.03559870550161812,0.9625
0.035615171137835334,0.9625
0.03563165201295696,0.9625
0.03564814814814815,0.9625
0.035664659564613246,0.9625
0.03568118628359592,0.9625
0.03569772832637923,0.9625
0.03571428571428571,0.9625
0.0357308584686775,0.9625
0.03574744661095636,0.9625
0.035764050162563864,0.9625
0.03578066914498141,0.9625
0.03579730357973036,0.9625
0.035813953488372095,0.9625
0.035830618892508145,0.9625
0.03584729981378026,0.9625
0.03586399627387052,0.9625
0.0358807082945014,0.9625
0.035897435897435895,0.9625
0.03591417910447761,0.9625
0.03593093793747083,0.9625
0.03594771241830065,0.9625
0.03596450256889304,0.9625
0.035981308411214954,0.9625
0.035998129967274424,0.9625
0.03601496725912067,0.9625
0.03603182030884417,0.9625
0.03604868913857678,0.9625
0.036065573770491806,0.9625
0.03608247422680412,0.9625
0.03609939052977028,0.9625
0.036116322701688554,0.9625
0.03613327076489911,0.9625
0.03615023474178404,0.9625
0.03616721465476749,0.9625
0.03618421052631579,0.9625
0.03620122237893747,0.9625
0.03621825023518344,0.9625
0.03623529411764706,0.9625
0.036252354048964215,0.9625
0.03626943005181347,0.9625
0.03628652214891612,0.9625
0.036303630363036306,0.9625
0.03632075471698113,0.9625
0.03633789523360075,0.9625
0.03635505193578848,0.9625
0.036372224846480866,0.9625
0.036389413988657845,0.9625
0.03640661938534279,0.9625
0.03642384105960265,0.9625
0.03644107903454804,0.9625
0.036458333333333336,0.9625
0.0364756039791568,0.9625
0.036492890995260666,0.9625
0.036510194404931244,0.9625
0.03652751423149905,0.9625
0.036544850498338874,0.9625
0.0365622032288699,0.9625
0.03657957244655582,0.9625
0.036596958174904944,0.9625
0.03661436043747028,0.9625
0.03663177925784967,0.9625
0.03664921465968586,0.9625
0.03666666666666667,0.9625
0.03668413530252501,0.9625
0.03670162059103908,0.9625
0.03671912255603243,0.9625
0.036736641221374045,0.9625
0.03675417661097852,0.9625
0.03677172874880611,0.9625
0.03678929765886288,0.9625
0.036806883365200764,0.9625
0.036824485891917745,0.9625
0.03684210526315789,0.9625
0.03685974150311154,0.9625
0.036877394636015325,0.9625
0.03689506468615237,0.9625
0.03691275167785235,0.9625
0.036930455635491605,0.9625
0.03694817658349328,0.9625
0.03696591454632741,0.9625
0.036983669548511046,0.9625
0.03700144161460836,0.9625
0.03701923076923077,0.9625
0.037037037037037035,0.9625
0.0370548604427334,0.9625
0.03707270101107366,0.9625
0.03709055876685934,0.9625
0.03710843373493976,0.9625
0.03664416586306654,0.95
0.036661842739990354,0.95
0.03667953667953668,0.95
0.03669724770642202,0.95
0.03671497584541063,0.95
0.03673272112131464,0.95
0.0367504835589942,0.95
0.036768263183357526,0.95
0.036786060019361085,0.95
0.036803874092009685,0.95
0.03682170542635659,0.95
0.036354823073194376,0.9375
0.03588748787584869,0.925
0.035904900533721494,0.925
0.035922330097087375,0.925
0.03593977659057795,0.925
0.03547133138969873,0.9125
0.03548857559552747,0.9125
0.035505836575875485,0.9125
0.035523114355231145,0.9125
0.03554040895813048,0.9125
0.035557720409157334,0.9125
0.03557504873294347,0.9125
0.035592393954168695,0.9125
0.03560975609756097,0.9125
0.035627135187896536,0.9125
0.03564453125,0.9125
0.0356619443087445,0.9125
0.03567937438905181,0.9125
0.03569682151589242,0.9125
0.03522504892367906,0.9
0.03524229074889868,0.9
0.03525954946131244,0.9
0.035276825085742286,0.9
0.03529411764705882,0.9
0.03531142717018146,0.9
0.03532875368007851,0.9
0.035346097201767304,0.9
0.03536345776031434,0.9
0.03538083538083538,0.9
0.035398230088495575,0.9
0.03541564190850959,0.9
0.03543307086614173,0.9
0.03545051698670606,0.9
0.035467980295566505,0.9
0.03548546081813701,0.9
0.03550295857988166,0.9
0.03502713369511593,0.8875
0.03504442250740375,0.8875
0.03506172839506173,0.8875
0.03507905138339921,0.8875
0.03509639149777558,0.8875
0.0351137487636004,0.8875
0.0351311232063335,0.8875
0.03514851485148515,0.8875
0.03516592372461615,0.8875
0.03518334985133796,0.8875
0.03520079325731284,0.8875
0.03521825396825397,0.8875
0.03523573200992556,0.8875
0.035253227408143,0.8875
0.03527074018877298,0.8875
0.0352882703777336,0.8875
0.035305818000994534,0.8875
0.035323383084577116,0.8875
0.0353409656545545,0.8875
0.035358565737051796,0.8875
0.03537618335824614,0.8875
0.0353938185443669,0.8875
0.03541147132169576,0.8875
0.035429141716566866,0.8875
0.03544682975536695,0.8875
0.035464535464535464,0.8875
0.03548225887056472,0.8875
0.0355,0.8875
0.03551775887943972,0.8875
0.03553553553553553,0.8875
0.035553329994992486,0.8875
0.03557114228456914,0.8875
0.03558897243107769,0.8875
0.03560682046138415,0.8875
0.03562468640240843,0.8875
0.035140562248995984,0.875
0.03515821195379206,0.875
0.035175879396984924,0.875
0.03519356460532931,0.875
0.035211267605633804,0.875
0.035228988424760944,0.875
0.035246727089627394,0.875
0.03526448362720403,0.875
0.03528225806451613,0.875
0.03530005042864347,0.875
0.035317860746720484,0.875
0.0353356890459364,0.875
0.03535353535353535,0.875
0.035371399696816574,0.875
0.03538928210313448,0.875
0.035407182599898834,0.875
0.0354251012145749,0.875
0.035443037974683546,0.875
0.03546099290780142,0.875
0.035478966041561075,0.875
0.035496957403651115,0.875
0.035514967021816335,0.875
0.03553299492385787,0.875
0.03555104113763331,0.875
0.03556910569105691,0.875
0.03558718861209965,0.875
0.03560528992878942,0.875
0.035623409669211195,0.875
0.035641547861507125,0.875
0.03565970453387672,0.875
0.03567787971457696,0.875
0.035696073431922486,0.875
0.03571428571428571,0.875
0.03573251659009699,0.875
0.03575076608784474,0.875
0.03576903423607562,0.875
0.03578732106339468,0.875
0.03580562659846547,0.875
0.03582395087001024,0.875
0.035842293906810034,0.875
0.035860655737704916,0.875
0.03587903639159405,0.875
0.035897435897435895,0.875
0.03591585428424833,0.875
0.03593429158110883,0.875
0.035952747817154594,0.875
0.03597122302158273,0.875
0.03598971722365039,0.875
0.0360082304526749,0.875
0.03602676273803397,0.875
0.03604531410916581,0.875
0.03606388459556929,0.875
0.03608247422680412,0.875
0.036101083032490974,0.875
0.03611971104231166,0.875
0.036138358286009295,0.875
0.03615702479338843,0.875
0.03617571059431524,0.875
0.03619441571871768,0.875
0.03621314019658562,0.875
0.036231884057971016,0.875
0.03625064733298809,0.875
0.035751295336787565,0.8625
0.03576982892690513,0.8625
0.03578838174273859,0.8625
0.03580695381421899,0.8625
0.03582554517133956,0.8625
0.035844155844155845,0.8625
0.035862785862785865,0.8625
0.0358814352574103,0.8625
0.03590010405827263,0.8625
0.03591879229567933,0.8625
0.0359375,0.8625
0.03595622720166754,0.8625
0.03597497393117831,0.8625
0.03599374021909233,0.8625
0.0360125260960334,0.8625
0.03603133159268929,0.8625
0.03605015673981191,0.8625
0.03606900156821746,0.8625
0.03608786610878661,0.8625
0.03610675039246468,0.8625
0.03612565445026178,0.8625
0.03614457831325301,0.8625
0.036163522012578615,0.8625
0.03618248557944415,0.8625
0.03620146904512067,0.8625
0.03622047244094488,0.8625
0.03623949579831933,0.8625
0.03625853914871256,0.8625
0.03627760252365931,0.8625
0.036296685954760655,0.8625
0.03631578947368421,0.8625
0.036334913112164295,0.8625
0.03635405690200211,0.8625
0.03637322087506589,0.8625
0.03639240506329114,0.8625
0.03641160949868074,0.8625
0.036430834213305174,0.8625
0.03645007923930269,0.8625
0.035940803382663845,0.85
0.035959809624537285,0.85
0.03597883597883598,0.85
0.035997882477501325,0.85
0.036016949152542374,0.85
0.036036036036036036,0.85
0.036055143160127257,0.85
0.03607427055702918,0.85
0.036093418259023353,0.85
0.036112586298459905,0.85
0.036131774707757705,0.85
0.03615098351940457,0.85
0.036170212765957444,0.85
0.036189462480042574,0.85
0.0362087326943557,0.85
0.036228023441662226,0.85
0.03624733475479744,0.85
0.03626666666666667,0.85
0.03628601921024546,0.85
0.036305392418579815,0.85
0.03632478632478633,0.85
0.036344200962052375,0.85
0.03636363636363636,0.85
0.03638309256286784,0.85
0.03640256959314775,0.85
0.03642206748794858,0.85
0.03644158628081458,0.85
0.03646112600536193,0.85
0.03648068669527897,0.85
0.03650026838432636,0.85
0.036519871106337275,0.85
0.03653949489521763,0.85
0.03655913978494624,0.85
0.03657880580957504,0.85
0.03659849300322928,0.85
0.0366182014001077,0.85
0.036637931034482756,0.85
0.036657681940700806,0.85
0.036677454153182305,0.85
0.03669724770642202,0.85
0.0367170626349892,0.85
0.036736898973527825,0.85
0.036756756756756756,0.85
0.03677663601946998,0.85
0.0367965367965368,0.85
0.036816459122902004,0.85
0.03683640303358613,0.85
0.03685636856368564,0.85
0.0368763557483731,0.85
0.03689636462289745,0.85
0.03691639522258415,0.85
0.036936447582835416,0.85
0.03695652173913044,0.85
0.036976617727025554,0.85
0.036996735582154515,0.85
0.037016875340228635,0.85
0.037037037037037035,0.85
0.037057220708446865,0.85
0.03707742639040349,0.85
0.03709765411893071,0.85
0.03711790393013101,0.85
0.03713817586018569,0.85
0.03715846994535519,0.85
0.036632039365773646,0.8375
0.03665207877461707,0.8375
0.03667214012041598,0.8375
0.03669222343921139,0.8375
0.03671232876712329,0.8375
0.03673245614035088,0.8375
0.036752605595172794,0.8375
0.03677277716794731,0.8375
0.036792970895112576,0.8375
0.036813186813186814,0.8375
0.036833424958768554,0.8375
0.03685368536853685,0.8375
0.036873968079251515,0.8375
0.036894273127753306,0.8375
0.03691460055096419,0.8375
0.03693495038588754,0.8375
0.03695532266960838,0.8375
0.0369757174392936,0.8375
0.03699613473219216,0.8375
0.037016574585635356,0.8375
0.037037037037037035,0.8375
0.03705752212389381,0.8375
0.03707802988378528,0.8375
0.03709856035437431,0.8375
0.0371191135734072,0.8375
0.03713968957871397,0.8375
0.03716028840820854,0.8375
0.03718091009988901,0.8375
0.03720155469183787,0.8375
0.03722222222222222,0.8375
0.03724291272929405,0.8375
0.03726362625139043,0.8375
0.03728436282693378,0.8375
0.037305122494432075,0.8375
0.03732590529247911,0.8375
0.037346711259754736,0.8375
0.0373675404350251,0.8375
0.037388392857142856,0.8375
0.03740926856504746,0.8375
0.037430167597765365,0.8375
0.03745108999441028,0.8375
0.03747203579418344,0.8375
0.03749300503637381,0.8375
0.037513997760358346,0.8375
0.03753501400560224,0.8375
0.03755605381165919,0.8375
0.03757711721817162,0.8375
0.037598204264870934,0.8375
0.037619314991577765,0.8375
0.037640449438202245,0.8375
0.03766160764474424,0.8375
0.03768278965129359,0.8375
0.037703995498030385,0.8375
0.03772522522522523,0.8375
0.03774647887323944,0.8375
0.037767756482525366,0.8375
0.03778905809362662,0.8375
0.03781038374717833,0.8375
0.0378317334839074,0.8375
0.03785310734463277,0.8375
0.03730921424533635,0.825
0.03733031674208145,0.825
0.03735144312393888,0.825
0.03737259343148358,0.825
0.037393767705382434,0.825
0.03741496598639456,0.825
0.03743618831537152,0.825
0.03745743473325766,0.825
0.03747870528109029,0.825
0.0375,0.825
0.03752131893121091,0.825
0.03754266211604096,0.825
0.037564029595902104,0.825
0.03758542141230068,0.825
0.037606837606837605,0.825
0.037628278221208664,0.825
0.037649743297204795,0.825
0.03767123287671233,0.825
0.03769274700171331,0.825
0.037714285714285714,0.825
0.03773584905660377,0.825
0.03775743707093822,0.825
0.03777904979965655,0.825
0.037800687285223365,0.825
0.03782234957020057,0.825
0.03784403669724771,0.825
0.0378657487091222,0.825
0.03788748564867968,0.825
0.03790924755887421,0.825
0.03793103448275862,0.825
0.03795284646348476,0.825
0.0379746835443038,0.825
0.037996545768566495,0.825
0.03744239631336405,0.8125
0.037463976945244955,0.8125
0.03748558246828143,0.8125
0.03750721292556261,0.8125
0.037528868360277134,0.8125
0.03755054881571346,0.8125
0.03757225433526012,0.8125
0.03759398496240601,0.8125
0.03761574074074074,0.8125
0.03763752171395483,0.8125
0.03765932792584009,0.8125
0.03768115942028986,0.8125
0.037703016241299306,0.8125
0.03772489843296576,0.8125
0.03774680603948897,0.8125
0.03776873910517141,0.8125
0.0377906976744186,0.8125
0.03781268179173938,0.8125
0.03783469150174622,0.8125
0.0378567268491555,0.8125
0.03787878787878788,0.8125
0.037900874635568516,0.8125
0.037922987164527425,0.8125
0.03794512551079977,0.8125
0.037967289719626166,0.8125
0.03798947983635301,0.8125
0.038011695906432746,0.8125
0.038033937975424224,0.8125
0.038056206088992975,0.8125
0.038078500292911543,0.8125
0.038100820633059786,0.8125
0.03812316715542522,0.8125
0.03814553990610329,0.8125
0.03816793893129771,0.8125
0.038190364277320796,0.8125
0.03821281599059377,0.8125
0.03823529411764706,0.8125
0.03825779870512066,0.8125
0.03828032979976443,0.8125
0.03830288744843842,0.8125
0.038325471698113206,0.8125
0.038348082595870206,0.8125
0.03837072018890201,0.8125
0.0383933845245127,0.8125
0.0384160756501182,0.8125
0.03784742755765819,0.8
0.0378698224852071,0.8
0.037892243931320305,0.8
0.037914691943127965,0.8
0.03793716656787196,0.8
0.03795966785290629,0.8
0.03798219584569733,0.8
0.03800475059382423,0.8
0.0374331550802139,0.7875
0.03745541022592152,0.7875
0.037477691850089236,0.7875
0.0375,0.7875
0.03752233472304944,0.7875
0.037544696066746125,0.7875
0.03756708407871199,0.7875
0.03758949880668258,0.7875
0.037014925373134326,0.775
0.037037037037037035,0.775
0.03705917513448894,0.775
0.03708133971291866,0.775
0.03710353081986834,0.775
0.037125748502994015,0.775
0.03714799281006591,0.775
0.03717026378896882,0.775
0.03719256148770246,0.775
0.03721488595438175,0.775
0.037237237237237236,0.775
0.037259615384615384,0.775
0.037282020444978956,0.775
0.03730445246690734,0.775
0.03732691149909693,0.775
0.03734939759036145,0.775
0.037371910789632305,0.775
0.03739445114595899,0.775
0.03741701870850935,0.775
0.03743961352657005,0.775
0.03746223564954683,0.775
0.037484885126964934,0.775
0.03750756200846945,0.775
0.03753026634382567,0.775
0.03755299818291944,0.775
0.037575757575757575,0.775
0.03759854457246816,0.775
0.03762135922330097,0.775
0.03764420157862781,0.775
0.03766707168894289,0.775
0.03768996960486322,0.775
0.037712895377128956,0.775
0.03773584905660377,0.775
0.037758830694275276,0.775
0.037781840341255334,0.775
0.03780487804878049,0.775
0.037827943868212324,0.775
0.03785103785103785,0.775
0.037874160048869884,0.775
0.037897310513447434,0.775
0.037920489296636085,0.775
0.037943696450428395,0.775
0.037966932026944275,0.775
0.03799019607843137,0.775
0.03801348865726548,0.775
0.03803680981595092,0.775
0.03806015960712093,0.775
0.038083538083538086,0.775
0.03810694529809465,0.775
0.038130381303813035,0.775
0.038153846153846156,0.775
0.038177339901477834,0.775
0.03820086260012323,0.775
0.03822441430332922,0.775
0.03824799506477483,0.775
0.03827160493827161,0.775
0.03829524397776405,0.775
0.038318912237330034,0.775
0.0383426097711812,0.775
0.038366336633663366,0.775
0.038390092879256967,0.775
0.03841387856257745,0.775
0.038437693738375696,0.775
0.038461538461538464,0.775
0.038485412787088766,0.775
0.03850931677018633,0.775
0.03853325046612803,0.775
0.03855721393034826,0.775
0.038581207218419414,0.775
0.038605230386052306,0.775
0.038629283489096576,0.775
0.03865336658354115,0.775
0.03867747972551466,0.775
0.03870162297128589,0.775
0.03872579637726421,0.775
0.03875,0.775
0.03814884302689181,0.7625
0.038172715894868585,0.7625
0.038196618659987476,0.7625
0.03822055137844611,0.7625
0.03824451410658307,0.7625
0.038268506900878296,0.7625
0.038292529817953544,0.7625
0.038316582914572864,0.7625
0.03834066624764299,0.7625
0.038364779874213835,0.7625
0.03838892385147892,0.7625
0.03841309823677582,0.7625
0.03843730308758664,0.7625
0.038461538461538464,0.7625
0.038485804416403785,0.7625
0.03851010101010101,0.7625
0.03853442830069488,0.7625
0.038558786346396964,0.7625
0.038583175205566096,0.7625
0.03860759493670886,0.7625
0.038632045598480054,0.7625
0.038656527249683145,0.7625
0.03868103994927077,0.7625
0.038705583756345176,0.7625
0.03873015873015873,0.7625
0.03875476493011436,0.7625
0.03877940241576605,0.7625
0.03880407124681934,0.7625
0.03882877148313176,0.7625
0.038853503184713374,0.7625
0.038878266411727216,0.7625
0.0389030612244898,0.7625
0.0389278876834716,0.7625
0.038952745849297574,0.7625
0.038977635782747606,0.7625
0.03900255754475703,0.7625
0.03902751119641715,0.7625
0.03905249679897567,0.7625
0.039077514413837285,0.7625
0.0391025641025641,0.7625
0.0391276459268762,0.7625
0.03915275994865212,0.7625
0.03917790622992935,0.7625
0.03920308483290488,0.7625
0.03922829581993569,0.7625
0.039253539253539256,0.7625
0.038634900193174504,0.75
0.03865979381443299,0.75
0.03868471953578337,0.75
0.03870967741935484,0.75
0.03873466752743705,0.75
0.03875968992248062,0.75
0.03878474466709761,0.75
0.03880983182406209,0.75
0.038834951456310676,0.75
0.038860103626943004,0.75
0.03888528839922229,0.75
0.038910505836575876,0.75
0.03893575600259572,0.75
0.03896103896103896,0.75
0.03898635477582846,0.75
0.03901170351105332,0.75
0.03903708523096942,0.75
0.0390625,0.75
0.03908794788273615,0.75
0.03911342894393742,0.75
0.038486627527723416,0.7375
0.038511749347258484,0.7375
0.038536903984323974,0.7375
0.038562091503267976,0.7375
0.03858731196860693,0.7375
0.03861256544502618,0.7375
0.038637851997380485,0.7375
0.03866317169069463,0.7375
0.038688524590163934,0.7375
0.03871391076115486,0.7375
0.038739330269205514,0.7375
0.03876478318002628,0.7375
0.03879026955950033,0.7375
0.03881578947368421,0.7375
0.038841342988808425,0.7375
0.038866930171278,0.7375
0.03889255108767304,0.7375
0.03891820580474934,0.7375
0.038943894389438946,0.7375
0.03896961690885073,0.7375
0.038995373430270985,0.7375
0.03902116402116402,0.7375
0.039046988749172735,0.7375
0.0390728476821192,0.7375
0.0390987408880053,0.7375
0.038461538461538464,0.725
0.038487060384870604,0.725
0.03851261620185923,0.725
0.038538205980066444,0.725
0.03856382978723404,0.725
0.0385894876912841,0.725
0.03861517976031957,0.725
0.038640906062624915,0.725
0.03866666666666667,0.725
0.038692461641094064,0.725
0.03871829105473965,0.725
0.038744154976619906,0.725
0.03877005347593583,0.725
0.03879598662207358,0.725
0.038821954484605084,0.725
0.03884795713328868,0.725
0.0388739946380697,0.725
0.038900067069081154,0.725
0.038926174496644296,0.725
0.03895231699126931,0.725
0.038978494623655914,0.725
0.03900470746469401,0.725
0.039030955585464336,0.725
0.039057239057239054,0.725
0.03908355795148248,0.725
0.03910991233985165,0.725
0.03913630229419703,0.725
0.03916272788656313,0.725
0.03918918918918919,0.725
0.0392156862745098,0.725
0.03924221921515562,0.725
0.03926878808395396,0.725
0.03929539295392954,0.725
0.03932203389830508,0.725
0.03934871099050204,0.725
0.03937542430414121,0.725
0.03872282608695652,0.7125
0.03874915023793338,0.7125
0.03877551020408163,0.7125
0.03880190605854323,0.7125
0.0388283378746594,0.7125
0.03885480572597137,0.7125
0.03819918144611187,0.7
0.03822525597269624,0.7
0.03825136612021858,0.7
0.03827751196172249,0.7
0.038303693570451436,0.7
0.038329911019849415,0.7
0.038356164383561646,0.7
0.03838245373543523,0.7
0.038408779149519894,0.7
0.038435140700068635,0.7
0.038461538461538464,0.7
0.03848797250859107,0.7
0.03851444291609354,0.7
0.038540949759119064,0.7
0.03856749311294766,0.7
0.03859407305306685,0.7
0.038620689655172416,0.7
0.03864734299516908,0.7
0.03867403314917127,0.7
0.038700760193503804,0.7
0.03872752420470263,0.7
0.03875432525951557,0.7
0.038781163434903045,0.7
0.038808038808038806,0.7
0.038834951456310676,0.7
0.0388619014573213,0.7
0.03888888888888889,0.7
0.03891591382904795,0.7
0.03894297635605007,0.7
0.03897007654836465,0.7
0.03899721448467967,0.7
0.03902439024390244,0.7
0.038354253835425386,0.6875
0.03838101884159107,0.6875
0.03840782122905028,0.6875
0.03843466107617051,0.6875
0.038461538461538464,0.6875
0.03848845346396081,0.6875
0.03851540616246499,0.6875
0.03854239663629993,0.6875
0.037868162692847124,0.675
0.037894736842105266,0.675
0.037921348314606744,0.675
0.03794799718903725,0.675
0.0379746835443038,0.675
0.038001407459535536,0.675
0.038028169014084505,0.675
0.03805496828752643,0.675
0.0380818053596615,0.675
0.038108680310515175,0.675
0.038135593220338986,0.675
0.03816254416961131,0.675
0.03818953323903819,0.675
0.03821656050955414,0.675
0.03824362606232295,0.675
0.03827072997873848,0.675
0.03829787234042553,0.675
0.0383250532292406,0.675
0.03835227272727273,0.675
0.03837953091684435,0.675
0.03840682788051209,0.675
0.038434163701067614,0.675
0.038461538461538464,0.675
0.03848895224518888,0.675
0.03851640513552068,0.675
0.03854389721627409,0.675
0.03857142857142857,0.675
0.03859899928520372,0.675
0.03862660944206009,0.675
0.03793843951324266,0.6625
0.03796561604584527,0.6625
0.03799283154121864,0.6625
0.03802008608321377,0.6625
0.03804737975592247,0.6625
0.03807471264367816,0.6625
0.038102084831056794,0.6625
0.038129496402877695,0.6625
0.03815694744420446,0.6625
0.03818443804034582,0.6625
0.03821196827685652,0.6625
0.03823953823953824,0.6625
0.038267148014440436,0.6625
0.03829479768786127,0.6625
0.03759942154736081,0.65
0.03762662807525326,0.65
0.03765387400434468,0.65
0.03768115942028986,0.65
0.03770848440899202,0.65
0.03773584905660377,0.65
0.03776325344952796,0.65
0.0377906976744186,0.65
0.03781818181818182,0.65
0.03784570596797671,0.65
0.037873270211216316,0.65
0.037900874635568516,0.65
0.03792851932895697,0.65
0.03795620437956204,0.65
0.03798392987582177,0.65
0.038011695906432746,0.65
0.038039502560351136,0.65
0.03806734992679356,0.65
0.0380952380952381,0.65
0.03812316715542522,0.65
0.03815113719735877,0.65
0.0381791483113069,0.65
0.03820720058780309,0.65
0.03823529411764706,0.65
0.03826342899190582,0.65
0.03829160530191458,0.65
0.03831982313927782,0.65
0.038348082595870206,0.65
0.03837638376383764,0.65
0.03840472673559823,0.65
0.038433111603843315,0.65
0.038461538461538464,0.65
0.0384900074019245,0.65
0.03851851851851852,0.65
0.0385470719051149,0.65
0.03857566765578635,0.65
0.038604305864884926,0.65
0.03863298662704309,0.65
0.038661710037174724,0.65
0.03869047619047619,0.65
0.0387192851824274,0.65
0.038748137108792845,0.65
0.03877703206562267,0.65
0.03880597014925373,0.65
0.038834951456310676,0.65
0.03886397608370702,0.65
0.03889304412864622,0.65
0.038922155688622756,0.65
0.03895131086142322,0.65
0.038980509745127435,0.65
0.03900975243810953,0.65
0.03903903903903904,0.65
0.03831705484598046,0.6375
0.038345864661654135,0.6375
0.03837471783295711,0.6375
0.038403614457831324,0.6375
0.03843255463451394,0.6375
0.038461538461538464,0.6375
0.038490566037735846,0.6375
0.03851963746223565,0.6375
0.03854875283446712,0.6375
0.038577912254160365,0.6375
0.03860711582134747,0.6375
0.038636363636363635,0.6375
0.03866565579984837,0.6375
0.038694992412746584,0.6375
0.0387243735763098,0.6375
0.03875379939209726,0.6375
0.03878326996197719,0.6375
0.03881278538812785,0.6375
0.03884234577303884,0.6375
0.038871951219512195,0.6375
0.038901601830663615,0.6375
0.038931297709923665,0.6375
0.03896103896103896,0.6375
0.0389908256880734,0.6375
0.03902065799540933,0.6375
0.03905053598774885,0.6375
0.03908045977011494,0.6375
0.039110429447852764,0.6375
0.039140445126630855,0.6375
0.03917050691244239,0.6375
0.03920061491160646,0.6375
0.03923076923076923,0.6375
0.03926096997690531,0.6375
0.039291217257318954,0.6375
0.03855050115651504,0.625
0.038580246913580245,0.625
0.03861003861003861,0.625
0.03863987635239567,0.625
0.038669760247486466,0.625
0.03869969040247678,0.625
0.038729666924864445,0.625
0.03875968992248062,0.625
0.038789759503491075,0.625
0.03881987577639751,0.625
0.03885003885003885,0.625
0.038880248833592534,0.625
0.038910505836575876,0.625
0.03894080996884735,0.625
0.03897116134060795,0.625
0.0390015600624025,0.625
0.039032006245121,0.625
0.0390625,0.625
0.039093041438623924,0.625
0.03834115805946792,0.6125
0.03837118245888802,0.6125
0.0384012539184953,0.6125
0.038431372549019606,0.6125
0.038461538461538464,0.6125
0.0384917517674784,0.6125
0.03852201257861635,0.6125
0.03855232100708104,0.6125
0.03858267716535433,0.6125
0.038613081166272656,0.6125
0.038643533123028394,0.6125
0.03867403314917127,0.6125
0.037914691943127965,0.6
0.037944664031620556,0.6
0.0379746835443038,0.6
0.03800475059382423,0.6
0.03803486529318542,0.6
0.0380650277557494,0.6
0.0380952380952381,0.6
0.03812549642573471,0.6
0.03815580286168521,0.6
0.03818615751789976,0.6
0.03821656050955414,0.6
0.03824701195219123,0.6
0.03827751196172249,0.6
0.03830806065442937,0.6
0.038338658146964855,0.6
0.03836930455635491,0.6
0.0384,0.6
0.03843074459567654,0.6
0.03766025641025641,0.5875
0.03769045709703288,0.5875
0.0377207062600321,0.5875
0.03775100401606426,0.5875
0.03778135048231511,0.5875
0.03781174577634755,0.5875
0.03784219001610306,0.5875
0.0378726833199033,0.5875
0.03790322580645161,0.5875
0.037933817594834544,0.5875
0.03796445880452343,0.5875
0.03799514955537591,0.5875
0.03802588996763754,0.5875
0.03805668016194332,0.5875
0.03808752025931929,0.5875
0.038118410381184104,0.5875
0.03814935064935065,0.5875
0.038180341186027617,0.5875
0.038211382113821135,0.5875
0.03824247355573637,0.5875
0.038273615635179156,0.5875
0.03830480847595762,0.5875
0.03833605220228385,0.5875
0.03836734693877551,0.5875
0.03839869281045752,0.5875
0.038430089942763694,0.5875
0.038461538461538464,0.5875
0.03849303849303849,0.5875
0.038524590163934426,0.5875
0.03855619360131255,0.5875
0.03858784893267652,0.5875
0.038619556285949055,0.5875
0.038651315789473686,0.5875
0.03868312757201646,0.5875
0.03871499176276771,0.5875
0.038746908491343775,0.5875
0.038778877887788776,0.5875
0.038810900082576386,0.5875
0.03884297520661157,0.5875
0.03887510339123242,0.5875
0.03890728476821192,0.5875
0.03893951946975974,0.5875
0.03897180762852405,0.5875
0.03900414937759336,0.5875
0.03903654485049834,0.5875
0.03906899418121363,0.5875
0.039101497504159734,0.5875
0.03913405495420483,0.5875
0.03916666666666667,0.5875
0.03919933277731443,0.5875
0.03923205342237062,0.5875
0.03926482873851295,0.5875
0.039297658862876256,0.5875
0.03933054393305439,0.5875
0.03936348408710218,0.5875
0.039396479463537304,0.5875
0.03942953020134228,0.5875
0.03946263643996641,0.5875
0.03865546218487395,0.575
0.03868797308662742,0.575
0.03787878787878788,0.5625
0.037910699241786014,0.5625
0.03794266441821248,0.5625
0.0379746835443038,0.5625
0.03800675675675676,0.5625
0.03803888419273035,0.5625
0.03807106598984772,0.5625
0.03810330228619814,0.5625
0.038135593220338986,0.5625
0.03816793893129771,0.5625
0.038200339558573854,0.5625
0.038232795242141036,0.5625
0.03826530612244898,0.5625
0.03829787234042553,0.5625
0.03833049403747871,0.5625
0.03836317135549872,0.5625
0.03839590443686007,0.5625
0.03842869342442357,0.5625
0.038461538461538464,0.5625
0.03849443969204448,0.5625
0.038527397260273974,0.5625
0.038560411311053984,0.5625
0.038593481989708404,0.5625
0.03862660944206009,0.5625
0.03865979381443299,0.5625
0.03869303525365434,0.5625
0.0387263339070568,0.5625
0.03875968992248062,0.5625
0.03879310344827586,0.5625
0.03882657463330457,0.5625
0.038860103626943004,0.5625
0.03889369057908384,0.5625
0.03892733564013841,0.5625
0.0380952380952381,0.55
0.038128249566724434,0.55
0.03816131830008673,0.55
0.03819444444444445,0.55
0.038227628149435276,0.55
0.03826086956521739,0.55
0.038294168842471714,0.55
0.03832752613240418,0.55
0.03836094158674804,0.55
0.038394415357766144,0.55
0.03842794759825328,0.55
0.038461538461538464,0.55
0.03849518810148731,0.55
0.03852889667250438,0.55
0.03856266432953549,0.55
0.03859649122807018,0.55
0.03775241439859526,0.5375
0.037785588752196834,0.5375
0.03781882145998241,0.5375
0.037852112676056336,0.5375
0.03788546255506608,0.5375
0.03791887125220458,0.5375
0.03795233892321271,0.5375
0.037985865724381625,0.5375
0.03801945181255526,0.5375
0.03805309734513274,0.5375
0.03808680248007086,0.5375
0.038120567375886524,0.5375
0.038154392191659274,0.5375
0.03818827708703375,0.5375
0.03822222222222222,0.5375
0.03825622775800712,0.5375
0.03829029385574354,0.5375
0.03832442067736185,0.5375
0.0383586083853702,0.5375
0.038392857142857145,0.5375
0.03842716711349419,0.5375
0.038461538461538464,0.5375
0.03849597135183527,0.5375
0.03853046594982079,0.5375
0.03856502242152467,0.5375
0.03859964093357271,0.5375
0.03863432165318958,0.5375
0.03866906474820144,0.5375
0.0387038703870387,0.5375
0.03873873873873874,0.5375
0.0387736699729486,0.5375
0.0388086642599278,0.5375
0.03884372177055104,0.5375
0.03887884267631103,0.5375
0.03800904977375565,0.525
0.03804347826086957,0.525
0.038077969174977334,0.525
0.038112522686025406,0.525
0.03814713896457766,0.525
0.038181818181818185,0.525
0.03821656050955414,0.525
0.03825136612021858,0.525
0.03828623518687329,0.525
0.037408759124087594,0.5125
0.03744292237442922,0.5125
0.037477148080438755,0.5125
0.03751143641354071,0.5125
0.037545787545787544,0.5125
0.03758020164986251,0.5125
0.03761467889908257,0.5125
0.03764921946740129,0.5125
0.03768382352941176,0.5125
0.03771849126034959,0.5125
0.037753222836095765,0.5125
0.03778801843317972,0.5125
0.03782287822878229,0.5125
0.03785780240073869,0.5125
0.03789279112754159,0.5125
0.037927844588344126,0.5125
0.03796296296296296,0.5125
0.037998146431881374,0.5125
0.038033395176252316,0.5125
0.03806870937790158,0.5125
0.03810408921933085,0.5125
0.03813953488372093,0.5125
0.038175046554934824,0.5125
0.03821062441752097,0.5125
0.03824626865671642,0.5125
0.03828197945845005,0.5125
0.038317757009345796,0.5125
0.03835360149672591,0.5125
0.03838951310861423,0.5125
0.038425492033739454,0.5125
0.038461538461538464,0.5125
0.038497652582159626,0.5125
0.03853383458646616,0.5125
0.03857008466603951,0.5125
0.038606403013182675,0.5125
0.03864278982092366,0.5125
0.038679245283018866,0.5125
0.03871576959395656,0.5125
0.038752362948960305,0.5125
0.03878902554399243,0.5125
0.038825757575757576,0.5125
0.03886255924170616,0.5125
0.03889943074003795,0.5125
0.0389363722697056,0.5125
0.03897338403041825,0.5125
0.0390104662226451,0.5125
0.039047619047619046,0.5125
0.03908484270734033,0.5125
0.039122137404580155,0.5125
0.039159503342884434,0.5125
0.03919694072657744,0.5125
0.03923444976076555,0.5125
0.039272030651340994,0.5125
0.039309683604985615,0.5125
0.03934740882917467,0.5125
0.0393852065321806,0.5125
0.03942307692307692,0.5125
0.03946102021174206,0.5125
0.0394990366088632,0.5125
0.03953712632594021,0.5125
0.03957528957528957,0.5125
0.03961352657004831,0.5125
0.039651837524177946,0.5125
0.03969022265246854,0.5125
0.03972868217054264,0.5125
0.03976721629485936,0.5125
0.039805825242718446,0.5125
0.03984450923226433,0.5125
0.03988326848249027,0.5125
0.03992210321324245,0.5125
0.03996101364522417,0.5125
0.04,0.5125
0.0400390625,0.5125
0.04007820136852395,0.5125
0.040117416829745595,0.5125
0.040156709108716944,0.5125
0.04019607843137255,0.5125
0.040235525024533855,0.5125
0.04027504911591356,0.5125
0.04031465093411996,0.5125
0.040354330708661415,0.5125
0.04039408866995074,0.5125
0.04043392504930966,0.5125
0.040473840078973346,0.5125
0.040513833992094864,0.5125
0.040553907022749754,0.5125
0.040594059405940595,0.5125
0.040634291377601585,0.5125
0.040674603174603176,0.5125
0.0407149950347567,0.5125
0.040755467196819085,0.5125
0.04079601990049751,0.5125
0.04083665338645418,0.5125
0.040877367896311065,0.5125
0.04091816367265469,0.5125
0.04095904095904096,0.5125
0.041,0.5125
0.04104104104104104,0.5125
0.041082164328657314,0.5125
0.041123370110330994,0.5125
0.04116465863453815,0.5125
0.04120603015075377,0.5125
0.04124748490945674,0.5125
0.041289023162134945,0.5125
0.04032258064516129,0.5
0.04036326942482341,0.5
0.04040404040404041,0.5
0.04044489383215369,0.5
0.04048582995951417,0.5
0.040526849037487336,0.5
0.04056795131845842,0.5
0.04060913705583756,0.5
0.04065040650406504,0.5
0.04069175991861648,0.5
0.04073319755600815,0.5
0.039755351681957186,0.4875
0.03979591836734694,0.4875
0.03983656792645557,0.4875
0.03987730061349693,0.4875
0.03991811668372569,0.4875
0.039959016393442626,0.4875
0.04,0.4875
0.04004106776180698,0.4875
0.040082219938335044,0.4875
0.040123456790123455,0.4875
0.04016477857878476,0.4875
0.04020618556701031,0.4875
0.04024767801857585,0.4875
0.040289256198347105,0.4875
0.04033092037228542,0.4875
0.040372670807453416,0.4875
0.04041450777202073,0.4875
0.04045643153526971,0.4875
0.040498442367601244,0.4875
0.04054054054054054,0.4875
0.04058272632674298,0.4875
0.040625,0.4875
0.040667361835245046,0.4875
0.0407098121085595,0.4875
0.04075235109717868,0.4875
0.04079497907949791,0.4875
0.040837696335078534,0.4875
0.040880503144654086,0.4875
0.040923399790136414,0.4875
0.04096638655462185,0.4875
0.04100946372239748,0.4875
0.04105263157894737,0.4875
0.0410958904109589,0.4875
0.04113924050632911,0.4875
0.04118268215417107,0.4875
0.0412262156448203,0.4875
0.04126984126984127,0.4875
0.0413135593220339,0.4875
0.041357370095440084,0.4875
0.041401273885350316,0.4875
0.04144527098831031,0.4875
0.04148936170212766,0.4875
0.04153354632587859,0.4875
0.04157782515991471,0.4875
0.0416221985058698,0.4875
0.0405982905982906,0.475
0.040641711229946524,0.475
0.04068522483940043,0.475
0.04072883172561629,0.475
0.03969957081545064,0.4625
0.0397422126745435,0.4625
0.03978494623655914,0.4625
0.03982777179763186,0.4625
0.03987068965517242,0.4625
0.039913700107874865,0.4625
0.03995680345572354,0.4625
0.04,0.4625
0.04004329004329004,0.4625
0.04008667388949079,0.4625
0.04013015184381779,0.4625
0.04017372421281216,0.4625
0.04021739130434782,0.4625
0.04026115342763874,0.4625
0.04030501089324619,0.4625
0.04034896401308615,0.4625
0.04039301310043668,0.4625
0.040437158469945354,0.4625
0.04048140043763676,0.4625
0.040525739320920046,0.4625
0.04057017543859649,0.4625
0.04061470911086718,0.4625
0.04065934065934066,0.4625
0.0407040704070407,0.4625
0.040748898678414094,0.4625
0.040793825799338476,0.4625
0.04083885209713024,0.4625
0.04088397790055249,0.4625
0.03982300884955752,0.45
0.03986710963455149,0.45
0.03991130820399113,0.45
0.03995560488346282,0.45
0.04,0.45
0.04004449388209121,0.45
0.0400890868596882,0.45
0.04013377926421405,0.45
0.04017857142857143,0.45
0.04022346368715084,0.45
0.040268456375838924,0.45
0.040313549832026875,0.45
0.04035874439461883,0.45
0.04040404040404041,0.45
0.04044943820224719,0.45
0.04049493813273341,0.45
0.04054054054054054,0.45
0.040586245772266064,0.45
0.040632054176072234,0.45
0.03954802259887006,0.4375
0.03959276018099547,0.4375
0.039637599093997736,0.4375
0.03968253968253968,0.4375
0.039727582292849034,0.4375
0.03977272727272727,0.4375
0.03981797497155859,0.4375
0.03986332574031891,0.4375
0.039908779931584946,0.4375
0.03995433789954338,0.4375
0.04,0.4375
0.04004576659038902,0.4375
0.04009163802978236,0.4375
0.040137614678899085,0.4375
0.040183696900114814,0.4375
0.040229885057471264,0.4375
0.04027617951668585,0.4375
0.04032258064516129,0.4375
0.040369088811995385,0.4375
0.04041570438799076,0.4375
0.04046242774566474,0.4375
0.04050925925925926,0.4375
0.04055619930475087,0.4375
0.04060324825986079,0.4375
0.04065040650406504,0.4375
0.040697674418604654,0.4375
0.04074505238649592,0.4375
0.04079254079254079,0.4375
0.040840140023337225,0.4375
0.04088785046728972,0.4375
0.04093567251461988,0.4375
0.040983606557377046,0.4375
0.041031652989449004,0.4375
0.04107981220657277,0.4375
0.041128084606345476,0.4375
0.041176470588235294,0.4375
0.04122497055359246,0.4375
0.041273584905660375,0.4375
0.04132231404958678,0.4375
0.041371158392434985,0.4375
0.04142011834319527,0.4375
0.041469194312796206,0.4375
0.04151838671411625,0.4375
0.04156769596199525,0.4375
0.041617122473246136,0.4375
0.041666666666666664,0.4375
0.041716328963051254,0.4375
0.041766109785202864,0.4375
0.04181600955794504,0.4375
0.04066985645933014,0.425
0.0407185628742515,0.425
0.0407673860911271,0.425
0.04081632653061224,0.425
0.040865384615384616,0.425
0.04091456077015644,0.425
0.04096385542168675,0.425
0.04101326899879373,0.425
0.03985507246376811,0.4125
0.03990326481257558,0.4125
0.039951573849878935,0.4125
0.04,0.4125
0.04004854368932039,0.4125
0.040097205346294046,0.4125
0.040145985401459854,0.4125
0.040194884287454324,0.4125
0.04024390243902439,0.4125
0.040293040293040296,0.4125
0.040342298288508556,0.4125
0.04039167686658507,0.4125
0.04044117647058824,0.4125
0.04049079754601227,0.4125
0.04054054054054054,0.4125
0.04059040590405904,0.4125
0.04064039408866995,0.4125
0.040690505548705305,0.4125
0.040740740740740744,0.4125
0.0407911001236094,0.4125
0.04084158415841584,0.4125
0.040892193308550186,0.4125
0.04094292803970223,0.4125
0.040993788819875775,0.4125
0.041044776119402986,0.4125
0.0410958904109589,0.4125
0.04114713216957606,0.4125
0.04119850187265917,0.4125
0.04125,0.4125
0.04130162703379224,0.4125
0.041353383458646614,0.4125
0.04140526976160602,0.4125
0.0414572864321608,0.4125
0.04150943396226415,0.4125
0.04030226700251889,0.4
0.0403530895334174,0.4
0.04040404040404041,0.4
0.040455120101137804,0.4
0.04050632911392405,0.4
0.04055766793409379,0.4
0.04060913705583756,0.4
0.04066073697585769,0.4
0.04071246819338423,0.4
0.04076433121019108,0.4
0.04081632653061224,0.4
0.04086845466155811,0.4
0.04092071611253197,0.4
0.040973111395646605,0.4
0.041025641025641026,0.4
0.0410783055198973,0.4
0.04113110539845758,0.4
0.04118404118404118,0.4
0.041237113402061855,0.4
0.04129032258064516,0.4
0.041343669250646,0.4
0.04139715394566624,0.4
0.04145077720207254,0.4
0.041504539559014265,0.4
0.04155844155844156,0.4
0.04161248374512354,0.4
0.041666666666666664,0.4
0.041720990873533245,0.4
0.04177545691906005,0.4
0.040522875816993466,0.3875
0.04057591623036649,0.3875
0.04062909567496723,0.3875
0.04068241469816273,0.3875
0.040735873850197106,0.3875
0.04078947368421053,0.3875
0.04084321475625823,0.3875
0.040897097625329816,0.3875
0.04095112285336856,0.3875
0.041005291005291,0.3875
0.04105960264900662,0.3875
0.04111405835543767,0.3875
0.041168658698539175,0.3875
0.041223404255319146,0.3875
0.041278295605858856,0.3875
0.04133333333333333,0.3875
0.04138851802403204,0.3875
0.04144385026737968,0.3875
0.041499330655957165,0.3875
0.04155495978552279,0.3875
0.04161073825503356,0.3875
0.041666666666666664,0.3875
0.04172274562584118,0.3875
0.04177897574123989,0.3875
0.04183535762483131,0.3875
0.041891891891891894,0.3875
0.04194857916102842,0.3875
0.04200542005420054,0.3875
0.04206241519674356,0.3875
0.042119565217391304,0.3875
0.04217687074829932,0.3875
0.04223433242506812,0.3875
0.04229195088676671,0.3875
0.04234972677595628,0.3875
0.04240766073871409,0.3875
0.04246575342465753,0.3875
0.04252400548696845,0.3875
0.042582417582417584,0.3875
0.04264099037138927,0.3875
0.04269972451790634,0.3875
0.04275862068965517,0.3875
0.04281767955801105,0.3875
0.042876901798063624,0.3875
0.04293628808864266,0.3875
0.04299583911234397,0.3875
0.043055555555555555,0.3875
0.043115438108484005,0.3875
0.04317548746518106,0.3875
0.043235704323570434,0.3875
0.04329608938547486,0.3875
0.043356643356643354,0.3875
0.04341736694677871,0.3875
0.043478260869565216,0.3875
0.04353932584269663,0.3875
0.04360056258790436,0.3875
0.04366197183098591,0.3875
0.04372355430183357,0.3875
0.043785310734463276,0.3875
0.04384724186704385,0.3875
0.043909348441926344,0.3875
0.04397163120567376,0.3875
0.04403409090909091,0.3875
0.044096728307254626,0.3875
0.04415954415954416,0.3875
0.0442225392296719,0.3875
0.04428571428571428,0.3875
0.044349070100143065,0.3875
0.044412607449856735,0.3875
0.04447632711621234,0.3875
0.04454022988505747,0.3875
0.04460431654676259,0.3875
0.0446685878962536,0.3875
0.044733044733044736,0.3875
0.044797687861271675,0.3875
0.04486251808972504,0.3875
0.04492753623188406,0.3875
0.04499274310595065,0.3875
0.04505813953488372,0.3875
0.04512372634643377,0.3875
0.043731778425655975,0.375
0.043795620437956206,0.375
0.043859649122807015,0.375
0.043923865300146414,0.375
0.04398826979472141,0.375
0.04405286343612335,0.375
0.04264705882352941,0.3625
0.042709867452135494,0.3625
0.04277286135693215,0.3625
0.04283604135893648,0.3625
0.042899408284023666,0.3625
0.04296296296296296,0.3625
0.04302670623145401,0.3625
0.04309063893016345,0.3625
0.043154761904761904,0.3625
0.043219076005961254,0.3625
0.04328358208955224,0.3625
0.043348281016442454,0.3625
0.04341317365269461,0.3625
0.043478260869565216,0.3625
0.04354354354354354,0.3625
0.04360902255639098,0.3625
0.043674698795180725,0.3625
0.043740573152337855,0.3625
0.04380664652567976,0.3625
0.04387291981845688,0.3625
0.04393939393939394,0.3625
0.04400606980273141,0.3625
0.044072948328267476,0.3625
0.0441400304414003,0.3625
0.04420731707317073,0.3625
0.044274809160305344,0.3625
0.04281345565749235,0.35
0.042879019908116385,0.35
0.04294478527607362,0.35
0.043010752688172046,0.35
0.043076923076923075,0.35
0.04314329738058552,0.35
0.043209876543209874,0.35
0.04327666151468315,0.35
0.043343653250773995,0.35
0.043410852713178294,0.35
0.043478260869565216,0.35
0.04354587869362364,0.35
0.04361370716510903,0.35
0.0436817472698908,0.35
0.04375,0.35
0.04381846635367762,0.35
0.0438871473354232,0.35
0.04395604395604396,0.35
0.0440251572327044,0.35
0.04409448818897638,0.35
0.04416403785488959,0.35
0.044233807266982623,0.35
0.04430379746835443,0.35
0.044374009508716325,0.35
0.044444444444444446,0.35
0.04451510333863275,0.35
0.042993630573248405,0.3375
0.0430622009569378,0.3375
0.04313099041533546,0.3375
0.0432,0.3375
0.04326923076923077,0.3375
0.04333868378812199,0.3375
0.04340836012861737,0.3375
0.043478260869565216,0.3375
0.043548387096774194,0.3375
0.04361873990306947,0.3375
0.043689320388349516,0.3375
0.04376012965964344,0.3375
0.04383116883116883,0.3375
0.04390243902439024,0.3375
0.043973941368078175,0.3375
0.04404567699836868,0.3375
0.04411764705882353,0.3375
0.044189852700491,0.3375
0.04426229508196721,0.3375
0.04433497536945813,0.3375
0.044407894736842105,0.3375
0.044481054365733116,0.3375
0.04455445544554455,0.3375
0.04462809917355372,0.3375
0.04470198675496689,0.3375
0.04477611940298507,0.3375
0.044850498338870434,0.3375
0.04492512479201331,0.3375
0.045,0.3375
0.045075125208681135,0.3375
0.0451505016722408,0.3375
0.04522613065326633,0.3375
0.04530201342281879,0.3375
0.0453781512605042,0.3375
0.045454545454545456,0.3375
0.045531197301854974,0.3375
0.04391891891891892,0.325
0.043993231810490696,0.325
0.04406779661016949,0.325
0.044142614601018676,0.325
0.04421768707482993,0.325
0.044293015332197615,0.325
0.04436860068259386,0.325
0.044444444444444446,0.325
0.04452054794520548,0.325
0.044596912521440824,0.325
0.044673539518900345,0.325
0.04475043029259897,0.325
0.04482758620689655,0.325
0.044905008635578586,0.325
0.04498269896193772,0.325
0.045060658578856154,0.325
0.04513888888888889,0.325
0.043478260869565216,0.3125
0.04355400696864112,0.3125
0.04363001745200698,0.3125
0.043706293706293704,0.3125
0.043782837127845885,0.3125
0.043859649122807015,0.3125
0.043936731107205626,0.3125
0.04401408450704225,0.3125
0.04409171075837742,0.3125
0.044169611307420496,0.3125
0.04424778761061947,0.3125
0.044326241134751775,0.3125
0.04440497335701599,0.3125
0.04448398576512456,0.3125
0.044563279857397504,0.3125
0.044642857142857144,0.3125
0.044722719141323794,0.3125
0.044802867383512544,0.3125
0.04488330341113106,0.3125
0.044964028776978415,0.3125
0.04504504504504504,0.3125
0.04512635379061372,0.3125
0.045207956600361664,0.3125
0.04528985507246377,0.3125
0.045372050816696916,0.3125
0.045454545454545456,0.3125
0.04553734061930783,0.3125
0.04562043795620438,0.3125
0.04570383912248629,0.3125
0.045787545787545784,0.3125
0.045871559633027525,0.3125
0.04595588235294118,0.3125
0.04604051565377532,0.3125
0.046125461254612546,0.3125
0.04621072088724584,0.3125
0.046296296296296294,0.3125
0.04638218923933209,0.3125
0.046468401486988845,0.3125
0.04655493482309125,0.3125
0.04664179104477612,0.3125
0.04672897196261682,0.3125
0.04681647940074907,0.3125
0.04690431519699812,0.3125
0.046992481203007516,0.3125
0.047080979284369114,0.3125
0.04716981132075472,0.3125
0.04725897920604915,0.3125
0.04734848484848485,0.3125
0.04743833017077799,0.3125
0.04752851711026616,0.3125
0.047619047619047616,0.3125
0.04770992366412214,0.3125
0.04780114722753346,0.3125
0.04789272030651341,0.3125
0.04798464491362764,0.3125
0.04807692307692308,0.3125
0.04816955684007707,0.3125
0.04826254826254826,0.3125
0.048355899419729204,0.3125
0.04844961240310078,0.3125
0.04854368932038835,0.3125
0.048638132295719845,0.3125
0.04873294346978557,0.3125
0.048828125,0.3125
0.04892367906066536,0.3125
0.049019607843137254,0.3125
0.04911591355599214,0.3125
0.04921259842519685,0.3125
0.04930966469428008,0.3125
0.04743083003952569,0.3
0.047524752475247525,0.3
0.047619047619047616,0.3
0.04771371769383698,0.3
0.04780876494023904,0.3
0.04790419161676647,0.3
0.048,0.3
0.04809619238476954,0.3
0.04819277108433735,0.3
0.0482897384305835,0.3
0.04838709677419355,0.3
0.048484848484848485,0.3
0.048582995951417005,0.3
0.0486815415821501,0.3
0.04878048780487805,0.3
0.048879837067209775,0.3
0.04897959183673469,0.3
0.049079754601226995,0.3
0.04918032786885246,0.3
0.04722792607802875,0.2875
0.047325102880658436,0.2875
0.04536082474226804,0.275
0.045454545454545456,0.275
0.045548654244306416,0.275
0.04564315352697095,0.275
0.04573804573804574,0.275
0.04583333333333333,0.275
0.04592901878914405,0.275
0.04602510460251046,0.275
0.04612159329140461,0.275
0.046218487394957986,0.275
0.04631578947368421,0.275
0.046413502109704644,0.275
0.046511627906976744,0.275
0.046610169491525424,0.275
0.04670912951167728,0.275
0.04680851063829787,0.275
0.046908315565031986,0.275
0.04700854700854701,0.275
0.047109207708779445,0.275
0.04721030042918455,0.275
0.047311827956989246,0.275
0.04741379310344827,0.275
0.047516198704103674,0.275
0.047619047619047616,0.275
0.04772234273318872,0.275
0.04565217391304348,0.2625
0.0457516339869281,0.2625
0.04585152838427948,0.2625
0.045951859956236324,0.2625
0.046052631578947366,0.2625
0.046153846153846156,0.2625
0.046255506607929514,0.2625
0.046357615894039736,0.2625
0.046460176991150445,0.2625
0.04656319290465632,0.2625
0.04666666666666667,0.2625
0.044543429844097995,0.25
0.044642857142857144,0.25
0.0447427293064877,0.25
0.04484304932735426,0.25
0.0449438202247191,0.25
0.04504504504504504,0.25
0.045146726862302484,0.25
0.04524886877828054,0.25
0.045351473922902494,0.25
0.045454545454545456,0.25
0.04328018223234624,0.2375
0.04337899543378995,0.2375
0.043478260869565216,0.2375
0.04357798165137615,0.2375
0.04367816091954023,0.2375
0.04377880184331797,0.2375
0.04387990762124711,0.2375
0.04398148148148148,0.2375
0.04408352668213457,0.2375
0.044186046511627906,0.2375
0.04428904428904429,0.2375
0.04439252336448598,0.2375
0.04449648711943794,0.2375
0.04460093896713615,0.2375
0.04470588235294118,0.2375
0.04481132075471698,0.2375
0.04491725768321513,0.2375
0.045023696682464455,0.2375
0.04513064133016627,0.2375
0.04523809523809524,0.2375
0.045346062052505964,0.2375
0.0430622009569378,0.225
0.04316546762589928,0.225
0.04326923076923077,0.225
0.043373493975903614,0.225
0.043478260869565216,0.225
0.043583535108958835,0.225
0.043689320388349516,0.225
0.043795620437956206,0.225
0.041463414634146344,0.2125
0.04156479217603912,0.2125
0.041666666666666664,0.2125
0.04176904176904177,0.2125
0.04187192118226601,0.2125
0.04197530864197531,0.2125
0.04207920792079208,0.2125
0.04218362282878412,0.2125
0.04228855721393035,0.2125
0.04239401496259352,0.2125
0.0425,0.2125
0.042606516290726815,0.2125
0.04271356783919598,0.2125
0.042821158690176324,0.2125
0.04292929292929293,0.2125
0.043037974683544304,0.2125
0.04314720812182741,0.2125
0.043256997455470736,0.2125
0.04336734693877551,0.2125
0.043478260869565216,0.2125
0.04358974358974359,0.2125
0.043701799485861184,0.2125
0.04381443298969072,0.2125
0.04392764857881137,0.2125
0.04404145077720207,0.2125
0.04415584415584416,0.2125
0.044270833333333336,0.2125
0.044386422976501305,0.2125
0.04450261780104712,0.2125
0.04461942257217848,0.2125
0.04473684210526316,0.2125
0.044854881266490766,0.2125
0.04497354497354497,0.2125
0.04509283819628647,0.2125
0.04521276595744681,0.2125
0.04533333333333334,0.2125
0.045454545454545456,0.2125
0.045576407506702415,0.2125
0.0456989247311828,0.2125
0.04582210242587601,0.2125
0.04594594594594595,0.2125
0.04607046070460705,0.2125
0.04619565217391304,0.2125
0.04632152588555858,0.2125
0.04644808743169399,0.2125
0.04657534246575343,0.2125
0.04395604395604396,0.2
0.04132231404958678,0.1875
0.04143646408839779,0.1875
0.04155124653739612,0.1875
0.041666666666666664,0.1875
0.04178272980501393,0.1875
0.04189944134078212,0.1875
0.04201680672268908,0.1875
0.042134831460674156,0.1875
0.04225352112676056,0.1875
0.0423728813559322,0.1875
0.042492917847025496,0.1875
0.04261363636363636,0.1875
0.042735042735042736,0.1875
0.04285714285714286,0.1875
0.04297994269340974,0.1875
0.04310344827586207,0.1875
0.043227665706051875,0.1875
0.04335260115606936,0.1875
0.043478260869565216,0.1875
0.0436046511627907,0.1875
0.043731778425655975,0.1875
0.043859649122807015,0.1875
0.04398826979472141,0.1875
0.04411764705882353,0.1875
0.04424778761061947,0.1875
0.04437869822485207,0.1875
0.04451038575667656,0.1875
0.044642857142857144,0.1875
0.04477611940298507,0.1875
0.04491017964071856,0.1875
0.04504504504504504,0.1875
0.045180722891566265,0.1875
0.045317220543806644,0.1875
0.045454545454545456,0.1875
0.0425531914893617,0.175
0.042682926829268296,0.175
0.04281345565749235,0.175
0.04294478527607362,0.175
0.043076923076923075,0.175
0.043209876543209874,0.175
0.043343653250773995,0.175
0.043478260869565216,0.175
0.04361370716510903,0.175
0.04375,0.175
0.0438871473354232,0.175
0.0440251572327044,0.175
0.04100946372239748,0.1625
0.04113924050632911,0.1625
0.04126984126984127,0.1625
0.03821656050955414,0.15
0.038338658146964855,0.15
0.038461538461538464,0.15
0.03858520900321544,0.15
0.03870967741935484,0.15
0.038834951456310676,0.15
0.03896103896103896,0.15
0.03908794788273615,0.15
0.0392156862745098,0.15
0.03934426229508197,0.15
0.039473684210526314,0.15
0.039603960396039604,0.15
0.039735099337748346,0.15
0.03986710963455149,0.15
0.04,0.15
0.04013377926421405,0.15
0.040268456375838924,0.15
0.04040404040404041,0.15
0.04054054054054054,0.15
0.04067796610169491,0.15
0.04081632653061224,0.15
0.040955631399317405,0.15
0.0410958904109589,0.15
0.041237113402061855,0.15
0.041379310344827586,0.15
0.04152249134948097,0.15
0.041666666666666664,0.15
0.041811846689895474,0.15
0.04195804195804196,0.15
0.042105263157894736,0.15
0.04225352112676056,0.15
0.04240282685512368,0.15
0.0425531914893617,0.15
0.042704626334519574,0.15
0.04285714285714286,0.15
0.043010752688172046,0.15
0.04316546762589928,0.15
0.04332129963898917,0.15
0.043478260869565216,0.15
0.04363636363636364,0.15
0.043795620437956206,0.15
0.04395604395604396,0.15
0.04044117647058824,0.1375
0.04059040590405904,0.1375
0.040740740740740744,0.1375
0.040892193308550186,0.1375
0.041044776119402986,0.1375
0.04119850187265917,0.1375
0.041353383458646614,0.1375
0.04150943396226415,0.1375
0.041666666666666664,0.1375
0.04182509505703422,0.1375
0.04198473282442748,0.1375
0.0421455938697318,0.1375
0.04230769230769231,0.1375
0.04247104247104247,0.1375
0.04263565891472868,0.1375
0.042801556420233464,0.1375
0.04296875,0.1375
0.043137254901960784,0.1375
0.03937007874015748,0.125
0.039525691699604744,0.125
0.03968253968253968,0.125
0.0398406374501992,0.125
0.04,0.125
0.040160642570281124,0.125
0.04032258064516129,0.125
0.04048582995951417,0.125
0.04065040650406504,0.125
0.04081632653061224,0.125
0.040983606557377046,0.125
0.0411522633744856,0.125
0.04132231404958678,0.125
0.04149377593360996,0.125
0.041666666666666664,0.125
0.04184100418410042,0.125
0.04201680672268908,0.125
0.04219409282700422,0.125
0.0423728813559322,0.125
0.0425531914893617,0.125
0.038461538461538464,0.1125
0.03862660944206009,0.1125
0.03879310344827586,0.1125
0.03896103896103896,0.1125
0.0391304347826087,0.1125
0.039301310043668124,0.1125
0.039473684210526314,0.1125
0.039647577092511016,0.1125
0.03982300884955752,0.1125
0.04,0.1125
0.04017857142857143,0.1125
0.04035874439461883,0.1125
0.04054054054054054,0.1125
0.04072398190045249,0.1125
0.04090909090909091,0.1125
0.0410958904109589,0.1125
0.04128440366972477,0.1125
0.041474654377880185,0.1125
0.041666666666666664,0.1125
0.04186046511627907,0.1125
0.04205607476635514,0.1125
0.04225352112676056,0.1125
0.04245283018867924,0.1125
0.04265402843601896,0.1125
0.04285714285714286,0.1125
0.0430622009569378,0.1125
0.04326923076923077,0.1125
0.043478260869565216,0.1125
0.043689320388349516,0.1125
0.04390243902439024,0.1125
0.04411764705882353,0.1125
0.04433497536945813,0.1125
0.04455445544554455,0.1125
0.04477611940298507,0.1125
0.045,0.1125
0.04522613065326633,0.1125
0.045454545454545456,0.1125
0.04568527918781726,0.1125
0.04591836734693878,0.1125
0.046153846153846156,0.1125
0.04639175257731959,0.1125
0.046632124352331605,0.1125
0.046875,0.1125
0.04712041884816754,0.1125
0.04736842105263158,0.1125
0.047619047619047616,0.1125
0.047872340425531915,0.1125
0.0481283422459893,0.1125
0.04838709677419355,0.1125
0.04864864864864865,0.1125
0.04891304347826087,0.1125
0.04918032786885246,0.1125
0.04945054945054945,0.1125
0.049723756906077346,0.1125
0.05,0.1125
0.05027932960893855,0.1125
0.05056179775280899,0.1125
0.05084745762711865,0.1125
0.05113636363636364,0.1125
0.05142857142857143,0.1125
0.05172413793103448,0.1125
0.05202312138728324,0.1125
0.05232558139534884,0.1125
0.05263157894736842,0.1125
0.052941176470588235,0.1125
0.05325443786982249,0.1125
0.05357142857142857,0.1125
0.05389221556886228,0.1125
0.05421686746987952,0.1125
0.05454545454545454,0.1125
0.054878048780487805,0.1125
0.05521472392638037,0.1125
0.05555555555555555,0.1125
0.055900621118012424,0.1125
0.05625,0.1125
0.05660377358490566,0.1125
0.05063291139240506,0.1
0.050955414012738856,0.1
0.05128205128205128,0.1
0.05161290322580645,0.1
0.05194805194805195,0.1
0.05228758169934641,0.1
0.05263157894736842,0.1
0.052980132450331126,0.1
0.05333333333333334,0.1
0.053691275167785234,0.1
0.05405405405405406,0.1
0.05442176870748299,0.1
0.0547945205479452,0.1
0.05517241379310345,0.1
0.05555555555555555,0.1
0.055944055944055944,0.1
0.056338028169014086,0.1
0.05673758865248227,0.1
0.05714285714285714,0.1
0.05755395683453238,0.1
0.057971014492753624,0.1
0.058394160583941604,0.1
0.058823529411764705,0.1
0.05185185185185185,0.0875
0.05223880597014925,0.0875
0.05263157894736842,0.0875
0.05303030303030303,0.0875
0.05343511450381679,0.0875
0.05384615384615385,0.0875
0.05426356589147287,0.0875
0.0546875,0.0875
0.05511811023622047,0.0875
0.05555555555555555,0.0875
0.056,0.0875
0.056451612903225805,0.0875
0.056910569105691054,0.0875
0.05737704918032787,0.0875
0.05785123966942149,0.0875
0.058333333333333334,0.0875
0.058823529411764705,0.0875
0.059322033898305086,0.0875
0.05982905982905983,0.0875
0.0603448275862069,0.0875
0.06086956521739131,0.0875
0.06140350877192982,0.0875
0.061946902654867256,0.0875
0.0625,0.0875
0.05405405405405406,0.075
0.05454545454545454,0.075
0.05504587155963303,0.075
0.05555555555555555,0.075
0.056074766355140186,0.075
0.05660377358490566,0.075
0.05714285714285714,0.075
0.057692307692307696,0.075
0.05825242718446602,0.075
0.058823529411764705,0.075
0.0594059405940594,0.075
0.06,0.075
0.06060606060606061,0.075
0.061224489795918366,0.075
0.061855670103092786,0.075
0.0625,0.075
0.06315789473684211,0.075
0.06382978723404255,0.075
0.06451612903225806,0.075
0.06521739130434782,0.075
0.06593406593406594,0.075
0.06666666666666667,0.075
0.06741573033707865,0.075
0.06818181818181818,0.075
0.06896551724137931,0.075
0.06976744186046512,0.075
0.07058823529411765,0.075
0.05952380952380952,0.0625
0.060240963855421686,0.0625
0.06097560975609756,0.0625
0.06172839506172839,0.0625
0.0625,0.0625
0.06329113924050633,0.0625
0.0641025641025641,0.0625
0.06493506493506493,0.0625
0.06578947368421052,0.0625
0.06666666666666667,0.0625
0.06756756756756757,0.0625
0.0684931506849315,0.0625
0.06944444444444445,0.0625
0.07042253521126761,0.0625
0.05714285714285714,0.05
0.057971014492753624,0.05
0.058823529411764705,0.05
0.05970149253731343,0.05
0.06060606060606061,0.05
0.06153846153846154,0.05
0.0625,0.05
0.06349206349206349,0.05
0.06451612903225806,0.05
0.06557377049180328,0.05
0.06666666666666667,0.05
0.06779661016949153,0.05
0.06896551724137931,0.05
0.07017543859649122,0.05
0.07142857142857142,0.05
0.07272727272727272,0.05
0.07407407407407407,0.05
0.07547169811320754,0.05
0.07692307692307693,0.05
0.0784313725490196,0.05
0.08,0.05
0.061224489795918366,0.0375
0.0625,0.0375
0.06382978723404255,0.0375
0.06521739130434782,0.0375
0.06666666666666667,0.0375
0.06818181818181818,0.0375
0.06976744186046512,0.0375
0.07142857142857142,0.0375
0.07317073170731707,0.0375
0.075,0.0375
0.07692307692307693,0.0375
0.07894736842105263,0.0375
0.08108108108108109,0.0375
0.08333333333333333,0.0375
0.08571428571428572,0.0375
0.08823529411764706,0.0375
0.09090909090909091,0.0375
0.09375,0.0375
0.0967741935483871,0.0375
0.1,0.0375
0.10344827586206896,0.0375
0.10714285714285714,0.0375
0.1111111111111111,0.0375
0.07692307692307693,0.025
0.08,0.025
0.08333333333333333,0.025
0.08695652173913043,0.025
0.09090909090909091,0.025
0.09523809523809523,0.025
0.1,0.025
0.10526315789473684,0.025
0.1111111111111111,0.025
0.11764705882352941,0.025
0.125,0.025
0.13333333333333333,0.025
0.14285714285714285,0.025
0.07692307692307693,0.0125
0.08333333333333333,0.0125
0.09090909090909091,0.0125
0.1,0.0125
0.1111111111111111,0.0125
0.125,0.0125
0.14285714285714285,0.0125
0.16666666666666666,0.0125
0.2,0.0125
0.25,0.0125
0.3333333333333333,0.0125
0.5,0.0125
0.0,0.0
1.0,0.0
