Precision,Recall
0.03369839932603201,1.0
0.03288364249578415,0.975
0.03291139240506329,0.975
0.032939189189189186,0.975
0.03296703296703297,0.975
0.03299492385786802,0.975
0.03302286198137172,0.975
0.03305084745762712,0.975
0.03307888040712468,0.975
0.03310696095076401,0.975
0.03313508920985556,0.975
0.03316326530612245,0.975
0.033191489361702124,0.975
0.03321976149914821,0.975
0.03324808184143223,0.975
0.033276450511945395,0.975
0.033304867634500426,0.975
0.03333333333333333,0.975
0.033361847733105215,0.975
0.03339041095890411,0.975
0.033419023136246784,0.975
0.03344768439108062,0.975
0.03347639484978541,0.975
0.03350515463917526,0.975
0.03353396388650043,0.975
0.03356282271944923,0.975
0.03359173126614987,0.975
0.03362068965517241,0.975
0.03364969801553063,0.975
0.03367875647668394,0.975
0.033707865168539325,0.975
0.03373702422145329,0.975
0.033766233766233764,0.975
0.033795493934142114,0.975
0.033824804856895055,0.975
0.033854166666666664,0.975
0.03388357949609035,0.975
0.03391304347826087,0.975
0.033942558746736295,0.975
0.03397212543554007,0.975
0.03400174367916303,0.975
0.034031413612565446,0.975
0.03406113537117904,0.975
0.03409090909090909,0.975
0.03412073490813648,0.975
0.03415061295971979,0.975
0.03418054338299737,0.975
0.034210526315789476,0.975
0.03424056189640035,0.975
0.03427065026362039,0.975
0.03430079155672823,0.975
0.03433098591549296,0.975
0.03436123348017621,0.975
0.03439153439153439,0.975
0.03442188879082083,0.975
0.03445229681978799,0.975
0.034482758620689655,0.975
0.034513274336283185,0.975
0.03454384410983171,0.975
0.034574468085106384,0.975
0.03460514640638864,0.975
0.03463587921847247,0.975
0.034666666666666665,0.975
0.03469750889679715,0.975
0.034728406055209264,0.975
0.034759358288770054,0.975
0.03479036574487065,0.975
0.03482142857142857,0.975
0.03485254691689008,0.975
0.03488372093023256,0.975
0.03491495076096687,0.975
0.03494623655913978,0.975
0.034080717488789235,0.95
0.03411131059245961,0.95
0.034141958670260555,0.95
0.0341726618705036,0.95
0.034203420342034205,0.95
0.03423423423423423,0.95
0.034265103697024346,0.95
0.03429602888086643,0.95
0.03432700993676603,0.95
0.034358047016274866,0.95
0.034389140271493215,0.95
0.034420289855072464,0.95
0.03445149592021759,0.95
0.034482758620689655,0.95
0.03451407811080836,0.95
0.034545454545454546,0.95
0.034576888080072796,0.95
0.03460837887067395,0.95
0.03463992707383774,0.95
0.03467153284671533,0.95
0.034703196347031964,0.95
0.033820840950639856,0.925
0.03385178408051235,0.925
0.03388278388278388,0.925
0.03391384051329056,0.925
0.03394495412844037,0.925
0.03397612488521579,0.925
0.03400735294117647,0.925
0.03403863845446182,0.925
0.03406998158379374,0.925
0.034101382488479264,0.925
0.03413284132841329,0.925
0.034164358264081256,0.925
0.034195933456561925,0.925
0.034227567067530065,0.925
0.03425925925925926,0.925
0.03429101019462465,0.925
0.03339517625231911,0.9
0.033426183844011144,0.9
0.03345724907063197,0.9
0.03348837209302326,0.9
0.0335195530726257,0.9
0.033550792171481825,0.9
0.033582089552238806,0.9
0.03361344537815126,0.9
0.03364485981308411,0.9
0.03367633302151544,0.9
0.033707865168539325,0.9
0.033739456419868794,0.9
0.03377110694183865,0.9
0.03380281690140845,0.9
0.03383458646616541,0.9
0.03386641580432737,0.9
0.03389830508474576,0.9
0.033930254476908575,0.9
0.033962264150943396,0.9
0.0339943342776204,0.9
0.034026465028355386,0.9
0.03405865657521287,0.9
0.03409090909090909,0.9
0.034123222748815164,0.9
0.03415559772296015,0.9
0.03418803418803419,0.9
0.034220532319391636,0.9
0.03425309229305423,0.9
0.03428571428571429,0.9
0.034318398474737846,0.9
0.03435114503816794,0.9
0.034383954154727794,0.9
0.03441682600382409,0.9
0.03444976076555024,0.9
0.034482758620689655,0.9
0.03451581975071908,0.9
0.0345489443378119,0.9
0.0345821325648415,0.9
0.03461538461538462,0.9
0.03464870067372473,0.9
0.03468208092485549,0.9
0.03471552555448409,0.9
0.03474903474903475,0.9
0.034782608695652174,0.9
0.03481624758220503,0.9
0.03484995159728945,0.9
0.03488372093023256,0.9
0.03491755577109602,0.9
0.03495145631067961,0.9
0.03498542274052478,0.9
0.03501945525291829,0.9
0.035053554040895815,0.9
0.03508771929824561,0.9
0.03414634146341464,0.875
0.0341796875,0.875
0.03421309872922776,0.875
0.03424657534246575,0.875
0.034280117531831536,0.875
0.03431372549019608,0.875
0.033366045142296366,0.85
0.03339882121807466,0.85
0.03343166175024582,0.85
0.03346456692913386,0.85
0.033497536945812804,0.85
0.03353057199211045,0.85
0.03356367226061204,0.85
0.03359683794466403,0.85
0.033630069238377844,0.85
0.033663366336633666,0.85
0.03369672943508424,0.85
0.03373015873015873,0.85
0.033763654419066536,0.85
0.033797216699801194,0.85
0.03383084577114428,0.85
0.03386454183266932,0.85
0.03389830508474576,0.85
0.033932135728542916,0.85
0.03396603396603397,0.85
0.034,0.85
0.03403403403403404,0.85
0.03406813627254509,0.85
0.034102306920762285,0.85
0.03413654618473896,0.85
0.034170854271356785,0.85
0.03420523138832998,0.85
0.03423967774420947,0.85
0.034274193548387094,0.85
0.034308779011099896,0.85
0.03434343434343434,0.85
0.034378159757330634,0.85
0.03441295546558704,0.85
0.034447821681864235,0.85
0.034482758620689655,0.85
0.03451776649746193,0.85
0.034552845528455285,0.85
0.03458799593082401,0.85
0.034623217922606926,0.85
0.034658511722731905,0.85
0.03469387755102041,0.85
0.03472931562819203,0.85
0.034764826175869123,0.85
0.03480040941658137,0.85
0.03483606557377049,0.85
0.03487179487179487,0.85
0.03490759753593429,0.85
0.03494347379239465,0.85
0.03497942386831276,0.85
0.035015447991761074,0.85
0.03505154639175258,0.85
0.03508771929824561,0.85
0.03512396694214876,0.85
0.03516028955532575,0.85
0.035196687370600416,0.85
0.035233160621761656,0.85
0.035269709543568464,0.85
0.035306334371754934,0.85
0.035343035343035345,0.85
0.03537981269510926,0.85
0.035416666666666666,0.85
0.03441084462982273,0.825
0.03444676409185804,0.825
0.034482758620689655,0.825
0.034518828451882845,0.825
0.03455497382198953,0.825
0.03459119496855346,0.825
0.03462749213011543,0.825
0.03466386554621849,0.825
0.03470031545741325,0.825
0.03368421052631579,0.8
0.03371970495258166,0.8
0.03375527426160337,0.8
0.0337909186906019,0.8
0.03382663847780127,0.8
0.033862433862433865,0.8
0.03389830508474576,0.8
0.033934252386002124,0.8
0.03397027600849257,0.8
0.03400637619553666,0.8
0.03404255319148936,0.8
0.03407880724174654,0.8
0.03411513859275053,0.8
0.03415154749199573,0.8
0.03418803418803419,0.8
0.034224598930481284,0.8
0.034261241970021415,0.8
0.03429796355841372,0.8
0.034334763948497854,0.8
0.034371643394199784,0.8
0.034408602150537634,0.8
0.03444564047362755,0.8
0.034482758620689655,0.8
0.034519956850053934,0.8
0.03455723542116631,0.8
0.034594594594594595,0.8
0.03463203463203463,0.8
0.03466955579631636,0.8
0.03470715835140998,0.8
0.03474484256243214,0.8
0.034782608695652174,0.8
0.03482045701849837,0.8
0.034858387799564274,0.8
0.03489640130861505,0.8
0.034934497816593885,0.8
0.034972677595628415,0.8
0.0350109409190372,0.8
0.03504928806133625,0.8
0.03508771929824561,0.8
0.03512623490669594,0.8
0.035164835164835165,0.8
0.0352035203520352,0.8
0.03524229074889868,0.8
0.03528114663726571,0.8
0.03532008830022075,0.8
0.03535911602209945,0.8
0.035398230088495575,0.8
0.035437430786267994,0.8
0.03547671840354767,0.8
0.03551609322974473,0.8
0.035555555555555556,0.8
0.035595105672969966,0.8
0.035634743875278395,0.8
0.03567447045707915,0.8
0.03571428571428571,0.8
0.035754189944134075,0.8
0.035794183445190156,0.8
0.03583426651735722,0.8
0.03587443946188341,0.8
0.03591470258136925,0.8
0.035955056179775284,0.8
0.0359955005624297,0.8
0.036036036036036036,0.8
0.036076662908680945,0.8
0.03611738148984198,0.8
0.03615819209039548,0.8
0.03619909502262444,0.8
0.0362400906002265,0.8
0.036281179138321996,0.8
0.036322360953461974,0.8
0.03636363636363636,0.8
0.03640500568828214,0.8
0.03644646924829157,0.8
0.036488027366020526,0.8
0.0365296803652968,0.8
0.036571428571428574,0.8
0.036613272311212815,0.8
0.03665521191294387,0.8
0.03669724770642202,0.8
0.03673938002296211,0.8
0.0367816091954023,0.8
0.03682393555811277,0.8
0.03686635944700461,0.8
0.03690888119953864,0.8
0.03695150115473441,0.8
0.03699421965317919,0.8
0.037037037037037035,0.8
0.03707995365005794,0.8
0.037122969837587005,0.8
0.03716608594657375,0.8
0.037209302325581395,0.8
0.037252619324796274,0.8
0.037296037296037296,0.8
0.03733955659276546,0.8
0.037383177570093455,0.8
0.03742690058479532,0.8
0.03747072599531616,0.8
0.03751465416178194,0.8
0.03755868544600939,0.8
0.03760282021151586,0.8
0.03764705882352941,0.8
0.03769140164899882,0.8
0.03773584905660377,0.8
0.03778040141676505,0.8
0.037825059101654845,0.8
0.036686390532544376,0.775
0.03672985781990521,0.775
0.036773428232502965,0.775
0.03681710213776722,0.775
0.036860879904875146,0.775
0.036904761904761905,0.775
0.03694874851013111,0.775
0.03699284009546539,0.775
0.037037037037037035,0.775
0.03708133971291866,0.775
0.037125748502994015,0.775
0.03717026378896882,0.775
0.03721488595438175,0.775
0.037259615384615384,0.775
0.03730445246690734,0.775
0.03734939759036145,0.775
0.03739445114595899,0.775
0.03743961352657005,0.775
0.036275695284159616,0.75
0.03631961259079903,0.75
0.03636363636363636,0.75
0.03640776699029126,0.75
0.03645200486026731,0.75
0.0364963503649635,0.75
0.03654080389768575,0.75
0.036585365853658534,0.75
0.03663003663003663,0.75
0.03667481662591687,0.75
0.03671970624235006,0.75
0.03676470588235294,0.75
0.03680981595092025,0.75
0.036855036855036855,0.75
0.03690036900369004,0.75
0.03694581280788178,0.75
0.036991368680641186,0.75
0.037037037037037035,0.75
0.037082818294190356,0.75
0.03712871287128713,0.75
0.03717472118959108,0.75
0.03722084367245657,0.75
0.037267080745341616,0.75
0.03731343283582089,0.75
0.037359900373599,0.75
0.03740648379052369,0.75
0.03745318352059925,0.75
0.0375,0.75
0.03754693366708386,0.75
0.03759398496240601,0.75
0.037641154328732745,0.75
0.03768844221105527,0.75
0.03773584905660377,0.75
0.037783375314861464,0.75
0.03783102143757881,0.75
0.03787878787878788,0.75
0.03792667509481669,0.75
0.0379746835443038,0.75
0.03802281368821293,0.75
0.03807106598984772,0.75
0.036848792884371026,0.725
0.03689567430025445,0.725
0.03694267515923567,0.725
0.036989795918367346,0.725
0.037037037037037035,0.725
0.0370843989769821,0.725
0.03713188220230474,0.725
0.03717948717948718,0.725
0.037227214377406934,0.725
0.037275064267352186,0.725
0.03732303732303732,0.725
0.037371134020618556,0.725
0.03741935483870968,0.725
0.037467700258397935,0.725
0.037516170763260026,0.725
0.03756476683937824,0.725
0.03761348897535668,0.725
0.03766233766233766,0.725
0.0377113133940182,0.725
0.037760416666666664,0.725
0.03780964797913951,0.725
0.037859007832898174,0.725
0.03790849673202614,0.725
0.03795811518324607,0.725
0.03800786369593709,0.725
0.03805774278215223,0.725
0.03810775295663601,0.725
0.038157894736842106,0.725
0.03820816864295125,0.725
0.036939313984168866,0.7
0.036988110964332896,0.7
0.037037037037037035,0.7
0.03708609271523179,0.7
0.03713527851458886,0.7
0.03718459495351926,0.7
0.03723404255319149,0.7
0.037283621837549935,0.7
0.037333333333333336,0.7
0.037383177570093455,0.7
0.0374331550802139,0.7
0.03614457831325301,0.675
0.036193029490616625,0.675
0.036241610738255034,0.675
0.036290322580645164,0.675
0.03633916554508748,0.675
0.03638814016172507,0.675
0.03643724696356275,0.675
0.03648648648648649,0.675
0.036535859269282815,0.675
0.036585365853658534,0.675
0.036635006784260515,0.675
0.036684782608695655,0.675
0.036734693877551024,0.675
0.03678474114441417,0.675
0.036834924965893585,0.675
0.036885245901639344,0.675
0.036935704514363885,0.675
0.036986301369863014,0.675
0.037037037037037035,0.675
0.03708791208791209,0.675
0.037138927097661624,0.675
0.0371900826446281,0.675
0.037241379310344824,0.675
0.03729281767955801,0.675
0.03734439834024896,0.675
0.037396121883656507,0.675
0.03744798890429958,0.675
0.0375,0.675
0.037552155771905425,0.675
0.037604456824512536,0.675
0.03765690376569038,0.675
0.03770949720670391,0.675
0.03776223776223776,0.675
0.037815126050420166,0.675
0.037868162692847124,0.675
0.03651685393258427,0.65
0.03656821378340366,0.65
0.036619718309859155,0.65
0.036671368124118475,0.65
0.03672316384180791,0.65
0.036775106082036775,0.65
0.036827195467422094,0.65
0.03687943262411347,0.65
0.036931818181818184,0.65
0.03698435277382646,0.65
0.037037037037037035,0.65
0.037089871611982884,0.65
0.037142857142857144,0.65
0.03719599427753934,0.65
0.03724928366762178,0.65
0.03730272596843615,0.65
0.03735632183908046,0.65
0.03741007194244604,0.65
0.037463976945244955,0.65
0.03751803751803752,0.65
0.03757225433526012,0.65
0.03762662807525326,0.65
0.03768115942028986,0.65
0.03773584905660377,0.65
0.0377906976744186,0.65
0.03784570596797671,0.65
0.037900874635568516,0.65
0.03795620437956204,0.65
0.038011695906432746,0.65
0.03806734992679356,0.65
0.03812316715542522,0.65
0.0381791483113069,0.65
0.03823529411764706,0.65
0.03829160530191458,0.65
0.038348082595870206,0.65
0.03840472673559823,0.65
0.038461538461538464,0.65
0.03851851851851852,0.65
0.03857566765578635,0.65
0.03863298662704309,0.65
0.03869047619047619,0.65
0.038748137108792845,0.65
0.03880597014925373,0.65
0.03886397608370702,0.65
0.038922155688622756,0.65
0.038980509745127435,0.65
0.03903903903903904,0.65
0.039097744360902256,0.65
0.0391566265060241,0.65
0.0392156862745098,0.65
0.03927492447129909,0.65
0.039334341906202726,0.65
0.03939393939393939,0.65
0.03945371775417299,0.65
0.03951367781155015,0.65
0.0395738203957382,0.65
0.039634146341463415,0.65
0.03969465648854962,0.65
0.039755351681957186,0.65
0.039816232771822356,0.65
0.03987730061349693,0.65
0.039938556067588324,0.65
0.04,0.65
0.040061633281972264,0.65
0.040123456790123455,0.65
0.0401854714064915,0.65
0.04024767801857585,0.65
0.040310077519379844,0.65
0.040372670807453416,0.65
0.04043545878693624,0.65
0.040498442367601244,0.65
0.0405616224648986,0.65
0.040625,0.65
0.0406885758998435,0.65
0.04075235109717868,0.65
0.04081632653061224,0.65
0.040880503144654086,0.65
0.04094488188976378,0.65
0.04100946372239748,0.65
0.04107424960505529,0.65
0.04113924050632911,0.65
0.04120443740095087,0.65
0.04126984126984127,0.65
0.04133545310015898,0.65
0.041401273885350316,0.65
0.04146730462519936,0.65
0.04153354632587859,0.65
0.0416,0.65
0.041666666666666664,0.65
0.04173354735152488,0.65
0.04180064308681672,0.65
0.04186795491143317,0.65
0.041935483870967745,0.65
0.0420032310177706,0.65
0.042071197411003236,0.65
0.04213938411669368,0.65
0.04220779220779221,0.65
0.04227642276422764,0.65
0.04234527687296417,0.65
0.04241435562805873,0.65
0.042483660130718956,0.65
0.0425531914893617,0.65
0.04262295081967213,0.65
0.042692939244663386,0.65
0.04276315789473684,0.65
0.042833607907743,0.65
0.0429042904290429,0.65
0.04297520661157025,0.65
0.04304635761589404,0.65
0.04311774461028192,0.65
0.04318936877076412,0.65
0.04326123128119801,0.65
0.043333333333333335,0.65
0.04340567612687813,0.65
0.043478260869565216,0.65
0.04355108877721943,0.65
0.0436241610738255,0.65
0.043697478991596636,0.65
0.04377104377104377,0.65
0.04384485666104553,0.65
0.04391891891891892,0.65
0.043993231810490696,0.65
0.04406779661016949,0.65
0.044142614601018676,0.65
0.04421768707482993,0.65
0.044293015332197615,0.65
0.04436860068259386,0.65
0.044444444444444446,0.65
0.04452054794520548,0.65
0.044596912521440824,0.65
0.044673539518900345,0.65
0.04475043029259897,0.65
0.04482758620689655,0.65
0.044905008635578586,0.65
0.04498269896193772,0.65
0.045060658578856154,0.65
0.04513888888888889,0.65
0.04521739130434783,0.65
0.04529616724738676,0.65
0.04537521815008726,0.65
0.045454545454545456,0.65
0.04553415061295972,0.65
0.0456140350877193,0.65
0.04569420035149385,0.65
0.04401408450704225,0.625
0.04409171075837742,0.625
0.044169611307420496,0.625
0.04424778761061947,0.625
0.044326241134751775,0.625
0.04440497335701599,0.625
0.04448398576512456,0.625
0.044563279857397504,0.625
0.044642857142857144,0.625
0.044722719141323794,0.625
0.044802867383512544,0.625
0.04488330341113106,0.625
0.044964028776978415,0.625
0.04504504504504504,0.625
0.04512635379061372,0.625
0.045207956600361664,0.625
0.04528985507246377,0.625
0.045372050816696916,0.625
0.045454545454545456,0.625
0.04553734061930783,0.625
0.04562043795620438,0.625
0.04570383912248629,0.625
0.045787545787545784,0.625
0.045871559633027525,0.625
0.04595588235294118,0.625
0.04604051565377532,0.625
0.046125461254612546,0.625
0.04621072088724584,0.625
0.044444444444444446,0.6
0.04452690166975881,0.6
0.04460966542750929,0.6
0.0446927374301676,0.6
0.04477611940298507,0.6
0.044859813084112146,0.6
0.0449438202247191,0.6
0.0450281425891182,0.6
0.045112781954887216,0.6
0.04519774011299435,0.6
0.045283018867924525,0.6
0.043478260869565216,0.575
0.043560606060606064,0.575
0.04364326375711575,0.575
0.043726235741444866,0.575
0.04380952380952381,0.575
0.04389312977099236,0.575
0.04397705544933078,0.575
0.044061302681992334,0.575
0.044145873320537425,0.575
0.04423076923076923,0.575
0.04431599229287091,0.575
0.0444015444015444,0.575
0.04448742746615087,0.575
0.044573643410852716,0.575
0.04466019417475728,0.575
0.04474708171206226,0.575
0.04483430799220273,0.575
0.044921875,0.575
0.04500978473581213,0.575
0.045098039215686274,0.575
0.04518664047151277,0.575
0.045275590551181105,0.575
0.045364891518737675,0.575
0.045454545454545456,0.575
0.04554455445544554,0.575
0.04563492063492063,0.575
0.04572564612326044,0.575
0.045816733067729085,0.575
0.04590818363273453,0.575
0.046,0.575
0.04609218436873747,0.575
0.04618473895582329,0.575
0.04426559356136821,0.55
0.04435483870967742,0.55
0.044444444444444446,0.55
0.044534412955465584,0.55
0.04462474645030426,0.55
0.044715447154471545,0.55
0.04480651731160896,0.55
0.044897959183673466,0.55
0.044989775051124746,0.55
0.045081967213114756,0.55
0.045174537987679675,0.55
0.04526748971193416,0.55
0.04329896907216495,0.525
0.04338842975206612,0.525
0.043478260869565216,0.525
0.043568464730290454,0.525
0.04365904365904366,0.525
0.04375,0.525
0.04384133611691023,0.525
0.043933054393305436,0.525
0.0440251572327044,0.525
0.04411764705882353,0.525
0.04421052631578947,0.525
0.04430379746835443,0.525
0.04439746300211417,0.525
0.04449152542372881,0.525
0.044585987261146494,0.525
0.04468085106382979,0.525
0.04477611940298507,0.525
0.04487179487179487,0.525
0.044967880085653104,0.525
0.045064377682403435,0.525
0.04516129032258064,0.525
0.04525862068965517,0.525
0.04535637149028078,0.525
0.045454545454545456,0.525
0.0455531453362256,0.525
0.04565217391304348,0.525
0.0457516339869281,0.525
0.04585152838427948,0.525
0.045951859956236324,0.525
0.046052631578947366,0.525
0.046153846153846156,0.525
0.046255506607929514,0.525
0.046357615894039736,0.525
0.046460176991150445,0.525
0.04656319290465632,0.525
0.04666666666666667,0.525
0.0467706013363029,0.525
0.046875,0.525
0.04697986577181208,0.525
0.04708520179372197,0.525
0.04719101123595506,0.525
0.0472972972972973,0.525
0.04740406320541761,0.525
0.04751131221719457,0.525
0.047619047619047616,0.525
0.04772727272727273,0.525
0.04783599088838269,0.525
0.04794520547945205,0.525
0.04805491990846682,0.525
0.0481651376146789,0.525
0.04827586206896552,0.525
0.04838709677419355,0.525
0.04849884526558892,0.525
0.04861111111111111,0.525
0.048723897911832945,0.525
0.04883720930232558,0.525
0.04895104895104895,0.525
0.04906542056074766,0.525
0.04918032786885246,0.525
0.04929577464788732,0.525
0.04941176470588235,0.525
0.049528301886792456,0.525
0.04964539007092199,0.525
0.04976303317535545,0.525
0.0498812351543943,0.525
0.05,0.525
0.050119331742243436,0.525
0.050239234449760764,0.525
0.050359712230215826,0.525
0.05048076923076923,0.525
0.05060240963855422,0.525
0.050724637681159424,0.525
0.05084745762711865,0.525
0.050970873786407765,0.525
0.051094890510948905,0.525
0.05121951219512195,0.525
0.05134474327628362,0.525
0.049019607843137254,0.5
0.04914004914004914,0.5
0.04926108374384237,0.5
0.04938271604938271,0.5
0.04950495049504951,0.5
0.04962779156327544,0.5
0.0472636815920398,0.475
0.04738154613466334,0.475
0.0475,0.475
0.047619047619047616,0.475
0.04773869346733668,0.475
0.04785894206549118,0.475
0.047979797979797977,0.475
0.04810126582278481,0.475
0.048223350253807105,0.475
0.04834605597964377,0.475
0.04846938775510204,0.475
0.04859335038363171,0.475
0.04871794871794872,0.475
0.04884318766066838,0.475
0.04896907216494845,0.475
0.04909560723514212,0.475
0.04922279792746114,0.475
0.04935064935064935,0.475
0.049479166666666664,0.475
0.04960835509138381,0.475
0.049738219895287955,0.475
0.049868766404199474,0.475
0.05,0.475
0.05013192612137203,0.475
0.05026455026455026,0.475
0.050397877984084884,0.475
0.05053191489361702,0.475
0.050666666666666665,0.475
0.05080213903743316,0.475
0.05093833780160858,0.475
0.051075268817204304,0.475
0.05121293800539083,0.475
0.051351351351351354,0.475
0.051490514905149054,0.475
0.051630434782608696,0.475
0.051771117166212535,0.475
0.05191256830601093,0.475
0.052054794520547946,0.475
0.0521978021978022,0.475
0.05234159779614325,0.475
0.052486187845303865,0.475
0.05263157894736842,0.475
0.05277777777777778,0.475
0.052924791086350974,0.475
0.05307262569832402,0.475
0.05322128851540616,0.475
0.05337078651685393,0.475
0.05352112676056338,0.475
0.05367231638418079,0.475
0.053824362606232294,0.475
0.05397727272727273,0.475
0.05413105413105413,0.475
0.054285714285714284,0.475
0.054441260744985676,0.475
0.05459770114942529,0.475
0.05475504322766571,0.475
0.05491329479768786,0.475
0.05507246376811594,0.475
0.055232558139534885,0.475
0.05539358600583091,0.475
0.05555555555555555,0.475
0.05571847507331378,0.475
0.052941176470588235,0.45
0.05309734513274336,0.45
0.05325443786982249,0.45
0.05341246290801187,0.45
0.05357142857142857,0.45
0.05373134328358209,0.45
0.05389221556886228,0.45
0.05405405405405406,0.45
0.05421686746987952,0.45
0.054380664652567974,0.45
0.05454545454545454,0.45
0.0547112462006079,0.45
0.054878048780487805,0.45
0.05504587155963303,0.45
0.05521472392638037,0.45
0.055384615384615386,0.45
0.05555555555555555,0.45
0.05572755417956656,0.45
0.055900621118012424,0.45
0.0529595015576324,0.425
0.053125,0.425
0.050156739811912224,0.4
0.050314465408805034,0.4
0.050473186119873815,0.4
0.05063291139240506,0.4
0.050793650793650794,0.4
0.050955414012738856,0.4
0.051118210862619806,0.4
0.05128205128205128,0.4
0.05144694533762058,0.4
0.05161290322580645,0.4
0.05177993527508091,0.4
0.05194805194805195,0.4
0.05211726384364821,0.4
0.05228758169934641,0.4
0.05245901639344262,0.4
0.05263157894736842,0.4
0.04950495049504951,0.375
0.04966887417218543,0.375
0.04983388704318937,0.375
0.05,0.375
0.05016722408026756,0.375
0.04697986577181208,0.35
0.04377104377104377,0.325
0.04391891891891892,0.325
0.04406779661016949,0.325
0.04421768707482993,0.325
0.04436860068259386,0.325
0.04452054794520548,0.325
0.044673539518900345,0.325
0.04482758620689655,0.325
0.04498269896193772,0.325
0.04513888888888889,0.325
0.04529616724738676,0.325
0.045454545454545456,0.325
0.0456140350877193,0.325
0.045774647887323945,0.325
0.045936395759717315,0.325
0.04609929078014184,0.325
0.042704626334519574,0.3
0.04285714285714286,0.3
0.043010752688172046,0.3
0.04316546762589928,0.3
0.039711191335740074,0.275
0.03985507246376811,0.275
0.04,0.275
0.040145985401459854,0.275
0.040293040293040296,0.275
0.04044117647058824,0.275
0.04059040590405904,0.275
0.040740740740740744,0.275
0.040892193308550186,0.275
0.041044776119402986,0.275
0.04119850187265917,0.275
0.041353383458646614,0.275
0.04150943396226415,0.275
0.041666666666666664,0.275
0.03802281368821293,0.25
0.03816793893129771,0.25
0.038314176245210725,0.25
0.038461538461538464,0.25
0.03861003861003861,0.25
0.03875968992248062,0.25
0.038910505836575876,0.25
0.0390625,0.25
0.0392156862745098,0.25
0.03937007874015748,0.25
0.039525691699604744,0.25
0.03968253968253968,0.25
0.0398406374501992,0.25
0.04,0.25
0.040160642570281124,0.25
0.04032258064516129,0.25
0.04048582995951417,0.25
0.04065040650406504,0.25
0.04081632653061224,0.25
0.040983606557377046,0.25
0.0411522633744856,0.25
0.04132231404958678,0.25
0.04149377593360996,0.25
0.041666666666666664,0.25
0.04184100418410042,0.25
0.04201680672268908,0.25
0.04219409282700422,0.25
0.0423728813559322,0.25
0.0425531914893617,0.25
0.042735042735042736,0.25
0.04291845493562232,0.25
0.04310344827586207,0.25
0.04329004329004329,0.25
0.043478260869565216,0.25
0.043668122270742356,0.25
0.043859649122807015,0.25
0.04405286343612335,0.25
0.04424778761061947,0.25
0.044444444444444446,0.25
0.044642857142857144,0.25
0.04484304932735426,0.25
0.04504504504504504,0.25
0.04524886877828054,0.25
0.045454545454545456,0.25
0.045662100456621,0.25
0.045871559633027525,0.25
0.04608294930875576,0.25
0.046296296296296294,0.25
0.046511627906976744,0.25
0.04672897196261682,0.25
0.046948356807511735,0.25
0.04716981132075472,0.25
0.04739336492890995,0.25
0.047619047619047616,0.25
0.04784688995215311,0.25
0.04807692307692308,0.25
0.04830917874396135,0.25
0.04854368932038835,0.25
0.04878048780487805,0.25
0.049019607843137254,0.25
0.04926108374384237,0.25
0.04950495049504951,0.25
0.04975124378109453,0.25
0.05,0.25
0.05025125628140704,0.25
0.050505050505050504,0.25
0.050761421319796954,0.25
0.05102040816326531,0.25
0.05128205128205128,0.25
0.05154639175257732,0.25
0.05181347150259067,0.25
0.052083333333333336,0.25
0.05235602094240838,0.25
0.05263157894736842,0.25
0.05291005291005291,0.25
0.05319148936170213,0.25
0.053475935828877004,0.25
0.053763440860215055,0.25
0.05405405405405406,0.25
0.05434782608695652,0.25
0.0546448087431694,0.25
0.054945054945054944,0.25
0.055248618784530384,0.25
0.05555555555555555,0.25
0.055865921787709494,0.25
0.056179775280898875,0.25
0.05649717514124294,0.25
0.056818181818181816,0.25
0.05714285714285714,0.25
0.05747126436781609,0.25
0.057803468208092484,0.25
0.05813953488372093,0.25
0.05847953216374269,0.25
0.058823529411764705,0.25
0.05917159763313609,0.25
0.05952380952380952,0.25
0.059880239520958084,0.25
0.060240963855421686,0.25
0.06060606060606061,0.25
0.06097560975609756,0.25
0.05521472392638037,0.225
0.05555555555555555,0.225
0.055900621118012424,0.225
0.05625,0.225
0.05660377358490566,0.225
0.05063291139240506,0.2
0.050955414012738856,0.2
0.05128205128205128,0.2
0.05161290322580645,0.2
0.05194805194805195,0.2
0.05228758169934641,0.2
0.05263157894736842,0.2
0.052980132450331126,0.2
0.05333333333333334,0.2
0.053691275167785234,0.2
0.05405405405405406,0.2
0.05442176870748299,0.2
0.0547945205479452,0.2
0.05517241379310345,0.2
0.05555555555555555,0.2
0.055944055944055944,0.2
0.056338028169014086,0.2
0.05673758865248227,0.2
0.05714285714285714,0.2
0.05755395683453238,0.2
0.057971014492753624,0.2
0.058394160583941604,0.2
0.058823529411764705,0.2
0.05925925925925926,0.2
0.05970149253731343,0.2
0.06015037593984962,0.2
0.06060606060606061,0.2
0.061068702290076333,0.2
0.06153846153846154,0.2
0.06201550387596899,0.2
0.0625,0.2
0.06299212598425197,0.2
0.06349206349206349,0.2
0.064,0.2
0.06451612903225806,0.2
0.06504065040650407,0.2
0.06557377049180328,0.2
0.06611570247933884,0.2
0.06666666666666667,0.2
0.06722689075630252,0.2
0.06779661016949153,0.2
0.06837606837606838,0.2
0.06896551724137931,0.2
0.06956521739130435,0.2
0.07017543859649122,0.2
0.07079646017699115,0.2
0.07142857142857142,0.2
0.07207207207207207,0.2
0.07272727272727272,0.2
0.07339449541284404,0.2
0.07407407407407407,0.2
0.07476635514018691,0.2
0.07547169811320754,0.2
0.0761904761904762,0.2
0.07692307692307693,0.2
0.07766990291262135,0.2
0.0784313725490196,0.2
0.07920792079207921,0.2
0.08,0.2
0.08080808080808081,0.2
0.08163265306122448,0.2
0.08247422680412371,0.2
0.08333333333333333,0.2
0.08421052631578947,0.2
0.0851063829787234,0.2
0.08602150537634409,0.2
0.08695652173913043,0.2
0.08791208791208792,0.2
0.08888888888888889,0.2
0.0898876404494382,0.2
0.09090909090909091,0.2
0.09195402298850575,0.2
0.09302325581395349,0.2
0.09411764705882353,0.2
0.09523809523809523,0.2
0.0963855421686747,0.2
0.0975609756097561,0.2
0.09876543209876543,0.2
0.1,0.2
0.10126582278481013,0.2
0.10256410256410256,0.2
0.1038961038961039,0.2
0.10526315789473684,0.2
0.10666666666666667,0.2
0.10810810810810811,0.2
0.0958904109589041,0.175
0.09722222222222222,0.175
0.09859154929577464,0.175
0.1,0.175
0.10144927536231885,0.175
0.10294117647058823,0.175
0.1044776119402985,0.175
0.10606060606060606,0.175
0.09230769230769231,0.15
0.09375,0.15
0.09523809523809523,0.15
0.0967741935483871,0.15
0.09836065573770492,0.15
0.1,0.15
0.1016949152542373,0.15
0.10344827586206896,0.15
0.10526315789473684,0.15
0.10714285714285714,0.15
0.10909090909090909,0.15
0.1111111111111111,0.15
0.11320754716981132,0.15
0.11538461538461539,0.15
0.11764705882352941,0.15
0.12,0.15
0.12244897959183673,0.15
0.125,0.15
0.1276595744680851,0.15
0.10869565217391304,0.125
0.1111111111111111,0.125
0.11363636363636363,0.125
0.11627906976744186,0.125
0.11904761904761904,0.125
0.12195121951219512,0.125
0.125,0.125
0.1282051282051282,0.125
0.13157894736842105,0.125
0.10810810810810811,0.1
0.1111111111111111,0.1
0.11428571428571428,0.1
0.11764705882352941,0.1
0.12121212121212122,0.1
0.125,0.1
0.12903225806451613,0.1
0.13333333333333333,0.1
0.13793103448275862,0.1
0.14285714285714285,0.1
0.14814814814814814,0.1
0.15384615384615385,0.1
0.16,0.1
0.16666666666666666,0.1
0.17391304347826086,0.1
0.13636363636363635,0.075
0.14285714285714285,0.075
0.15,0.075
0.15789473684210525,0.075
0.16666666666666666,0.075
0.17647058823529413,0.075
0.125,0.05
0.13333333333333333,0.05
0.14285714285714285,0.05
0.15384615384615385,0.05
0.16666666666666666,0.05
0.18181818181818182,0.05
0.2,0.05
0.1111111111111111,0.025
0.125,0.025
0.14285714285714285,0.025
0.16666666666666666,0.025
0.2,0.025
0.25,0.025
0.3333333333333333,0.025
0.5,0.025
0.0,0.0
1.0,0.0
