Precision,Recall
0.03938946331856229,1.0
0.03891625615763547,0.9875
0.03893543617545589,0.9875
0.03895463510848126,0.9875
0.038973852984706465,0.9875
0.03899308983218164,0.9875
0.03901234567901234,0.9875
0.03903162055335968,0.9875
0.03905091448344043,0.9875
0.0390702274975272,0.9875
0.03908955962394854,0.9875
0.03910891089108911,0.9875
0.0391282813273898,0.9875
0.03914767096134787,0.9875
0.039167079821517105,0.9875
0.039186507936507936,0.9875
0.039205955334987594,0.9875
0.03922542204568024,0.9875
0.039244908097367116,0.9875
0.03926441351888668,0.9875
0.03928393833913476,0.9875
0.039303482587064675,0.9875
0.039323046291687404,0.9875
0.03934262948207171,0.9875
0.0393622321873443,0.9875
0.03938185443668993,0.9875
0.03940149625935162,0.9875
0.03942115768463074,0.9875
0.03944083874188717,0.9875
0.039460539460539464,0.9875
0.03948025987006497,0.9875
0.0395,0.9875
0.03951975987993997,0.9875
0.03953953953953954,0.9875
0.039559339008512766,0.9875
0.039579158316633264,0.9875
0.039598997493734335,0.9875
0.03961885656970913,0.9875
0.03963873557451079,0.9875
0.03965863453815261,0.9875
0.03967855349070819,0.9875
0.03969849246231156,0.9875
0.03971845148315736,0.9875
0.039738430583501,0.9875
0.03975842979365878,0.9875
0.039778449144008056,0.9875
0.039798488664987405,0.9875
0.039818548387096774,0.9875
0.03983862834089763,0.9875
0.03985872855701312,0.9875
0.039878849066128215,0.9875
0.0398989898989899,0.9875
0.03991915108640728,0.9875
0.03993933265925177,0.9875
0.03995953464845726,0.9875
0.039979757085020245,0.9875
0.04,0.9875
0.04002026342451875,0.9875
0.04004054738976178,0.9875
0.04006085192697769,0.9875
0.040081177067478435,0.9875
0.04010152284263959,0.9875
0.04012188928390046,0.9875
0.04014227642276423,0.9875
0.04016268429079817,0.9875
0.04018311291963377,0.9875
0.04020356234096692,0.9875
0.040224032586558045,0.9875
0.040244523688232295,0.9875
0.040265035677879715,0.9875
0.04028556858745538,0.9875
0.04030612244897959,0.9875
0.04032669729453803,0.9875
0.04034729315628192,0.9875
0.0403679100664282,0.9875
0.040388548057259714,0.9875
0.04040920716112532,0.9875
0.040429887410440124,0.9875
0.04045058883768561,0.9875
0.04047131147540984,0.9875
0.040492055356227574,0.9875
0.04051282051282051,0.9875
0.040533606977937404,0.9875
0.04055441478439425,0.9875
0.040575243965074476,0.9875
0.040596094552929084,0.9875
0.04061696658097686,0.9875
0.04063786008230453,0.9875
0.040658775090066906,0.9875
0.040679711637487126,0.9875
0.04070066975785677,0.9875
0.040721649484536084,0.9875
0.0407426508509541,0.9875
0.04076367389060888,0.9875
0.04078471863706763,0.9875
0.040805785123966945,0.9875
0.04082687338501292,0.9875
0.040847983453981385,0.9875
0.04086911536471805,0.9875
0.04089026915113872,0.9875
0.04091144484722942,0.9875
0.04093264248704663,0.9875
0.04095386210471747,0.9875
0.040975103734439834,0.9875
0.04099636741048261,0.9875
0.04101765316718588,0.9875
0.04103896103896104,0.9875
0.04106029106029106,0.9875
0.041081643265730626,0.9875
0.041103017689906346,0.9875
0.04112441436751692,0.9875
0.04114583333333333,0.9875
0.04116727462219906,0.9875
0.04118873826903024,0.9875
0.04121022430881586,0.9875
0.04123173277661795,0.9875
0.0412532637075718,0.9875
0.041274817136886105,0.9875
0.041296393099843176,0.9875
0.04131799163179916,0.9875
0.041339612768184195,0.9875
0.041361256544502616,0.9875
0.04138292299633316,0.9875
0.04140461215932914,0.9875
0.041426324069218666,0.9875
0.041448058761804824,0.9875
0.04146981627296588,0.9875
0.04149159663865546,0.9875
0.04151339989490278,0.9875
0.04153522607781283,0.9875
0.041557075223566546,0.9875
0.041578947368421056,0.9875
0.04160084254870985,0.9875
0.04162276080084299,0.9875
0.04164470216130733,0.9875
0.041666666666666664,0.9875
0.041688654353562005,0.9875
0.04171066525871172,0.9875
0.04173269941891178,0.9875
0.04175475687103594,0.9875
0.04177683765203596,0.9875
0.0417989417989418,0.9875
0.04182106934886183,0.9875
0.04184322033898305,0.9875
0.041865394806571275,0.9875
0.04188759278897137,0.9875
0.04190981432360743,0.9875
0.04193205944798301,0.9875
0.04195432819968136,0.9875
0.04197662061636557,0.9875
0.04146730462519936,0.975
0.04148936170212766,0.975
0.041511442256519426,0.975
0.04153354632587859,0.975
0.04155567394778902,0.975
0.04157782515991471,0.975
0.0416,0.975
0.04108858057630736,0.9625
0.041110517885744796,0.9625
0.04113247863247863,0.9625
0.04115446285408872,0.9625
0.041176470588235294,0.9625
0.04119850187265917,0.9625
0.04122055674518201,0.9625
0.04124263524370648,0.9625
0.04126473740621651,0.9625
0.04128686327077748,0.9625
0.04130901287553648,0.9625
0.041331186258722494,0.9625
0.041353383458646614,0.9625
0.04137560451370231,0.9625
0.04139784946236559,0.9625
0.04142011834319527,0.9625
0.041442411194833155,0.9625
0.041464728056004305,0.9625
0.041487068965517244,0.9625
0.04150943396226415,0.9625
0.041531823085221145,0.9625
0.04155423637344846,0.9625
0.041576673866090715,0.9625
0.041599135602377095,0.9625
0.04162162162162162,0.9625
0.04164413196322336,0.9625
0.041666666666666664,0.9625
0.041689225771521385,0.9625
0.04171180931744312,0.9625
0.04173441734417344,0.9625
0.04175704989154013,0.9625
0.041779706999457406,0.9625
0.041802388707926165,0.9625
0.04182509505703422,0.9625
0.04184782608695652,0.9625
0.04187058183795541,0.9625
0.041893362350380846,0.9625
0.041916167664670656,0.9625
0.041938997821350764,0.9625
0.041961852861035424,0.9625
0.04198473282442748,0.9625
0.042007637752318604,0.9625
0.04203056768558952,0.9625
0.042053522665210265,0.9625
0.04207650273224044,0.9625
0.04209950792782941,0.9625
0.04212253829321663,0.9625
0.0421455938697318,0.9625
0.04216867469879518,0.9625
0.04219178082191781,0.9625
0.042214912280701754,0.9625
0.042238069116840374,0.9625
0.04226125137211855,0.9625
0.04228445908841296,0.9625
0.04230769230769231,0.9625
0.04233095107201759,0.9625
0.04235423542354235,0.9625
0.04237754540451293,0.9625
0.042400881057268726,0.9625
0.04242424242424243,0.9625
0.04244762954796031,0.9625
0.04247104247104247,0.9625
0.04249448123620309,0.9625
0.04251794588625069,0.9625
0.042541436464088395,0.9625
0.04256495301271421,0.9625
0.042588495575221236,0.9625
0.04261206419479801,0.9625
0.04263565891472868,0.9625
0.04265927977839335,0.9625
0.042682926829268296,0.9625
0.04270660011092623,0.9625
0.04273029966703663,0.9625
0.042754025541365905,0.9625
0.042777777777777776,0.9625
0.042801556420233464,0.9625
0.04282536151279199,0.9625
0.04284919309961046,0.9625
0.04287305122494432,0.9625
0.04289693593314763,0.9625
0.04292084726867335,0.9625
0.04294478527607362,0.9625
0.04296875,0.9625
0.042992741485203795,0.9625
0.043016759776536316,0.9625
0.043040804918949134,0.9625
0.043064876957494405,0.9625
0.04308897593732513,0.9625
0.04311310190369541,0.9625
0.043137254901960784,0.9625
0.043161434977578475,0.9625
0.04318564217610768,0.9625
0.043209876543209874,0.9625
0.043234138124649074,0.9625
0.04325842696629213,0.9625
0.04328274311410905,0.9625
0.04330708661417323,0.9625
0.04333145751266179,0.9625
0.04335585585585586,0.9625
0.04338028169014085,0.9625
0.04340473506200677,0.9625
0.04342921601804851,0.9625
0.04345372460496614,0.9625
0.043478260869565216,0.9625
0.04350282485875706,0.9625
0.04352741661955907,0.9625
0.04355203619909502,0.9625
0.04357668364459536,0.9625
0.04360135900339751,0.9625
0.04362606232294618,0.9625
0.04365079365079365,0.9625
0.04367555303460011,0.9625
0.04370034052213394,0.9625
0.043725156161272004,0.9625
0.04375,0.9625
0.04377487208641274,0.9625
0.04379977246871445,0.9625
0.043824701195219126,0.9625
0.043849658314350795,0.9625
0.043874643874643876,0.9625
0.04389965792474344,0.9625
0.04392470051340559,0.9625
0.043949771689497714,0.9625
0.04397487150199886,0.9625
0.044,0.9625
0.0440251572327044,0.9625
0.044050343249427915,0.9625
0.044075558099599316,0.9625
0.0441008018327606,0.9625
0.044126074498567334,0.9625
0.04415137614678899,0.9625
0.04417670682730924,0.9625
0.04420206659012629,0.9625
0.04422745548535324,0.9625
0.044252873563218394,0.9625
0.04427832087406555,0.9625
0.04430379746835443,0.9625
0.04432930339666091,0.9625
0.04435483870967742,0.9625
0.04438040345821326,0.9625
0.04440599769319493,0.9625
0.044431621465666475,0.9625
0.044457274826789836,0.9625
0.04448295782784518,0.9625
0.04450867052023121,0.9625
0.044534412955465584,0.9625
0.04456018518518518,0.9625
0.044585987261146494,0.9625
0.044611819235225954,0.9625
0.04463768115942029,0.9625
0.04466357308584687,0.9625
0.04468949506674405,0.9625
0.044715447154471545,0.9625
0.04474142940151075,0.9625
0.044767441860465114,0.9625
0.0447934845840605,0.9625
0.044819557625145515,0.9625
0.0448456610366919,0.9625
0.04487179487179487,0.9625
0.044897959183673466,0.9625
0.044924154025670945,0.9625
0.04495037945125511,0.9625
0.04497663551401869,0.9625
0.04500292226767972,0.9625
0.04502923976608187,0.9625
0.04505558806319485,0.9625
0.045081967213114756,0.9625
0.04510837727006444,0.9625
0.045134818288393906,0.9625
0.04516129032258064,0.9625
0.04518779342723005,0.9625
0.04521432765707575,0.9625
0.04524089306698002,0.9625
0.04526748971193416,0.9625
0.045294117647058825,0.9625
0.04532077692760447,0.9625
0.04534746760895171,0.9625
0.04537418974661167,0.9625
0.04540094339622641,0.9625
0.04542772861356932,0.9625
0.045454545454545456,0.9625
0.045481393975191964,0.9625
0.04550827423167849,0.9625
0.04553518628030751,0.9625
0.045562130177514794,0.9625
0.045589105979869746,0.9625
0.04561611374407583,0.9625
0.04564315352697095,0.9625
0.045670225385527875,0.9625
0.0456973293768546,0.9625
0.045724465558194774,0.9625
0.0457516339869281,0.9625
0.045778834720570746,0.9625
0.04580606781677573,0.9625
0.04583333333333333,0.9625
0.04586063132817153,0.9625
0.045887961859356376,0.9625
0.045915324985092425,0.9625
0.045942720763723154,0.9625
0.04597014925373134,0.9625
0.045997610513739545,0.9625
0.04602510460251046,0.9625
0.046052631578947366,0.9625
0.04608019150209455,0.9625
0.04610778443113772,0.9625
0.046135410425404436,0.9625
0.046163069544364506,0.9625
0.04619076184763048,0.9625
0.046218487394957986,0.9625
0.04624624624624624,0.9625
0.046274038461538464,0.9625
0.04630186410102225,0.9625
0.04632972322503008,0.9625
0.046357615894039736,0.9625
0.0463855421686747,0.9625
0.046413502109704644,0.9625
0.046441495778045835,0.9625
0.04646952323476162,0.9625
0.0464975845410628,0.9625
0.04652567975830816,0.9625
0.046553808948004836,0.9625
0.04658197217180883,0.9625
0.046610169491525424,0.9625
0.04663840096910963,0.9625
0.04666666666666667,0.9625
0.046694966646452396,0.9625
0.046723300970873786,0.9625
0.046751669702489375,0.9625
0.04678007290400972,0.9625
0.04680851063829787,0.9625
0.04683698296836983,0.9625
0.04686548995739501,0.9625
0.04689403166869671,0.9625
0.04692260816575259,0.9625
0.04695121951219512,0.9625
0.04697986577181208,0.9625
0.04700854700854701,0.9625
0.047037263286499695,0.9625
0.04706601466992665,0.9625
0.04709480122324159,0.9625
0.047123623011015914,0.9625
0.04715248009797918,0.9625
0.04718137254901961,0.9625
0.04721030042918455,0.9625
0.04723926380368098,0.9625
0.047268262737875995,0.9625
0.0472972972972973,0.9625
0.04732636754763368,0.9625
0.047355473554735544,0.9625
0.047384615384615386,0.9625
0.04741379310344827,0.9625
0.0474430067775724,0.9625
0.047472256473489516,0.9625
0.047501542257865514,0.9625
0.047530864197530866,0.9625
0.04756022235948116,0.9625
0.04758961681087762,0.9625
0.047619047619047616,0.9625
0.04764851485148515,0.9625
0.04767801857585139,0.9625
0.04770755885997522,0.9625
0.04773713577185369,0.9625
0.047766749379652605,0.9625
0.04779639975170701,0.9625
0.04782608695652174,0.9625
0.04785581106277191,0.9625
0.04788557213930348,0.9625
0.04791537025513379,0.9625
0.04794520547945205,0.9625
0.047975077881619935,0.9625
0.04800498753117207,0.9625
0.048034934497816595,0.9625
0.048064918851435705,0.9625
0.048094940662086194,0.9625
0.048125,0.9625
0.04815509693558474,0.9625
0.04818523153942428,0.9625
0.048215403882279274,0.9625
0.04824561403508772,0.9625
0.04827586206896552,0.9625
0.04830614805520703,0.9625
0.04833647206528562,0.9625
0.04836683417085427,0.9625
0.04839723444374607,0.9625
0.048427672955974846,0.9625
0.048458149779735685,0.9625
0.04848866498740554,0.9625
0.048519218651543794,0.9625
0.048549810844892814,0.9625
0.04858044164037855,0.9625
0.04861111111111111,0.9625
0.04864181933038535,0.9625
0.048672566371681415,0.9625
0.048703352308665404,0.9625
0.048734177215189876,0.9625
0.04876504116529449,0.9625
0.048795944233206594,0.9625
0.04882688649334179,0.9625
0.04885786802030457,0.9625
0.04888888888888889,0.9625
0.04891994917407878,0.9625
0.04895104895104895,0.9625
0.048982188295165395,0.9625
0.049013367281986,0.9625
0.04904458598726115,0.9625
0.049075844486934354,0.9625
0.049107142857142856,0.9625
0.04913848117421825,0.9625
0.0491698595146871,0.9625
0.049201277955271565,0.9625
0.049232736572890026,0.9625
0.04926423544465771,0.9625
0.04929577464788732,0.9625
0.04932735426008968,0.9625
0.04935897435897436,0.9625
0.04939063502245029,0.9625
0.04942233632862644,0.9625
0.04945407835581246,0.9625
0.04948586118251928,0.9625
0.049517684887459806,0.9625
0.04954954954954955,0.9625
0.049581455247907275,0.9625
0.04961340206185567,0.9625
0.04964539007092199,0.9625
0.04967741935483871,0.9625
0.04970948999354422,0.9625
0.04974160206718346,0.9625
0.049773755656108594,0.9625
0.04980595084087969,0.9625
0.04983818770226537,0.9625
0.04987046632124352,0.9625
0.049902786779001944,0.9625
0.04993514915693904,0.9625
0.0499675535366645,0.9625
0.05,0.9625
0.050032488628979854,0.9625
0.05006501950585176,0.9625
0.05009759271307743,0.9625
0.050130208333333336,0.9625
0.0501628664495114,0.9625
0.050195567144719684,0.9625
0.0502283105022831,0.9625
0.05026109660574413,0.9625
0.050293925538863485,0.9625
0.05032679738562092,0.9625
0.050359712230215826,0.9625
0.05039267015706806,0.9625
0.0504256712508186,0.9625
0.05045871559633028,0.9625
0.050491803278688525,0.9625
0.0505249343832021,0.9625
0.050558108995403805,0.9625
0.05059132720105125,0.9625
0.05062458908612755,0.9625
0.0506578947368421,0.9625
0.05069124423963134,0.9625
0.050724637681159424,0.9625
0.05075807514831905,0.9625
0.05079155672823219,0.9625
0.050825082508250824,0.9625
0.05085865257595773,0.9625
0.050892267019167214,0.9625
0.05092592592592592,0.9625
0.050959629384513566,0.9625
0.05099337748344371,0.9625
0.051027170311464545,0.9625
0.05106100795755968,0.9625
0.051094890510948905,0.9625
0.05046480743691899,0.95
0.0504983388704319,0.95
0.05053191489361702,0.95
0.05056553559547571,0.95
0.05059920106524634,0.95
0.05063291139240506,0.95
0.050666666666666665,0.95
0.050700466977985324,0.95
0.050734312416555405,0.95
0.05076820307281229,0.95
0.05080213903743316,0.95
0.050836120401337795,0.95
0.050200803212851405,0.9375
0.05023442732752847,0.9375
0.05026809651474531,0.9375
0.05030181086519115,0.9375
0.050335570469798654,0.9375
0.050369375419744795,0.9375
0.05040322580645161,0.9375
0.05043712172158709,0.9375
0.05047106325706595,0.9375
0.050505050505050504,0.9375
0.05053908355795148,0.9375
0.05057316250842886,0.9375
0.05060728744939271,0.9375
0.05064145847400405,0.9375
0.05067567567567568,0.9375
0.05070993914807302,0.9375
0.05074424898511502,0.9375
0.05077860528097495,0.9375
0.0508130081300813,0.9375
0.05084745762711865,0.9375
0.05088195386702849,0.9375
0.05091649694501019,0.9375
0.050951086956521736,0.9375
0.05098572399728076,0.9375
0.05102040816326531,0.9375
0.05105513955071477,0.9375
0.05108991825613079,0.9375
0.05112474437627812,0.9375
0.05115961800818554,0.9375
0.051194539249146756,0.9375
0.05122950819672131,0.9375
0.05126452494873548,0.9375
0.05129958960328317,0.9375
0.0513347022587269,0.9375
0.05136986301369863,0.9375
0.05140507196710076,0.9375
0.051440329218107,0.9375
0.05147563486616335,0.9375
0.05151098901098901,0.9375
0.05154639175257732,0.9375
0.0515818431911967,0.9375
0.051617343427391604,0.9375
0.05165289256198347,0.9375
0.051688490696071676,0.9375
0.05172413793103448,0.9375
0.051759834368530024,0.9375
0.05179558011049724,0.9375
0.051831375259156875,0.9375
0.05186721991701245,0.9375
0.05190311418685121,0.9375
0.05193905817174515,0.9375
0.05197505197505198,0.9375
0.052011095700416086,0.9375
0.0520471894517696,0.9375
0.052083333333333336,0.9375
0.05211952744961779,0.9375
0.0521557719054242,0.9375
0.05219206680584551,0.9375
0.05222841225626741,0.9375
0.05226480836236934,0.9375
0.05230125523012552,0.9375
0.052337752965806,0.9375
0.052374301675977654,0.9375
0.05241090146750524,0.9375
0.05174825174825175,0.925
0.05178446466060182,0.925
0.05182072829131653,0.925
0.05185704274702172,0.925
0.051893408134642355,0.925
0.051929824561403506,0.925
0.05196629213483146,0.925
0.05200281096275474,0.925
0.052039381153305204,0.925
0.05207600281491907,0.925
0.05211267605633803,0.925
0.05214940098661029,0.925
0.05218617771509168,0.925
0.05222300635144672,0.925
0.05155367231638418,0.9125
0.051590106007067135,0.9125
0.051626591230551626,0.9125
0.051663128096249115,0.9125
0.051699716713881017,0.9125
0.0517363571934798,0.9125
0.05177304964539007,0.9125
0.051809794180269694,0.9125
0.05184659090909091,0.9125
0.051883439943141436,0.9125
0.051920341394025606,0.9125
0.05195729537366548,0.9125
0.051994301994301995,0.9125
0.05203136136849608,0.9125
0.05206847360912981,0.9125
0.052105638829407566,0.9125
0.052142857142857144,0.9125
0.05218012866333095,0.9125
0.05221745350500715,0.9125
0.052254831782390834,0.9125
0.052292263610315186,0.9125
0.052329749103942655,0.9125
0.05236728837876614,0.9125
0.0524048815506102,0.9125
0.05244252873563218,0.9125
0.052480230050323505,0.9125
0.05251798561151079,0.9125
0.05255579553635709,0.9125
0.05259365994236311,0.9125
0.05263157894736842,0.9125
0.05266955266955267,0.9125
0.05270758122743682,0.9125
0.052745664739884394,0.9125
0.05278380332610268,0.9125
0.052821997105643996,0.9125
0.05286024619840695,0.9125
0.05289855072463768,0.9125
0.05293691080493111,0.9125
0.05297532656023222,0.9125
0.053013798111837325,0.9125
0.053052325581395346,0.9125
0.05309090909090909,0.9125
0.05312954876273653,0.9125
0.05316824471959213,0.9125
0.052478134110787174,0.9
0.0525164113785558,0.9
0.052554744525547446,0.9
0.052593133674214754,0.9
0.05263157894736842,0.9
0.05267008046817849,0.9
0.0527086383601757,0.9
0.05201465201465202,0.8875
0.05205278592375367,0.8875
0.052090975788701394,0.8875
0.052129221732745964,0.8875
0.05216752387950037,0.8875
0.05220588235294118,0.8875
0.05224429727740986,0.8875
0.05228276877761414,0.8875
0.05232129697862933,0.8875
0.05235988200589971,0.8875
0.05239852398523985,0.8875
0.05243722304283604,0.8875
0.0524759793052476,0.8875
0.051775147928994084,0.875
0.05181347150259067,0.875
0.05185185185185185,0.875
0.05189028910303929,0.875
0.05192878338278932,0.875
0.05196733481811433,0.875
0.05200594353640416,0.875
0.05204460966542751,0.875
0.052083333333333336,0.875
0.05212211466865227,0.875
0.05216095380029806,0.875
0.05219985085756898,0.875
0.05223880597014925,0.875
0.05227781926811053,0.875
0.052316890881913304,0.875
0.05235602094240838,0.875
0.05239520958083832,0.875
0.052434456928838954,0.875
0.05247376311844078,0.875
0.05251312828207052,0.875
0.052552552552552555,0.875
0.05259203606311044,0.875
0.05263157894736842,0.875
0.0526711813393529,0.875
0.05271084337349398,0.875
0.05275056518462698,0.875
0.05279034690799397,0.875
0.052075471698113204,0.8625
0.05211480362537765,0.8625
0.05215419501133787,0.8625
0.05219364599092285,0.8625
0.052233156699470096,0.8625
0.05227272727272727,0.8625
0.052312357846853674,0.8625
0.05235204855842185,0.8625
0.05239179954441914,0.8625
0.05243161094224924,0.8625
0.05247148288973384,0.8625
0.05251141552511415,0.8625
0.05255140898705255,0.8625
0.052591463414634144,0.8625
0.05263157894736842,0.8625
0.05267175572519084,0.8625
0.052711993888464474,0.8625
0.052752293577981654,0.8625
0.05279265493496557,0.8625
0.052833078101071976,0.8625
0.052873563218390804,0.8625
0.05291411042944785,0.8625
0.052954719877206444,0.8625
0.052995391705069124,0.8625
0.053036126056879324,0.8625
0.05307692307692308,0.8625
0.053117782909930716,0.8625
0.053158705701078585,0.8625
0.05319969159599075,0.8625
0.05324074074074074,0.8625
0.05328185328185328,0.8625
0.05332302936630603,0.8625
0.05336426914153132,0.8625
0.053405572755417956,0.8625
0.053446940356312936,0.8625
0.053488372093023255,0.8625
0.05352986811481769,0.8625
0.05357142857142857,0.8625
0.053613053613053616,0.8625
0.053654743390357695,0.8625
0.053696498054474705,0.8625
0.053738317757009345,0.8625
0.05378020265003897,0.8625
0.05382215288611544,0.8625
0.053864168618266976,0.8625
0.05390625,0.8625
0.05394839718530102,0.8625
0.0539906103286385,0.8625
0.05403288958496476,0.8625
0.054075235109717866,0.8625
0.05411764705882353,0.8625
0.05416012558869702,0.8625
0.05420267085624509,0.8625
0.054245283018867926,0.8625
0.05428796223446106,0.8625
0.05433070866141732,0.8625
0.054373522458628844,0.8625
0.05441640378548896,0.8625
0.05445935280189424,0.8625
0.054502369668246446,0.8625
0.05375494071146245,0.85
0.05379746835443038,0.85
0.053840063341250986,0.85
0.05388272583201268,0.85
0.05392545598731166,0.85
0.05396825396825397,0.85
0.054011119936457505,0.85
0.05405405405405406,0.85
0.05409705648369133,0.85
0.054140127388535034,0.85
0.054183266932270914,0.85
0.05422647527910686,0.85
0.05426975259377494,0.85
0.05351437699680511,0.8375
0.053557154276578735,0.8375
0.0536,0.8375
0.053642914331465175,0.8375
0.05368589743589743,0.8375
0.053728949478749,0.8375
0.05377207062600321,0.8375
0.05381526104417671,0.8375
0.053858520900321546,0.8375
0.053901850362027354,0.8375
0.05394524959742351,0.8375
0.053988718775181306,0.8375
0.05403225806451613,0.8375
0.05407586763518967,0.8375
0.05411954765751212,0.8375
0.054163298302344384,0.8375
0.054207119741100325,0.8375
0.05425101214574899,0.8375
0.05429497568881685,0.8375
0.054339010543390104,0.8375
0.05438311688311688,0.8375
0.054427294882209584,0.8375
0.05447154471544716,0.8375
0.05451586655817738,0.8375
0.05456026058631922,0.8375
0.05460472697636512,0.8375
0.05464926590538336,0.8375
0.054693877551020405,0.8375
0.05473856209150327,0.8375
0.05478331970564186,0.8375
0.05482815057283143,0.8375
0.054873054873054876,0.8375
0.05491803278688524,0.8375
0.054963084495488104,0.8375
0.055008210180623976,0.8375
0.05505341002465078,0.8375
0.055098684210526314,0.8375
0.0551440329218107,0.8375
0.05518945634266886,0.8375
0.055234954657873044,0.8375
0.05528052805280528,0.8375
0.05532617671345995,0.8375
0.05537190082644628,0.8375
0.055417700578990904,0.8375
0.055463576158940396,0.8375
0.05550952775476388,0.8375
0.05555555555555555,0.8375
0.05560165975103734,0.8375
0.05564784053156146,0.8375
0.05569409808811305,0.8375
0.05574043261231281,0.8375
0.05578684429641965,0.8375
0.05583333333333333,0.8375
0.05587989991659716,0.8375
0.055926544240400666,0.8375
0.055973266499582286,0.8375
0.056020066889632104,0.8375
0.05606694560669456,0.8375
0.05611390284757119,0.8375
0.056160938809723386,0.8375
0.05620805369127517,0.8375
0.056255247691015954,0.8375
0.05630252100840336,0.8375
0.056349873843566024,0.8375
0.0563973063973064,0.8375
0.05644481887110362,0.8375
0.05649241146711636,0.8375
0.056540084388185655,0.8375
0.056587837837837836,0.8375
0.0566356720202874,0.8375
0.05668358714043993,0.8375
0.056731583403895,0.8375
0.05677966101694915,0.8375
0.056827820186598814,0.8375
0.056876061120543296,0.8375
0.05692438402718777,0.8375
0.05697278911564626,0.8375
0.05702127659574468,0.8375
0.05706984667802385,0.8375
0.05711849957374254,0.8375
0.05716723549488054,0.8375
0.05721605465414176,0.8375
0.05726495726495726,0.8375
0.05731394354148845,0.8375
0.05736301369863014,0.8375
0.05741216795201371,0.8375
0.057461406518010294,0.8375
0.05751072961373391,0.8375
0.05756013745704467,0.8375
0.05760963026655202,0.8375
0.0576592082616179,0.8375
0.05770887166236004,0.8375
0.05775862068965517,0.8375
0.057808455565142365,0.8375
0.05785837651122625,0.8375
0.05790838375108038,0.8375
0.05795847750865052,0.8375
0.05800865800865801,0.8375
0.05805892547660312,0.8375
0.058109280138768434,0.8375
0.058159722222222224,0.8375
0.05821025195482189,0.8375
0.058260869565217394,0.8375
0.058311575282854654,0.8375
0.05836236933797909,0.8375
0.05841325196163906,0.8375
0.05846422338568935,0.8375
0.05851528384279476,0.8375
0.05856643356643357,0.8375
0.05861767279090114,0.8375
0.05866900175131348,0.8375
0.058720420683610865,0.8375
0.058771929824561406,0.8375
0.058823529411764705,0.8375
0.058875219683655534,0.8375
0.058927000879507474,0.8375
0.05897887323943662,0.8375
0.059030837004405284,0.8375
0.059082892416225746,0.8375
0.05913503971756399,0.8375
0.05918727915194346,0.8375
0.0592396109637489,0.8375
0.05929203539823009,0.8375
0.05934455270150576,0.8375
0.05939716312056738,0.8375
0.05944986690328305,0.8375
0.05950266429840142,0.8375
0.059555555555555556,0.8375
0.059608540925266906,0.8375
0.05966162065894924,0.8375
0.059714795008912656,0.8375
0.05976806422836753,0.8375
0.059821428571428574,0.8375
0.05987488829311886,0.8375
0.05992844364937388,0.8375
0.05998209489704566,0.8375
0.06003584229390681,0.8375
0.060089686098654706,0.8375
0.06014362657091562,0.8375
0.06019766397124888,0.8375
0.06025179856115108,0.8375
0.06030603060306031,0.8375
0.06036036036036036,0.8375
0.060414788097385035,0.8375
0.06046931407942238,0.8375
0.06052393857271906,0.8375
0.06057866184448463,0.8375
0.06063348416289593,0.8375
0.06068840579710145,0.8375
0.06074342701722575,0.8375
0.060798548094373864,0.8375
0.06085376930063579,0.8375
0.060909090909090906,0.8375
0.060964513193812554,0.8375
0.0610200364298725,0.8375
0.061075660893345485,0.8375
0.06113138686131387,0.8375
0.06118721461187215,0.8375
0.061243144424131625,0.8375
0.06129917657822507,0.8375
0.06135531135531135,0.8375
0.0614115490375802,0.8375
0.061467889908256884,0.8375
0.06060606060606061,0.825
0.06066176470588235,0.825
0.06071757129714812,0.825
0.06077348066298342,0.825
0.060829493087557605,0.825
0.06088560885608856,0.825
0.060941828254847646,0.825
0.06099815157116451,0.825
0.06105457909343201,0.825
0.06111111111111111,0.825
0.061167747914735865,0.825
0.061224489795918366,0.825
0.06128133704735376,0.825
0.06133828996282528,0.825
0.061395348837209304,0.825
0.061452513966480445,0.825
0.06150978564771668,0.825
0.061567164179104475,0.825
0.06162464985994398,0.825
0.0616822429906542,0.825
0.0617399438727783,0.825
0.06179775280898876,0.825
0.061855670103092786,0.825
0.06191369606003752,0.825
0.061971830985915494,0.825
0.06203007518796992,0.825
0.062088428974600186,0.825
0.062146892655367235,0.825
0.06220546654099906,0.825
0.062264150943396226,0.825
0.06232294617563739,0.825
0.062381852551984876,0.825
0.06244087038789026,0.825
0.0625,0.825
0.06255924170616113,0.825
0.061669829222011384,0.8125
0.06172839506172839,0.8125
0.06178707224334601,0.8125
0.06184586108468126,0.8125
0.06190476190476191,0.8125
0.06196377502383222,0.8125
0.06202290076335878,0.8125
0.06208213944603629,0.8125
0.0621414913957935,0.8125
0.06220095693779904,0.8125
0.06226053639846743,0.8125
0.062320230105465,0.8125
0.06238003838771593,0.8125
0.06243996157540826,0.8125
0.0625,0.8125
0.06256015399422522,0.8125
0.0626204238921002,0.8125
0.0626808100289296,0.8125
0.06274131274131274,0.8125
0.06280193236714976,0.8125
0.06286266924564797,0.8125
0.06292352371732816,0.8125
0.06298449612403101,0.8125
0.06304558680892337,0.8125
0.06310679611650485,0.8125
0.06316812439261418,0.8125
0.0632295719844358,0.8125
0.06329113924050633,0.8125
0.06335282651072124,0.8125
0.06341463414634146,0.8125
0.0634765625,0.8125
0.0635386119257087,0.8125
0.06360078277886497,0.8125
0.06366307541625857,0.8125
0.06372549019607843,0.8125
0.06378802747791953,0.8125
0.06385068762278978,0.8125
0.063913470993117,0.8125
0.0639763779527559,0.8125
0.06403940886699508,0.8125
0.0641025641025641,0.8125
0.06416584402764067,0.8125
0.06422924901185771,0.8125
0.06429277942631058,0.8125
0.06435643564356436,0.8125
0.06442021803766106,0.8125
0.06448412698412699,0.8125
0.06454816285998013,0.8125
0.06461232604373758,0.8125
0.06467661691542288,0.8125
0.0647410358565737,0.8125
0.06480558325024925,0.8125
0.06487025948103792,0.8125
0.06493506493506493,0.8125
0.065,0.8125
0.06506506506506507,0.8125
0.06513026052104208,0.8125
0.06519558676028084,0.8125
0.06526104417670683,0.8125
0.06532663316582915,0.8125
0.06539235412474849,0.8125
0.06545820745216516,0.8125
0.0655241935483871,0.8125
0.06559031281533804,0.8125
0.06565656565656566,0.8125
0.06572295247724974,0.8125
0.06578947368421052,0.8125
0.06585612968591692,0.8125
0.06592292089249494,0.8125
0.06598984771573604,0.8125
0.06605691056910569,0.8125
0.06612410986775177,0.8125
0.06619144602851323,0.8125
0.06625891946992865,0.8125
0.0663265306122449,0.8125
0.06639427987742594,0.8125
0.06646216768916155,0.8125
0.06653019447287616,0.8125
0.06659836065573771,0.8125
0.06666666666666667,0.8125
0.06673511293634497,0.8125
0.065775950668037,0.8
0.06584362139917696,0.8
0.06591143151390319,0.8
0.06597938144329897,0.8
0.06604747162022703,0.8
0.06611570247933884,0.8
0.06618407445708377,0.8
0.06625258799171843,0.8
0.06632124352331606,0.8
0.06639004149377593,0.8
0.06645898234683281,0.8
0.06652806652806653,0.8
0.06659729448491156,0.8
0.06666666666666667,0.8
0.0667361835245047,0.8
0.06680584551148225,0.8
0.06687565308254964,0.8
0.06694560669456066,0.8
0.06701570680628273,0.8
0.06708595387840671,0.8
0.06715634837355719,0.8
0.06722689075630252,0.8
0.06729758149316509,0.8
0.06736842105263158,0.8
0.06743940990516333,0.8
0.06751054852320675,0.8
0.0675818373812038,0.8
0.06765327695560254,0.8
0.06772486772486773,0.8
0.06779661016949153,0.8
0.06786850477200425,0.8
0.06794055201698514,0.8
0.06801275239107332,0.8
0.06808510638297872,0.8
0.06815761448349308,0.8
0.06823027718550106,0.8
0.06830309498399147,0.8
0.06837606837606838,0.8
0.06844919786096257,0.8
0.06852248394004283,0.8
0.06859592711682744,0.8
0.06866952789699571,0.8
0.06874328678839957,0.8
0.06881720430107527,0.8
0.0688912809472551,0.8
0.06896551724137931,0.8
0.06903991370010787,0.8
0.06911447084233262,0.8
0.06918918918918919,0.8
0.06926406926406926,0.8
0.06933911159263272,0.8
0.06941431670281996,0.8
0.06948968512486428,0.8
0.06956521739130435,0.8
0.06964091403699674,0.8
0.06971677559912855,0.8
0.0697928026172301,0.8
0.06986899563318777,0.8
0.06994535519125683,0.8
0.0700218818380744,0.8
0.0700985761226725,0.8
0.07017543859649122,0.8
0.07025246981339188,0.8
0.07032967032967033,0.8
0.0704070407040704,0.8
0.07048458149779736,0.8
0.07056229327453142,0.8
0.0706401766004415,0.8
0.0707182320441989,0.8
0.07079646017699115,0.8
0.07087486157253599,0.8
0.07095343680709534,0.8
0.07103218645948946,0.8
0.07111111111111111,0.8
0.07119021134593993,0.8
0.07126948775055679,0.8
0.0713489409141583,0.8
0.07142857142857142,0.8
0.07150837988826815,0.8
0.07158836689038031,0.8
0.07166853303471445,0.8
0.07174887892376682,0.8
0.0718294051627385,0.8
0.07191011235955057,0.8
0.0719910011248594,0.8
0.07094594594594594,0.7875
0.07102593010146561,0.7875
0.07110609480812641,0.7875
0.0711864406779661,0.7875
0.07126696832579185,0.7875
0.07134767836919592,0.7875
0.07142857142857142,0.7875
0.07150964812712826,0.7875
0.0715909090909091,0.7875
0.07167235494880546,0.7875
0.07175398633257403,0.7875
0.07183580387685291,0.7875
0.07191780821917808,0.7875
0.072,0.7875
0.07208237986270023,0.7875
0.07216494845360824,0.7875
0.07224770642201835,0.7875
0.07233065442020666,0.7875
0.07241379310344828,0.7875
0.07249712313003452,0.7875
0.07258064516129033,0.7875
0.0726643598615917,0.7875
0.07274826789838337,0.7875
0.07283236994219654,0.7875
0.07291666666666667,0.7875
0.07300115874855156,0.7875
0.07308584686774942,0.7875
0.07317073170731707,0.7875
0.07209302325581396,0.775
0.07217694994179279,0.775
0.07226107226107226,0.775
0.07234539089848308,0.775
0.07242990654205607,0.775
0.07251461988304093,0.775
0.07259953161592506,0.775
0.07268464243845252,0.775
0.07276995305164319,0.775
0.07285546415981199,0.775
0.07294117647058823,0.775
0.07302709069493522,0.775
0.07311320754716981,0.775
0.07319952774498228,0.775
0.07328605200945626,0.775
0.07337278106508875,0.775
0.07345971563981042,0.775
0.07354685646500593,0.775
0.07363420427553444,0.775
0.07372175980975029,0.775
0.07380952380952381,0.775
0.07389749702026222,0.775
0.07398568019093078,0.775
0.07407407407407407,0.775
0.07416267942583732,0.775
0.07425149700598803,0.775
0.07434052757793765,0.775
0.0744297719087635,0.775
0.07451923076923077,0.775
0.07460890493381468,0.775
0.0746987951807229,0.775
0.07478890229191798,0.775
0.0748792270531401,0.775
0.07496977025392987,0.775
0.07506053268765134,0.775
0.07393939393939394,0.7625
0.07402912621359223,0.7625
0.07411907654921021,0.7625
0.07420924574209246,0.7625
0.07429963459196103,0.7625
0.07439024390243902,0.7625
0.07448107448107448,0.7625
0.0745721271393643,0.7625
0.07466340269277846,0.7625
0.07475490196078431,0.7625
0.07484662576687116,0.7625
0.07493857493857493,0.7625
0.07503075030750307,0.7625
0.07512315270935961,0.7625
0.0752157829839704,0.7625
0.07530864197530865,0.7625
0.0754017305315204,0.7625
0.07549504950495049,0.7625
0.07558859975216853,0.7625
0.07568238213399504,0.7625
0.07577639751552795,0.7625
0.07587064676616916,0.7625
0.0759651307596513,0.7625
0.07605985037406483,0.7625
0.07615480649188515,0.7625
0.07625,0.7625
0.07634543178973717,0.7625
0.07644110275689223,0.7625
0.07653701380175659,0.7625
0.07663316582914573,0.7625
0.07672955974842767,0.7625
0.07682619647355164,0.7625
0.07566204287515763,0.75
0.07575757575757576,0.75
0.07458912768647281,0.7375
0.07468354430379746,0.7375
0.07477820025348543,0.7375
0.07487309644670051,0.7375
0.07496823379923762,0.7375
0.07506361323155217,0.7375
0.0751592356687898,0.7375
0.07525510204081633,0.7375
0.07535121328224777,0.7375
0.07544757033248081,0.7375
0.07554417413572344,0.7375
0.07435897435897436,0.725
0.07445442875481387,0.725
0.07455012853470437,0.725
0.07464607464607464,0.725
0.07474226804123711,0.725
0.07483870967741936,0.725
0.07493540051679587,0.725
0.07503234152652005,0.725
0.07512953367875648,0.725
0.07392996108949416,0.7125
0.07402597402597402,0.7125
0.0741222366710013,0.7125
0.07421875,0.7125
0.07431551499348109,0.7125
0.07441253263707572,0.7125
0.07450980392156863,0.7125
0.07460732984293193,0.7125
0.07470511140235911,0.7125
0.07480314960629922,0.7125
0.07490144546649145,0.7125
0.075,0.7125
0.07509881422924901,0.7125
0.07519788918205805,0.7125
0.07529722589167767,0.7125
0.07539682539682539,0.7125
0.07549668874172186,0.7125
0.07559681697612732,0.7125
0.07569721115537849,0.7125
0.07579787234042554,0.7125
0.0758988015978695,0.7125
0.076,0.7125
0.07610146862483311,0.7125
0.0748663101604278,0.7
0.0749665327978581,0.7
0.07506702412868632,0.7
0.07516778523489932,0.7
0.07526881720430108,0.7
0.0740242261103634,0.6875
0.07412398921832884,0.6875
0.07422402159244265,0.6875
0.07432432432432433,0.6875
0.07442489851150202,0.6875
0.07452574525745258,0.6875
0.07462686567164178,0.6875
0.07472826086956522,0.6875
0.07482993197278912,0.6875
0.07493188010899182,0.6875
0.07503410641200546,0.6875
0.07513661202185792,0.6875
0.07523939808481532,0.6875
0.07534246575342465,0.6875
0.07544581618655692,0.6875
0.07554945054945054,0.6875
0.07565337001375516,0.6875
0.07575757575757576,0.6875
0.07586206896551724,0.6875
0.07596685082872928,0.6875
0.07607192254495158,0.6875
0.07617728531855955,0.6875
0.07628294036061026,0.6875
0.0763888888888889,0.6875
0.07649513212795549,0.6875
0.0766016713091922,0.6875
0.07670850767085077,0.6875
0.07681564245810056,0.6875
0.07692307692307693,0.6875
0.07703081232492998,0.6875
0.07713884992987377,0.6875
0.07724719101123595,0.6875
0.07735583684950774,0.6875
0.07746478873239436,0.6875
0.07757404795486601,0.6875
0.07768361581920905,0.6875
0.07779349363507779,0.6875
0.07790368271954674,0.6875
0.07801418439716312,0.6875
0.078125,0.6875
0.07823613086770982,0.6875
0.07834757834757834,0.6875
0.07845934379457917,0.6875
0.07857142857142857,0.6875
0.07868383404864092,0.6875
0.07879656160458452,0.6875
0.07890961262553801,0.6875
0.07902298850574713,0.6875
0.0776978417266187,0.675
0.07780979827089338,0.675
0.07792207792207792,0.675
0.07803468208092486,0.675
0.07814761215629522,0.675
0.0782608695652174,0.675
0.0783744557329463,0.675
0.07848837209302326,0.675
0.07860262008733625,0.675
0.07871720116618076,0.675
0.07883211678832117,0.675
0.07894736842105263,0.675
0.07906295754026355,0.675
0.07917888563049853,0.675
0.07782672540381791,0.6625
0.07794117647058824,0.6625
0.0780559646539028,0.6625
0.07817109144542773,0.6625
0.07828655834564253,0.6625
0.07840236686390532,0.6625
0.07851851851851852,0.6625
0.0771513353115727,0.65
0.07726597325408618,0.65
0.07589285714285714,0.6375
0.07600596125186289,0.6375
0.07611940298507462,0.6375
0.07623318385650224,0.6375
0.07634730538922156,0.6375
0.07646176911544228,0.6375
0.07657657657657657,0.6375
0.07669172932330827,0.6375
0.07680722891566265,0.6375
0.07692307692307693,0.6375
0.0770392749244713,0.6375
0.07715582450832073,0.6375
0.07727272727272727,0.6375
0.07738998482549317,0.6375
0.07750759878419453,0.6375
0.0776255707762557,0.6375
0.07774390243902439,0.6375
0.07786259541984733,0.6375
0.0779816513761468,0.6375
0.0781010719754977,0.6375
0.07822085889570553,0.6375
0.07834101382488479,0.6375
0.07846153846153846,0.6375
0.07858243451463791,0.6375
0.0787037037037037,0.6375
0.07882534775888717,0.6375
0.07894736842105263,0.6375
0.07906976744186046,0.6375
0.07919254658385093,0.6375
0.07931570762052877,0.6375
0.0794392523364486,0.6375
0.07956318252730109,0.6375
0.0796875,0.6375
0.07981220657276995,0.6375
0.07993730407523511,0.6375
0.08006279434850863,0.6375
0.08018867924528301,0.6375
0.08031496062992126,0.6375
0.0804416403785489,0.6375
0.08056872037914692,0.6375
0.08069620253164557,0.6375
0.08082408874801902,0.6375
0.08095238095238096,0.6375
0.08108108108108109,0.6375
0.08121019108280254,0.6375
0.08133971291866028,0.6375
0.08146964856230032,0.6375
0.0816,0.6375
0.08173076923076923,0.6375
0.08186195826645265,0.6375
0.0819935691318328,0.6375
0.08051529790660225,0.625
0.08064516129032258,0.625
0.0791599353796446,0.6125
0.07928802588996764,0.6125
0.07779578606158834,0.6
0.07792207792207792,0.6
0.07804878048780488,0.6
0.0781758957654723,0.6
0.07830342577487764,0.6
0.0784313725490196,0.6
0.07855973813420622,0.6
0.07868852459016394,0.6
0.07881773399014778,0.6
0.07894736842105263,0.6
0.07907742998352553,0.6
0.07920792079207921,0.6
0.07933884297520662,0.6
0.07947019867549669,0.6
0.07960199004975124,0.6
0.07973421926910298,0.6
0.07986688851913477,0.6
0.08,0.6
0.08013355592654424,0.6
0.0802675585284281,0.6
0.08040201005025126,0.6
0.08053691275167785,0.6
0.08067226890756303,0.6
0.08080808080808081,0.6
0.08094435075885328,0.6
0.08108108108108109,0.6
0.08121827411167512,0.6
0.08135593220338982,0.6
0.08149405772495756,0.6
0.08163265306122448,0.6
0.0817717206132879,0.6
0.08191126279863481,0.6
0.08205128205128205,0.6
0.0821917808219178,0.6
0.0823327615780446,0.6
0.08247422680412371,0.6
0.08261617900172118,0.6
0.08275862068965517,0.6
0.08117443868739206,0.5875
0.07958477508650519,0.575
0.07972270363951472,0.575
0.0798611111111111,0.575
0.08,0.575
0.08013937282229965,0.575
0.08027923211169284,0.575
0.07867132867132867,0.5625
0.07880910683012259,0.5625
0.07894736842105263,0.5625
0.07908611599297012,0.5625
0.07922535211267606,0.5625
0.07936507936507936,0.5625
0.07950530035335689,0.5625
0.07964601769911504,0.5625
0.0797872340425532,0.5625
0.07992895204262877,0.5625
0.0800711743772242,0.5625
0.08021390374331551,0.5625
0.07857142857142857,0.55
0.07871198568872988,0.55
0.07885304659498207,0.55
0.07899461400359066,0.55
0.07913669064748201,0.55
0.07927927927927927,0.55
0.07942238267148015,0.55
0.07956600361663653,0.55
0.07971014492753623,0.55
0.07985480943738657,0.55
0.08,0.55
0.08014571948998178,0.55
0.08029197080291971,0.55
0.08043875685557587,0.55
0.08058608058608059,0.55
0.08073394495412844,0.55
0.08088235294117647,0.55
0.08103130755064457,0.55
0.08118081180811808,0.55
0.08133086876155268,0.55
0.08148148148148149,0.55
0.08163265306122448,0.55
0.08178438661710037,0.55
0.08193668528864059,0.55
0.08208955223880597,0.55
0.08224299065420561,0.55
0.08239700374531835,0.55
0.0825515947467167,0.55
0.08270676691729323,0.55
0.08286252354048965,0.55
0.0830188679245283,0.55
0.0831758034026465,0.55
0.08333333333333333,0.55
0.08349146110056926,0.55
0.08365019011406843,0.55
0.0838095238095238,0.55
0.08396946564885496,0.55
0.0841300191204589,0.55
0.0842911877394636,0.55
0.08445297504798464,0.55
0.08461538461538462,0.55
0.08477842003853564,0.55
0.08494208494208494,0.55
0.0851063829787234,0.55
0.08527131782945736,0.55
0.0854368932038835,0.55
0.08560311284046693,0.55
0.08576998050682261,0.55
0.0859375,0.55
0.08610567514677103,0.55
0.08627450980392157,0.55
0.08644400785854617,0.55
0.08661417322834646,0.55
0.08481262327416174,0.5375
0.08498023715415019,0.5375
0.08514851485148515,0.5375
0.08531746031746032,0.5375
0.08548707753479125,0.5375
0.08565737051792828,0.5375
0.08582834331337326,0.5375
0.086,0.5375
0.08617234468937876,0.5375
0.08634538152610442,0.5375
0.08651911468812877,0.5375
0.08669354838709678,0.5375
0.08686868686868687,0.5375
0.08704453441295547,0.5375
0.0872210953346856,0.5375
0.08739837398373984,0.5375
0.08757637474541752,0.5375
0.08775510204081632,0.5375
0.08588957055214724,0.525
0.0860655737704918,0.525
0.08624229979466119,0.525
0.08641975308641975,0.525
0.0865979381443299,0.525
0.08677685950413223,0.525
0.08695652173913043,0.525
0.08713692946058091,0.525
0.08731808731808732,0.525
0.0875,0.525
0.08768267223382047,0.525
0.08786610878661087,0.525
0.0880503144654088,0.525
0.08823529411764706,0.525
0.0863157894736842,0.5125
0.08649789029535865,0.5125
0.08668076109936575,0.5125
0.08686440677966102,0.5125
0.0870488322717622,0.5125
0.08723404255319149,0.5125
0.08742004264392324,0.5125
0.0876068376068376,0.5125
0.08779443254817987,0.5125
0.08798283261802575,0.5125
0.08817204301075268,0.5125
0.08836206896551724,0.5125
0.08855291576673865,0.5125
0.08874458874458875,0.5125
0.08893709327548807,0.5125
0.08695652173913043,0.5
0.08714596949891068,0.5
0.08733624454148471,0.5
0.087527352297593,0.5
0.08771929824561403,0.5
0.08571428571428572,0.4875
0.08590308370044053,0.4875
0.08609271523178808,0.4875
0.08628318584070796,0.4875
0.08647450110864745,0.4875
0.08666666666666667,0.4875
0.08685968819599109,0.4875
0.08705357142857142,0.4875
0.087248322147651,0.4875
0.08744394618834081,0.4875
0.0853932584269663,0.475
0.08558558558558559,0.475
0.08577878103837472,0.475
0.083710407239819,0.4625
0.08390022675736962,0.4625
0.08409090909090909,0.4625
0.08428246013667426,0.4625
0.08447488584474885,0.4625
0.08466819221967964,0.4625
0.08486238532110092,0.4625
0.08505747126436781,0.4625
0.08525345622119816,0.4625
0.08545034642032333,0.4625
0.08564814814814815,0.4625
0.08584686774941995,0.4625
0.08372093023255814,0.45
0.08391608391608392,0.45
0.08411214953271028,0.45
0.08430913348946135,0.45
0.08450704225352113,0.45
0.08470588235294117,0.45
0.08490566037735849,0.45
0.0851063829787234,0.45
0.08530805687203792,0.45
0.0855106888361045,0.45
0.08571428571428572,0.45
0.08591885441527446,0.45
0.0861244019138756,0.45
0.08633093525179857,0.45
0.08653846153846154,0.45
0.08674698795180723,0.45
0.08695652173913043,0.45
0.08716707021791767,0.45
0.08737864077669903,0.45
0.08759124087591241,0.45
0.08780487804878048,0.45
0.08801955990220049,0.45
0.08823529411764706,0.45
0.08845208845208845,0.45
0.08866995073891626,0.45
0.08888888888888889,0.45
0.0891089108910891,0.45
0.08933002481389578,0.45
0.08955223880597014,0.45
0.08977556109725686,0.45
0.09,0.45
0.09022556390977443,0.45
0.09045226130653267,0.45
0.0906801007556675,0.45
0.09090909090909091,0.45
0.09113924050632911,0.45
0.09137055837563451,0.45
0.0916030534351145,0.45
0.09183673469387756,0.45
0.09207161125319693,0.45
0.09230769230769231,0.45
0.09254498714652956,0.45
0.09278350515463918,0.45
0.09043927648578812,0.4375
0.09067357512953368,0.4375
0.09090909090909091,0.4375
0.09114583333333333,0.4375
0.08877284595300261,0.425
0.08638743455497382,0.4125
0.08661417322834646,0.4125
0.0868421052631579,0.4125
0.0870712401055409,0.4125
0.0873015873015873,0.4125
0.08753315649867374,0.4125
0.08776595744680851,0.4125
0.088,0.4125
0.08823529411764706,0.4125
0.08847184986595175,0.4125
0.08870967741935484,0.4125
0.0889487870619946,0.4125
0.0891891891891892,0.4125
0.08943089430894309,0.4125
0.08967391304347826,0.4125
0.08991825613079019,0.4125
0.09016393442622951,0.4125
0.09041095890410959,0.4125
0.09065934065934066,0.4125
0.0881542699724518,0.4
0.08839779005524862,0.4
0.0886426592797784,0.4
0.08888888888888889,0.4
0.08913649025069638,0.4
0.0893854748603352,0.4
0.0896358543417367,0.4
0.0898876404494382,0.4
0.09014084507042254,0.4
0.0903954802259887,0.4
0.0906515580736544,0.4
0.09090909090909091,0.4
0.09116809116809117,0.4
0.09142857142857143,0.4
0.09169054441260745,0.4
0.08908045977011494,0.3875
0.0893371757925072,0.3875
0.08670520231213873,0.375
0.08695652173913043,0.375
0.0872093023255814,0.375
0.08746355685131195,0.375
0.08771929824561403,0.375
0.08797653958944282,0.375
0.08823529411764706,0.375
0.08849557522123894,0.375
0.08875739644970414,0.375
0.08902077151335312,0.375
0.08928571428571429,0.375
0.08955223880597014,0.375
0.08982035928143713,0.375
0.08708708708708708,0.3625
0.08734939759036145,0.3625
0.08761329305135952,0.3625
0.08787878787878788,0.3625
0.08814589665653495,0.3625
0.08841463414634146,0.3625
0.08868501529051988,0.3625
0.08895705521472393,0.3625
0.08923076923076922,0.3625
0.08950617283950617,0.3625
0.08978328173374613,0.3625
0.09006211180124224,0.3625
0.09034267912772585,0.3625
0.090625,0.3625
0.09090909090909091,0.3625
0.09119496855345911,0.3625
0.0914826498422713,0.3625
0.09177215189873418,0.3625
0.09206349206349207,0.3625
0.09235668789808917,0.3625
0.0926517571884984,0.3625
0.09294871794871795,0.3625
0.0932475884244373,0.3625
0.0935483870967742,0.3625
0.09385113268608414,0.3625
0.09415584415584416,0.3625
0.09446254071661238,0.3625
0.09477124183006536,0.3625
0.09508196721311475,0.3625
0.09539473684210527,0.3625
0.09570957095709572,0.3625
0.09602649006622517,0.3625
0.09634551495016612,0.3625
0.09666666666666666,0.3625
0.09698996655518395,0.3625
0.09731543624161074,0.3625
0.09764309764309764,0.3625
0.09797297297297297,0.3625
0.09830508474576272,0.3625
0.09863945578231292,0.3625
0.09897610921501707,0.3625
0.09931506849315068,0.3625
0.09965635738831616,0.3625
0.1,0.3625
0.10034602076124567,0.3625
0.10069444444444445,0.3625
0.10104529616724739,0.3625
0.10139860139860139,0.3625
0.10175438596491228,0.3625
0.10211267605633803,0.3625
0.0989399293286219,0.35
0.09574468085106383,0.3375
0.09608540925266904,0.3375
0.09642857142857143,0.3375
0.0967741935483871,0.3375
0.09712230215827339,0.3375
0.09747292418772563,0.3375
0.09782608695652174,0.3375
0.09818181818181818,0.3375
0.09854014598540146,0.3375
0.09523809523809523,0.325
0.09558823529411764,0.325
0.0959409594095941,0.325
0.0962962962962963,0.325
0.09665427509293681,0.325
0.09701492537313433,0.325
0.09737827715355805,0.325
0.09774436090225563,0.325
0.09811320754716982,0.325
0.09848484848484848,0.325
0.09885931558935361,0.325
0.09923664122137404,0.325
0.09961685823754789,0.325
0.1,0.325
0.10038610038610038,0.325
0.10077519379844961,0.325
0.10116731517509728,0.325
0.09765625,0.3125
0.09803921568627451,0.3125
0.0984251968503937,0.3125
0.09881422924901186,0.3125
0.0992063492063492,0.3125
0.099601593625498,0.3125
0.1,0.3125
0.10040160642570281,0.3125
0.10080645161290322,0.3125
0.10121457489878542,0.3125
0.1016260162601626,0.3125
0.10204081632653061,0.3125
0.10245901639344263,0.3125
0.102880658436214,0.3125
0.10330578512396695,0.3125
0.1037344398340249,0.3125
0.10416666666666667,0.3125
0.10460251046025104,0.3125
0.10504201680672269,0.3125
0.10548523206751055,0.3125
0.1059322033898305,0.3125
0.10638297872340426,0.3125
0.10683760683760683,0.3125
0.1072961373390558,0.3125
0.10344827586206896,0.3
0.09956709956709957,0.2875
0.1,0.2875
0.10043668122270742,0.2875
0.10087719298245613,0.2875
0.09691629955947137,0.275
0.09292035398230089,0.2625
0.08888888888888889,0.25
0.08928571428571429,0.25
0.08968609865470852,0.25
0.09009009009009009,0.25
0.08597285067873303,0.2375
0.08636363636363636,0.2375
0.0867579908675799,0.2375
0.0871559633027523,0.2375
0.08755760368663594,0.2375
0.08796296296296297,0.2375
0.08837209302325581,0.2375
0.08878504672897196,0.2375
0.0892018779342723,0.2375
0.08962264150943396,0.2375
0.08530805687203792,0.225
0.08095238095238096,0.2125
0.08133971291866028,0.2125
0.08173076923076923,0.2125
0.0821256038647343,0.2125
0.0825242718446602,0.2125
0.08292682926829269,0.2125
0.0784313725490196,0.2
0.07881773399014778,0.2
0.07920792079207921,0.2
0.07960199004975124,0.2
0.08,0.2
0.08040201005025126,0.2
0.08080808080808081,0.2
0.08121827411167512,0.2
0.08163265306122448,0.2
0.08205128205128205,0.2
0.08247422680412371,0.2
0.08290155440414508,0.2
0.08333333333333333,0.2
0.08376963350785341,0.2
0.08421052631578947,0.2
0.08465608465608465,0.2
0.0851063829787234,0.2
0.0855614973262032,0.2
0.08602150537634409,0.2
0.08648648648648649,0.2
0.08695652173913043,0.2
0.08743169398907104,0.2
0.08791208791208792,0.2
0.08839779005524862,0.2
0.08888888888888889,0.2
0.0893854748603352,0.2
0.0898876404494382,0.2
0.0903954802259887,0.2
0.09090909090909091,0.2
0.09142857142857143,0.2
0.09195402298850575,0.2
0.09248554913294797,0.2
0.09302325581395349,0.2
0.0935672514619883,0.2
0.09411764705882353,0.2
0.09467455621301775,0.2
0.09523809523809523,0.2
0.09580838323353294,0.2
0.0963855421686747,0.2
0.09696969696969697,0.2
0.0975609756097561,0.2
0.09815950920245399,0.2
0.09876543209876543,0.2
0.09937888198757763,0.2
0.1,0.2
0.10062893081761007,0.2
0.10126582278481013,0.2
0.10191082802547771,0.2
0.10256410256410256,0.2
0.1032258064516129,0.2
0.1038961038961039,0.2
0.10457516339869281,0.2
0.10526315789473684,0.2
0.10596026490066225,0.2
0.10666666666666667,0.2
0.10738255033557047,0.2
0.10135135135135136,0.1875
0.10204081632653061,0.1875
0.0958904109589041,0.175
0.09655172413793103,0.175
0.09722222222222222,0.175
0.0979020979020979,0.175
0.09859154929577464,0.175
0.09929078014184398,0.175
0.1,0.175
0.10071942446043165,0.175
0.10144927536231885,0.175
0.10218978102189781,0.175
0.10294117647058823,0.175
0.1037037037037037,0.175
0.1044776119402985,0.175
0.09774436090225563,0.1625
0.09848484848484848,0.1625
0.0916030534351145,0.15
0.09230769230769231,0.15
0.09302325581395349,0.15
0.09375,0.15
0.08661417322834646,0.1375
0.0873015873015873,0.1375
0.088,0.1375
0.08870967741935484,0.1375
0.08943089430894309,0.1375
0.09016393442622951,0.1375
0.09090909090909091,0.1375
0.08333333333333333,0.125
0.08403361344537816,0.125
0.0847457627118644,0.125
0.08547008547008547,0.125
0.08620689655172414,0.125
0.08695652173913043,0.125
0.08771929824561403,0.125
0.08849557522123894,0.125
0.08928571428571429,0.125
0.09009009009009009,0.125
0.09090909090909091,0.125
0.09174311926605505,0.125
0.09259259259259259,0.125
0.09345794392523364,0.125
0.09433962264150944,0.125
0.08571428571428572,0.1125
0.08653846153846154,0.1125
0.08737864077669903,0.1125
0.08823529411764706,0.1125
0.07920792079207921,0.1
0.08,0.1
0.08080808080808081,0.1
0.08163265306122448,0.1
0.08247422680412371,0.1
0.08333333333333333,0.1
0.08421052631578947,0.1
0.0851063829787234,0.1
0.08602150537634409,0.1
0.08695652173913043,0.1
0.08791208791208792,0.1
0.08888888888888889,0.1
0.07865168539325842,0.0875
0.07954545454545454,0.0875
0.08045977011494253,0.0875
0.08139534883720931,0.0875
0.08235294117647059,0.0875
0.08333333333333333,0.0875
0.08433734939759036,0.0875
0.08536585365853659,0.0875
0.08641975308641975,0.0875
0.0875,0.0875
0.08860759493670886,0.0875
0.08974358974358974,0.0875
0.07792207792207792,0.075
0.07894736842105263,0.075
0.08,0.075
0.08108108108108109,0.075
0.0821917808219178,0.075
0.08333333333333333,0.075
0.08450704225352113,0.075
0.08571428571428572,0.075
0.08695652173913043,0.075
0.08823529411764706,0.075
0.08955223880597014,0.075
0.09090909090909091,0.075
0.09230769230769231,0.075
0.09375,0.075
0.09523809523809523,0.075
0.0967741935483871,0.075
0.09836065573770492,0.075
0.1,0.075
0.1016949152542373,0.075
0.10344827586206896,0.075
0.10526315789473684,0.075
0.10714285714285714,0.075
0.10909090909090909,0.075
0.1111111111111111,0.075
0.11320754716981132,0.075
0.11538461538461539,0.075
0.11764705882352941,0.075
0.12,0.075
0.10204081632653061,0.0625
0.10416666666666667,0.0625
0.0851063829787234,0.05
0.08695652173913043,0.05
0.08888888888888889,0.05
0.09090909090909091,0.05
0.09302325581395349,0.05
0.09523809523809523,0.05
0.0975609756097561,0.05
0.1,0.05
0.10256410256410256,0.05
0.10526315789473684,0.05
0.10810810810810811,0.05
0.1111111111111111,0.05
0.11428571428571428,0.05
0.11764705882352941,0.05
0.12121212121212122,0.05
0.125,0.05
0.12903225806451613,0.05
0.13333333333333333,0.05
0.13793103448275862,0.05
0.14285714285714285,0.05
0.14814814814814814,0.05
0.15384615384615385,0.05
0.16,0.05
0.16666666666666666,0.05
0.17391304347826086,0.05
0.18181818181818182,0.05
0.14285714285714285,0.0375
0.1,0.025
0.10526315789473684,0.025
0.05555555555555555,0.0125
0.058823529411764705,0.0125
0.0625,0.0125
0.06666666666666667,0.0125
0.07142857142857142,0.0125
0.0,0.0
0.0,0.0
0.0,0.0
0.0,0.0
0.0,0.0
0.0,0.0
0.0,0.0
0.0,0.0
0.0,0.0
0.0,0.0
0.0,0.0
0.0,0.0
0.0,0.0
1.0,0.0
