Precision,Recall
0.04006009013520281,1.0
0.039579158316633264,0.9875
0.039598997493734335,0.9875
0.03961885656970913,0.9875
0.03963873557451079,0.9875
0.03965863453815261,0.9875
0.03967855349070819,0.9875
0.03969849246231156,0.9875
0.03971845148315736,0.9875
0.039738430583501,0.9875
0.03975842979365878,0.9875
0.039778449144008056,0.9875
0.039798488664987405,0.9875
0.039818548387096774,0.9875
0.03983862834089763,0.9875
0.03985872855701312,0.9875
0.039878849066128215,0.9875
0.0398989898989899,0.9875
0.03991915108640728,0.9875
0.03993933265925177,0.9875
0.03995953464845726,0.9875
0.039979757085020245,0.9875
0.04,0.9875
0.04002026342451875,0.9875
0.04004054738976178,0.9875
0.04006085192697769,0.9875
0.040081177067478435,0.9875
0.04010152284263959,0.9875
0.04012188928390046,0.9875
0.04014227642276423,0.9875
0.04016268429079817,0.9875
0.04018311291963377,0.9875
0.04020356234096692,0.9875
0.040224032586558045,0.9875
0.040244523688232295,0.9875
0.040265035677879715,0.9875
0.04028556858745538,0.9875
0.04030612244897959,0.9875
0.04032669729453803,0.9875
0.04034729315628192,0.9875
0.0403679100664282,0.9875
0.040388548057259714,0.9875
0.04040920716112532,0.9875
0.040429887410440124,0.9875
0.04045058883768561,0.9875
0.04047131147540984,0.9875
0.040492055356227574,0.9875
0.04051282051282051,0.9875
0.040533606977937404,0.9875
0.04055441478439425,0.9875
0.040575243965074476,0.9875
0.040596094552929084,0.9875
0.04061696658097686,0.9875
0.04063786008230453,0.9875
0.040658775090066906,0.9875
0.040679711637487126,0.9875
0.04070066975785677,0.9875
0.040721649484536084,0.9875
0.040226921093347086,0.975
0.04024767801857585,0.975
0.040268456375838924,0.975
0.040289256198347105,0.975
0.040310077519379844,0.975
0.04033092037228542,0.975
0.03983445421624418,0.9625
0.03985507246376811,0.9625
0.0398757120662869,0.9625
0.03989637305699482,0.9625
0.039917055469155,0.9625
0.03993775933609958,0.9625
0.03995848469122989,0.9625
0.03997923156801662,0.9625
0.04,0.9625
0.04002079002079002,0.9625
0.04004160166406656,0.9625
0.040062434963579606,0.9625
0.0400832899531494,0.9625
0.04010416666666667,0.9625
0.040125065138092754,0.9625
0.040145985401459854,0.9625
0.040166927490871154,0.9625
0.04018789144050104,0.9625
0.0402088772845953,0.9625
0.040229885057471264,0.9625
0.040250914793518035,0.9625
0.040271966527196654,0.9625
0.040293040293040296,0.9625
0.04031413612565445,0.9625
0.04033525405971713,0.9625
0.04035639412997904,0.9625
0.040377556371263765,0.9625
0.040398740818468,0.9625
0.03989501312335958,0.95
0.03991596638655462,0.95
0.039936941671045716,0.95
0.03995793901156677,0.95
0.039978958442924775,0.95
0.04,0.95
0.040021063717746184,0.95
0.040042149631190724,0.95
0.040063257775434895,0.95
0.04008438818565401,0.95
0.04010554089709763,0.95
0.04012671594508976,0.95
0.040147913365029056,0.95
0.040169133192389,0.95
0.04019037546271814,0.95
0.04021164021164021,0.95
0.04023292747485442,0.95
0.04025423728813559,0.95
0.040275569687334395,0.95
0.04029692470837752,0.95
0.040318302387267906,0.95
0.040339702760084924,0.95
0.0403611258629846,0.95
0.040382571732199786,0.95
0.04040404040404041,0.95
0.04042553191489362,0.95
0.04044704630122405,0.95
0.04046858359957402,0.95
0.040490143846563666,0.95
0.04051172707889126,0.95
0.04053333333333333,0.95
0.04055496264674493,0.95
0.0405766150560598,0.95
0.0405982905982906,0.95
0.040619989310529125,0.95
0.040641711229946524,0.95
0.04066345639379347,0.95
0.04068522483940043,0.95
0.040707016604177824,0.95
0.04019292604501608,0.9375
0.040214477211796246,0.9375
0.040236051502145924,0.9375
0.040257648953301126,0.9375
0.040279269602577876,0.9375
0.04030091348737238,0.9375
0.04032258064516129,0.9375
0.04034427111350188,0.9375
0.040365984930032295,0.9375
0.04038772213247173,0.9375
0.04040948275862069,0.9375
0.04043126684636118,0.9375
0.040453074433656956,0.9375
0.040474905558553695,0.9375
0.04049676025917927,0.9375
0.04051863857374392,0.9375
0.04054054054054054,0.9375
0.04056246619794483,0.9375
0.040584415584415584,0.9375
0.040606388738494856,0.9375
0.040628385698808236,0.9375
0.04065040650406504,0.9375
0.04067245119305857,0.9375
0.040694519804666304,0.9375
0.04071661237785016,0.9375
0.04073872895165671,0.9375
0.04076086956521739,0.9375
0.040783034257748776,0.9375
0.040805223068552776,0.9375
0.04082743603701688,0.9375
0.04084967320261438,0.9375
0.04087193460490463,0.9375
0.04089422028353326,0.9375
0.04091653027823241,0.9375
0.04093886462882096,0.9375
0.0409612233752048,0.9375
0.040983606557377046,0.9375
0.04100601421541826,0.9375
0.041028446389496716,0.9375
0.041050903119868636,0.9375
0.04107338444687842,0.9375
0.0410958904109589,0.9375
0.04111842105263158,0.9375
0.04114097641250686,0.9375
0.041163556531284305,0.9375
0.04118616144975288,0.9375
0.04120879120879121,0.9375
0.04123144584936778,0.9375
0.041254125412541254,0.9375
0.04127682993946065,0.9375
0.04129955947136564,0.9375
0.04132231404958678,0.9375
0.041345093715545754,0.9375
0.04136789851075565,0.9375
0.041390728476821195,0.9375
0.041413583655438985,0.9375
0.04143646408839779,0.9375
0.04145936981757877,0.9375
0.041482300884955754,0.9375
0.04150525733259546,0.9375
0.04152823920265781,0.9375
0.04155124653739612,0.9375
0.041574279379157426,0.9375
0.04159733777038269,0.9375
0.041620421753607105,0.9375
0.0416435313714603,0.9375
0.041666666666666664,0.9375
0.04168982768204558,0.9375
0.04171301446051168,0.9375
0.041736227045075125,0.9375
0.04175946547884187,0.9375
0.04178272980501393,0.9375
0.04180602006688963,0.9375
0.04182933630786392,0.9375
0.04185267857142857,0.9375
0.04187604690117253,0.9375
0.04189944134078212,0.9375
0.041922861934041364,0.9375
0.04194630872483222,0.9375
0.041969781757134866,0.9375
0.041993281075028,0.9375
0.04201680672268908,0.9375
0.04204035874439462,0.9375
0.04206393718452047,0.9375
0.04208754208754209,0.9375
0.04211117349803481,0.9375
0.042134831460674156,0.9375
0.04215851602023609,0.9375
0.0421822272215973,0.9375
0.04220596510973551,0.9375
0.04222972972972973,0.9375
0.04225352112676056,0.9375
0.042277339346110485,0.9375
0.04230118443316413,0.9375
0.04232505643340858,0.9375
0.042348955392433656,0.9375
0.0423728813559322,0.9375
0.0423968343697004,0.9375
0.04242081447963801,0.9375
0.042444821731748725,0.9375
0.04246885617214043,0.9375
0.042492917847025496,0.9375
0.04251700680272109,0.9375
0.04197390811117414,0.925
0.04199772985244041,0.925
0.04202157864849517,0.925
0.042045454545454546,0.925
0.04206935758953951,0.925
0.04209328782707622,0.925
0.0421172453044963,0.925
0.04214123006833713,0.925
0.042165242165242166,0.925
0.04218928164196123,0.925
0.042213348545350825,0.925
0.04223744292237443,0.925
0.0422615648201028,0.925
0.04228571428571429,0.925
0.04230989136649514,0.925
0.04233409610983982,0.925
0.04235832856325129,0.925
0.042382588774341354,0.925
0.042406876790830945,0.925
0.04243119266055046,0.925
0.042455536431440045,0.925
0.04247990815154994,0.925
0.04250430786904078,0.925
0.04252873563218391,0.925
0.0425531914893617,0.925
0.04257767548906789,0.925
0.04260218767990789,0.925
0.04262672811059908,0.925
0.04265129682997118,0.925
0.04267589388696655,0.925
0.04270051933064051,0.925
0.042725173210161664,0.925
0.04274985557481225,0.925
0.04277456647398844,0.925
0.042799305957200696,0.925
0.04282407407407408,0.925
0.042848870874348584,0.925
0.04287369640787949,0.925
0.042898550724637684,0.925
0.042923433874709975,0.925
0.042948345908299476,0.925
0.0429732868757259,0.925
0.04299825682742592,0.925
0.04302325581395349,0.925
0.04304828388598022,0.925
0.04307334109429569,0.925
0.04309842748980781,0.925
0.04312354312354312,0.925
0.04314868804664723,0.925
0.043173862310385065,0.925
0.04319906596614127,0.925
0.04322429906542056,0.925
0.04324956165984804,0.925
0.04327485380116959,0.925
0.04330017554125219,0.925
0.04332552693208431,0.925
0.043350908025776215,0.925
0.04337631887456037,0.925
0.04340175953079179,0.925
0.04342723004694836,0.925
0.04345273047563124,0.925
0.043478260869565216,0.925
0.04350382128159906,0.925
0.04352941176470588,0.925
0.04355503237198352,0.925
0.043580683156654886,0.925
0.043606364172068354,0.925
0.04363207547169811,0.925
0.04365781710914454,0.925
0.043683589138134596,0.925
0.04370939161252215,0.925
0.04373522458628842,0.925
0.04376108811354228,0.925
0.04378698224852071,0.925
0.04381290704558911,0.925
0.04383886255924171,0.925
0.04386484884410195,0.925
0.04389086595492289,0.925
0.04391691394658754,0.925
0.043942992874109264,0.925
0.043969102792632206,0.925
0.04399524375743163,0.925
0.044021415823914334,0.925
0.04404761904761905,0.925
0.044073853484216795,0.925
0.04410011918951132,0.925
0.044126416219439475,0.925
0.0441527446300716,0.925
0.04417910447761194,0.925
0.04420549581839905,0.925
0.04423191870890616,0.925
0.04425837320574163,0.925
0.04428485936564931,0.925
0.04431137724550898,0.925
0.044337926902336726,0.925
0.04436450839328537,0.925
0.04439112177564487,0.925
0.04441776710684274,0.925
0.044444444444444446,0.925
0.04447115384615385,0.925
0.04449789536981359,0.925
0.044524669073405534,0.925
0.044551475015051176,0.925
0.04457831325301205,0.925
0.04460518384569018,0.925
0.04463208685162847,0.925
0.04465902232951117,0.925
0.04468599033816425,0.925
0.04471299093655589,0.925
0.044740024183796856,0.925
0.04476709013914096,0.925
0.044794188861985475,0.925
0.04482132041187159,0.925
0.044848484848484846,0.925
0.04487568223165555,0.925
0.044902912621359224,0.925
0.044930176077717064,0.925
0.04495747266099635,0.925
0.044984802431610946,0.925
0.045012165450121655,0.925
0.04503956177723676,0.925
0.04506699147381242,0.925
0.04509445460085314,0.925
0.045121951219512194,0.925
0.04514948139109213,0.925
0.045177045177045176,0.925
0.04520464263897373,0.925
0.04523227383863081,0.925
0.04525993883792049,0.925
0.04528763769889841,0.925
0.0453153704837722,0.925
0.04534313725490196,0.925
0.045370938074800735,0.925
0.04539877300613497,0.925
0.04542664211172499,0.925
0.045454545454545456,0.925
0.04548248309772587,0.925
0.04551045510455105,0.925
0.04553846153846154,0.925
0.04556650246305419,0.925
0.04559457794208256,0.925
0.04562268803945746,0.925
0.04565083281924738,0.925
0.04567901234567901,0.925
0.04570722668313774,0.925
0.04573547589616811,0.925
0.045763760049474335,0.925
0.04579207920792079,0.925
0.045820433436532505,0.925
0.04584882280049566,0.925
0.04587724736515809,0.925
0.04590570719602978,0.925
0.045454545454545456,0.9125
0.04548286604361371,0.9125
0.04551122194513716,0.9125
0.045539613225202745,0.9125
0.04556803995006242,0.9125
0.04559650218613367,0.9125
0.045625,0.9125
0.045653533458411506,0.9125
0.045682102628285357,0.9125
0.045710707576706325,0.9125
0.045739348370927316,0.9125
0.045768025078369905,0.9125
0.045796737766624844,0.9125
0.045825486503452605,0.9125
0.04585427135678392,0.9125
0.0458830923947203,0.9125
0.04591194968553459,0.9125
0.045940843297671494,0.9125
0.045969773299748114,0.9125
0.045998739760554505,0.9125
0.046027742749054225,0.9125
0.04605678233438486,0.9125
0.046085858585858584,0.9125
0.04611497157296273,0.9125
0.0461441213653603,0.9125
0.046173308032890575,0.9125
0.046202531645569624,0.9125
0.04623179227359088,0.9125
0.046261089987325726,0.9125
0.046290424857324035,0.9125
0.04631979695431472,0.9125
0.04634920634920635,0.9125
0.04637865311308768,0.9125
0.046408137317228225,0.9125
0.04643765903307888,0.9125
0.046467218332272436,0.9125
0.0464968152866242,0.9125
0.04652644996813257,0.9125
0.046556122448979595,0.9125
0.04658583280153159,0.9125
0.04661558109833972,0.9125
0.04664536741214057,0.9125
0.046675191815856776,0.9125
0.04670505438259757,0.9125
0.04673495518565941,0.9125
0.04676489429852659,0.9125
0.046794871794871795,0.9125
0.04682488774855677,0.9125
0.04685494223363286,0.9125
0.046885035324341684,0.9125
0.04691516709511568,0.9125
0.04694533762057878,0.9125
0.046975546975546977,0.9125
0.04700579523502898,0.9125
0.047036082474226804,0.9125
0.047066408768536426,0.9125
0.04709677419354839,0.9125
0.04712717882504842,0.9125
0.047157622739018086,0.9125
0.04718810601163542,0.9125
0.04721862871927555,0.9125
0.04724919093851133,0.9125
0.04727979274611399,0.9125
0.047310434219053794,0.9125
0.04734111543450065,0.9125
0.04737183646982479,0.9125
0.047402597402597405,0.9125
0.04743339831059129,0.9125
0.04746423927178153,0.9125
0.04749512036434613,0.9125
0.047526041666666664,0.9125
0.04755700325732899,0.9125
0.04758800521512386,0.9125
0.047619047619047616,0.9125
0.047650130548302874,0.9125
0.04768125408229915,0.9125
0.04771241830065359,0.9125
0.04774362328319163,0.9125
0.047774869109947646,0.9125
0.04780615586116568,0.9125
0.04783748361730013,0.9125
0.04786885245901639,0.9125
0.047900262467191604,0.9125
0.0479317137229153,0.9125
0.047963206307490146,0.9125
0.04799474030243261,0.9125
0.04802631578947368,0.9125
0.04805793285055958,0.9125
0.04808959156785244,0.9125
0.04812129202373105,0.9125
0.048153034300791556,0.9125
0.048184818481848184,0.9125
0.04821664464993395,0.9125
0.04824851288830139,0.9125
0.04828042328042328,0.9125
0.048312375909993384,0.9125
0.048344370860927154,0.9125
0.04837640821736249,0.9125
0.04840848806366048,0.9125
0.04844061048440611,0.9125
0.04847277556440903,0.9125
0.04850498338870432,0.9125
0.04853723404255319,0.9125
0.04856952761144378,0.9125
0.04860186418109188,0.9125
0.04863424383744171,0.9125
0.048666666666666664,0.9125
0.04869913275517011,0.9125
0.048731642189586116,0.9125
0.04876419505678023,0.9125
0.04879679144385027,0.9125
0.04882943143812709,0.9125
0.048862115127175365,0.9125
0.048894842598794376,0.9125
0.048927613941018765,0.9125
0.04896042924211938,0.9125
0.04899328859060403,0.9125
0.049026192075218265,0.9125
0.049059139784946235,0.9125
0.04909213180901143,0.9125
0.04912516823687752,0.9125
0.04915824915824916,0.9125
0.04919137466307277,0.9125
0.049224544841537425,0.9125
0.049257759784075573,0.9125
0.04929101958136394,0.9125
0.04932432432432433,0.9125
0.04935767410412441,0.9125
0.04939106901217862,0.9125
0.04942450914014895,0.9125
0.0494579945799458,0.9125
0.04949152542372881,0.9125
0.04952510176390773,0.9125
0.04955872369314324,0.9125
0.049592391304347824,0.9125
0.04962610469068661,0.9125
0.04965986394557823,0.9125
0.049693669162695714,0.9125
0.0497275204359673,0.9125
0.04976141785957737,0.9125
0.049795361527967257,0.9125
0.049829351535836175,0.9125
0.049863387978142076,0.9125
0.04989747095010253,0.9125
0.04993160054719562,0.9125
0.04996577686516085,0.9125
0.05,0.9125
0.050034270047978065,0.9125
0.050068587105624146,0.9125
0.050102951269732326,0.9125
0.05013736263736264,0.9125
0.05017182130584193,0.9125
0.050206327372764786,0.9125
0.05024088093599449,0.9125
0.05027548209366391,0.9125
0.05031013094417643,0.9125
0.0503448275862069,0.9125
0.05037957211870255,0.9125
0.05041436464088398,0.9125
0.05044920525224603,0.9125
0.050484094052558784,0.9125
0.05051903114186851,0.9125
0.05055401662049862,0.9125
0.05058905058905059,0.9125
0.05062413314840499,0.9125
0.05065926439972242,0.9125
0.050694444444444445,0.9125
0.05072967338429465,0.9125
0.050764951321279554,0.9125
0.05080027835768963,0.9125
0.05083565459610028,0.9125
0.050871080139372825,0.9125
0.05090655509065551,0.9125
0.050942079553384506,0.9125
0.05097765363128492,0.9125
0.05101327742837177,0.9125
0.05104895104895105,0.9125
0.05108467459762071,0.9125
0.05112044817927171,0.9125
0.051156271899089,0.9125
0.05119214586255259,0.9125
0.051228070175438595,0.9125
0.051264044943820225,0.9125
0.05130007027406887,0.9125
0.051336146272855133,0.9125
0.05137227304714989,0.9125
0.05140845070422535,0.9125
0.05144467935165609,0.9125
0.05148095909732017,0.9125
0.051517290049400144,0.9125
0.05155367231638418,0.9125
0.051590106007067135,0.9125
0.051626591230551626,0.9125
0.051663128096249115,0.9125
0.051699716713881017,0.9125
0.0517363571934798,0.9125
0.05177304964539007,0.9125
0.051809794180269694,0.9125
0.05184659090909091,0.9125
0.051883439943141436,0.9125
0.051920341394025606,0.9125
0.05195729537366548,0.9125
0.051994301994301995,0.9125
0.05203136136849608,0.9125
0.05206847360912981,0.9125
0.052105638829407566,0.9125
0.052142857142857144,0.9125
0.05218012866333095,0.9125
0.05221745350500715,0.9125
0.052254831782390834,0.9125
0.052292263610315186,0.9125
0.052329749103942655,0.9125
0.05236728837876614,0.9125
0.0524048815506102,0.9125
0.05244252873563218,0.9125
0.052480230050323505,0.9125
0.05251798561151079,0.9125
0.05255579553635709,0.9125
0.05259365994236311,0.9125
0.05263157894736842,0.9125
0.05266955266955267,0.9125
0.05270758122743682,0.9125
0.052745664739884394,0.9125
0.05278380332610268,0.9125
0.052821997105643996,0.9125
0.05286024619840695,0.9125
0.05289855072463768,0.9125
0.05293691080493111,0.9125
0.05297532656023222,0.9125
0.053013798111837325,0.9125
0.053052325581395346,0.9125
0.05309090909090909,0.9125
0.05312954876273653,0.9125
0.05316824471959213,0.9125
0.053206997084548104,0.9125
0.05324580598103574,0.9125
0.05328467153284672,0.9125
0.053323593864134405,0.9125
0.0533625730994152,0.9125
0.053401609363569864,0.9125
0.053440702781844804,0.9125
0.05347985347985348,0.9125
0.053519061583577714,0.9125
0.05355832721936904,0.9125
0.053597650513950074,0.9125
0.05363703159441587,0.9125
0.05367647058823529,0.9125
0.05371596762325239,0.9125
0.05375552282768778,0.9125
0.05379513633014001,0.9125
0.05383480825958702,0.9125
0.05387453874538745,0.9125
0.05391432791728213,0.9125
0.05395417590539542,0.9125
0.053994082840236685,0.9125
0.0540340488527017,0.9125
0.05407407407407407,0.9125
0.054114158636026685,0.9125
0.05415430267062315,0.9125
0.054194506310319225,0.9125
0.05423476968796434,0.9125
0.05427509293680297,0.9125
0.05431547619047619,0.9125
0.054355919583023084,0.9125
0.05439642324888227,0.9125
0.054436987322893364,0.9125
0.05447761194029851,0.9125
0.05451829723674384,0.9125
0.05455904334828102,0.9125
0.054599850411368736,0.9125
0.05464071856287425,0.9125
0.05468164794007491,0.9125
0.05472263868065967,0.9125
0.05476369092273068,0.9125
0.054804804804804805,0.9125
0.054845980465815174,0.9125
0.05488721804511278,0.9125
0.05492851768246802,0.9125
0.054969879518072286,0.9125
0.055011303692539565,0.9125
0.05505279034690799,0.9125
0.05509433962264151,0.9125
0.05513595166163142,0.9125
0.05517762660619804,0.9125
0.05521936459909228,0.9125
0.05526116578349735,0.9125
0.055303030303030305,0.9125
0.05534495830174375,0.9125
0.05538694992412747,0.9125
0.0554290053151101,0.9125
0.05547112462006079,0.9125
0.05551330798479087,0.9125
0.05555555555555555,0.9125
0.055597867479055596,0.9125
0.055640243902439025,0.9125
0.05568268497330282,0.9125
0.055725190839694655,0.9125
0.05576776165011459,0.9125
0.05581039755351682,0.9125
0.0558530986993114,0.9125
0.055895865237366005,0.9125
0.055938697318007664,0.9125
0.05598159509202454,0.9125
0.056024558710667687,0.9125
0.05606758832565284,0.9125
0.056110684089162186,0.9125
0.05615384615384615,0.9125
0.056197074672825253,0.9125
0.05624036979969183,0.9125
0.05628373168851195,0.9125
0.05632716049382716,0.9125
0.05637065637065637,0.9125
0.05641421947449768,0.9125
0.05645784996133024,0.9125
0.0565015479876161,0.9125
0.056545313710302095,0.9125
0.056589147286821705,0.9125
0.05663304887509697,0.9125
0.055900621118012424,0.9
0.055944055944055944,0.9
0.05598755832037325,0.9
0.05603112840466926,0.9
0.056074766355140186,0.9
0.05533904910366329,0.8875
0.05538221528861154,0.8875
0.05542544886807182,0.8875
0.05546875,0.8875
0.05551211884284597,0.8875
0.05555555555555555,0.8875
0.05559906029757244,0.8875
0.055642633228840124,0.8875
0.05568627450980392,0.8875
0.05572998430141287,0.8875
0.05577376276512176,0.8875
0.05581761006289308,0.8875
0.05586152635719906,0.8875
0.05590551181102362,0.8875
0.05594956658786446,0.8875
0.055993690851735015,0.8875
0.056037884767166535,0.8875
0.05608214849921011,0.8875
0.05612648221343874,0.8875
0.05617088607594937,0.8875
0.056215360253365,0.8875
0.056259904912836764,0.8875
0.056304520222045996,0.8875
0.05634920634920635,0.8875
0.056393963463065924,0.8875
0.05643879173290938,0.8875
0.056483691328560064,0.8875
0.05652866242038217,0.8875
0.05657370517928287,0.8875
0.05661881977671451,0.8875
0.05666400638467677,0.8875
0.05670926517571885,0.8875
0.05675459632294165,0.8875
0.0568,0.8875
0.05684547638110488,0.8875
0.05689102564102564,0.8875
0.05693664795509222,0.8875
0.05698234349919743,0.8875
0.0570281124497992,0.8875
0.05707395498392283,0.8875
0.05711987127916331,0.8875
0.0571658615136876,0.8875
0.057211925866236905,0.8875
0.05725806451612903,0.8875
0.057304277643260695,0.8875
0.05735056542810985,0.8875
0.056588520614389654,0.875
0.05663430420711974,0.875
0.05668016194331984,0.875
0.05672609400324149,0.875
0.05677210056772101,0.875
0.056818181818181816,0.875
0.05686433793663688,0.875
0.056910569105691054,0.875
0.05695687550854353,0.875
0.057003257328990226,0.875
0.05704971475142624,0.875
0.057096247960848286,0.875
0.05714285714285714,0.875
0.05718954248366013,0.875
0.05723630417007359,0.875
0.057283142389525366,0.875
0.05733005733005733,0.875
0.05737704918032787,0.875
0.05742411812961444,0.875
0.05747126436781609,0.875
0.05751848808545604,0.875
0.05756578947368421,0.875
0.05761316872427984,0.875
0.057660626029654036,0.875
0.057708161582852434,0.875
0.057755775577557754,0.875
0.057803468208092484,0.875
0.05785123966942149,0.875
0.05789909015715467,0.875
0.057947019867549666,0.875
0.0579950289975145,0.875
0.05804311774461028,0.875
0.058091286307053944,0.875
0.05813953488372093,0.875
0.058187863674147966,0.875
0.05823627287853577,0.875
0.058284762697751874,0.875
0.058333333333333334,0.875
0.058381984987489574,0.875
0.05843071786310518,0.875
0.05847953216374269,0.875
0.05852842809364549,0.875
0.058577405857740586,0.875
0.05862646566164154,0.875
0.0586756077116513,0.875
0.0587248322147651,0.875
0.05877413937867338,0.875
0.058823529411764705,0.875
0.05887300252312868,0.875
0.058922558922558925,0.875
0.05897219882055602,0.875
0.05902192242833052,0.875
0.05907172995780591,0.875
0.05912162162162162,0.875
0.05917159763313609,0.875
0.05922165820642978,0.875
0.05927180355630821,0.875
0.059322033898305086,0.875
0.05937234944868533,0.875
0.059422750424448216,0.875
0.059473237043330504,0.875
0.05952380952380952,0.875
0.059574468085106386,0.875
0.059625212947189095,0.875
0.059676044330775786,0.875
0.059726962457337884,0.875
0.059777967549103334,0.875
0.05982905982905983,0.875
0.059880239520958084,0.875
0.059931506849315065,0.875
0.05998286203941731,0.875
0.060034305317324184,0.875
0.060085836909871244,0.875
0.06013745704467354,0.875
0.06018916595012898,0.875
0.060240963855421686,0.875
0.06029285099052541,0.875
0.0603448275862069,0.875
0.060396893874029335,0.875
0.06044905008635579,0.875
0.06050129645635264,0.875
0.06055363321799308,0.875
0.06060606060606061,0.875
0.060658578856152515,0.875
0.060711188204683436,0.875
0.06076388888888889,0.875
0.060816681146828845,0.875
0.06086956521739131,0.875
0.060922541340295906,0.875
0.06097560975609756,0.875
0.06102877070619006,0.875
0.06108202443280977,0.875
0.06026200873362445,0.8625
0.06031468531468531,0.8625
0.06036745406824147,0.8625
0.06042031523642732,0.8625
0.060473269062226116,0.8625
0.060526315789473685,0.8625
0.06057945566286216,0.8625
0.06063268892794376,0.8625
0.06068601583113457,0.8625
0.06073943661971831,0.8625
0.06079295154185022,0.8625
0.06084656084656084,0.8625
0.06090026478375993,0.8625
0.060954063604240286,0.8625
0.0610079575596817,0.8625
0.061061946902654866,0.8625
0.06111603188662533,0.8625
0.061170212765957445,0.8625
0.061224489795918366,0.8625
0.06127886323268206,0.8625
0.06133333333333333,0.8625
0.06138790035587188,0.8625
0.06144256455921639,0.8625
0.06149732620320856,0.8625
0.06155218554861731,0.8625
0.06160714285714286,0.8625
0.06166219839142091,0.8625
0.061717352415026835,0.8625
0.06177260519247986,0.8625
0.06182795698924731,0.8625
0.06188340807174888,0.8625
0.06193895870736086,0.8625
0.06199460916442048,0.8625
0.06205035971223022,0.8625
0.062106210621062106,0.8625
0.062162162162162166,0.8625
0.062218214607754736,0.8625
0.06227436823104693,0.8625
0.06233062330623306,0.8625
0.06238698010849909,0.8625
0.06244343891402715,0.8625
0.06159420289855073,0.85
0.061650045330915684,0.85
0.06170598911070781,0.85
0.061762034514078114,0.85
0.06181818181818182,0.85
0.06187443130118289,0.85
0.061930783242258654,0.85
0.06198723792160438,0.85
0.06204379562043796,0.85
0.062100456621004566,0.85
0.062157221206581355,0.85
0.06221408966148216,0.85
0.06227106227106227,0.85
0.06232813932172319,0.85
0.062385321100917435,0.85
0.06244260789715335,0.85
0.0625,0.85
0.062557497700092,0.85
0.06261510128913444,0.85
0.06267281105990784,0.85
0.061808118081180814,0.8375
0.061865189289012,0.8375
0.06192236598890943,0.8375
0.061979648473635525,0.8375
0.06111111111111111,0.825
0.061167747914735865,0.825
0.061224489795918366,0.825
0.06128133704735376,0.825
0.06133828996282528,0.825
0.061395348837209304,0.825
0.061452513966480445,0.825
0.06150978564771668,0.825
0.061567164179104475,0.825
0.06069094304388422,0.8125
0.06074766355140187,0.8125
0.0608044901777362,0.8125
0.060861423220973786,0.8125
0.06091846298031865,0.8125
0.06097560975609756,0.8125
0.06103286384976526,0.8125
0.06109022556390977,0.8125
0.06114769520225776,0.8125
0.06120527306967985,0.8125
0.061262959472196045,0.8125
0.06132075471698113,0.8125
0.061378659112370164,0.8125
0.06143667296786389,0.8125
0.06149479659413434,0.8125
0.061553030303030304,0.8125
0.061611374407582936,0.8125
0.061669829222011384,0.8125
0.060778727445394115,0.8
0.060836501901140684,0.8
0.060894386298763085,0.8
0.06095238095238095,0.8
0.061010486177311724,0.8
0.061068702290076333,0.8
0.061127029608404965,0.8
0.06118546845124283,0.8
0.06124401913875598,0.8
0.06130268199233716,0.8
0.061361457334611694,0.8
0.061420345489443376,0.8
0.06147934678194044,0.8
0.06153846153846154,0.8
0.061597690086621755,0.8
0.06165703275529865,0.8
0.06171648987463838,0.8
0.06177606177606178,0.8
0.06183574879227053,0.8
0.061895551257253385,0.8
0.061955469506292354,0.8
0.06201550387596899,0.8
0.06207565470417071,0.8
0.062135922330097085,0.8
0.062196307094266275,0.8
0.0622568093385214,0.8
0.062317429406037,0.8
0.06237816764132553,0.8
0.0624390243902439,0.8
0.0625,0.8
0.06256109481915934,0.8
0.06262230919765166,0.8
0.06268364348677767,0.8
0.06274509803921569,0.8
0.06280667320902845,0.8
0.06286836935166994,0.8
0.06293018682399214,0.8
0.06299212598425197,0.8
0.06305418719211822,0.8
0.0631163708086785,0.8
0.0631786771964462,0.8
0.06324110671936758,0.8
0.06330365974282888,0.8
0.06336633663366337,0.8
0.06342913776015857,0.8
0.06349206349206349,0.8
0.06355511420059583,0.8
0.0636182902584493,0.8
0.06368159203980099,0.8
0.06374501992031872,0.8
0.06380857427716849,0.8
0.06387225548902195,0.8
0.06393606393606394,0.8
0.064,0.8
0.06406406406406406,0.8
0.06412825651302605,0.8
0.0641925777331996,0.8
0.0642570281124498,0.8
0.06432160804020101,0.8
0.06438631790744467,0.8
0.06445115810674723,0.8
0.06451612903225806,0.8
0.06458123107971746,0.8
0.06464646464646465,0.8
0.06471183013144591,0.8
0.06477732793522267,0.8
0.06484295845997974,0.8
0.06490872210953347,0.8
0.0649746192893401,0.8
0.06504065040650407,0.8
0.06510681586978637,0.8
0.06517311608961303,0.8
0.0652395514780836,0.8
0.0653061224489796,0.8
0.06537282941777324,0.8
0.065439672801636,0.8
0.06550665301944729,0.8
0.06557377049180328,0.8
0.06564102564102564,0.8
0.06570841889117043,0.8
0.065775950668037,0.8
0.06584362139917696,0.8
0.06591143151390319,0.8
0.06597938144329897,0.8
0.06604747162022703,0.8
0.06611570247933884,0.8
0.06618407445708377,0.8
0.06625258799171843,0.8
0.06632124352331606,0.8
0.06639004149377593,0.8
0.06645898234683281,0.8
0.06652806652806653,0.8
0.06555671175858481,0.7875
0.065625,0.7875
0.06569343065693431,0.7875
0.06576200417536535,0.7875
0.06583072100313479,0.7875
0.06589958158995816,0.7875
0.06596858638743455,0.7875
0.0660377358490566,0.7875
0.06610703043022036,0.7875
0.0661764705882353,0.7875
0.06624605678233439,0.7875
0.06631578947368422,0.7875
0.06638566912539515,0.7875
0.06645569620253164,0.7875
0.0665258711721225,0.7875
0.06659619450317125,0.7875
0.06666666666666667,0.7875
0.06673728813559322,0.7875
0.06680805938494168,0.7875
0.06687898089171974,0.7875
0.0669500531349628,0.7875
0.06702127659574468,0.7875
0.0670926517571885,0.7875
0.06716417910447761,0.7875
0.0672358591248666,0.7875
0.0673076923076923,0.7875
0.06737967914438503,0.7875
0.06745182012847965,0.7875
0.06752411575562701,0.7875
0.06759656652360516,0.7875
0.06766917293233082,0.7875
0.06774193548387097,0.7875
0.06781485468245425,0.7875
0.06788793103448276,0.7875
0.06796116504854369,0.7875
0.06803455723542116,0.7875
0.0681081081081081,0.7875
0.06818181818181818,0.7875
0.06825568797399784,0.7875
0.06832971800433839,0.7875
0.06840390879478828,0.7875
0.06847826086956521,0.7875
0.06855277475516866,0.7875
0.06862745098039216,0.7875
0.06870229007633588,0.7875
0.06768558951965066,0.775
0.06775956284153005,0.775
0.06783369803063458,0.775
0.06790799561883899,0.775
0.0668859649122807,0.7625
0.06695938529088913,0.7625
0.06703296703296703,0.7625
0.0671067106710671,0.7625
0.0671806167400881,0.7625
0.06725468577728776,0.7625
0.0673289183222958,0.7625
0.06740331491712707,0.7625
0.06747787610619468,0.7625
0.06755260243632337,0.7625
0.06762749445676275,0.7625
0.06770255271920089,0.7625
0.06777777777777778,0.7625
0.067853170189099,0.7625
0.06792873051224944,0.7625
0.06800445930880714,0.7625
0.06808035714285714,0.7625
0.06815642458100558,0.7625
0.06823266219239374,0.7625
0.0683090705487122,0.7625
0.06838565022421525,0.7625
0.06846240179573512,0.7625
0.06741573033707865,0.75
0.06749156355455568,0.75
0.06756756756756757,0.75
0.06764374295377677,0.75
0.06772009029345373,0.75
0.06779661016949153,0.75
0.06787330316742081,0.75
0.06795016987542468,0.75
0.06802721088435375,0.75
0.0681044267877412,0.75
0.06818181818181818,0.75
0.06825938566552901,0.75
0.0683371298405467,0.75
0.06841505131128849,0.75
0.0684931506849315,0.75
0.06857142857142857,0.75
0.06864988558352403,0.75
0.06872852233676977,0.75
0.06880733944954129,0.75
0.06888633754305395,0.75
0.06896551724137931,0.75
0.06904487917146145,0.75
0.06912442396313365,0.75
0.06920415224913495,0.75
0.06928406466512702,0.75
0.06936416184971098,0.75
0.06944444444444445,0.75
0.06952491309385864,0.75
0.06960556844547564,0.75
0.06968641114982578,0.75
0.06976744186046512,0.75
0.06984866123399301,0.75
0.06993006993006994,0.75
0.07001166861143523,0.75
0.07009345794392523,0.75
0.07017543859649122,0.75
0.0702576112412178,0.75
0.07033997655334115,0.75
0.07042253521126761,0.75
0.07050528789659224,0.75
0.07058823529411765,0.75
0.06949352179034157,0.7375
0.0695754716981132,0.7375
0.06965761511216056,0.7375
0.06973995271867613,0.7375
0.06982248520710059,0.7375
0.06990521327014218,0.7375
0.06998813760379596,0.7375
0.07007125890736342,0.7375
0.07015457788347206,0.7375
0.07023809523809524,0.7375
0.07032181168057211,0.7375
0.07040572792362769,0.7375
0.07048984468339307,0.7375
0.07057416267942583,0.7375
0.07065868263473053,0.7375
0.07074340527577938,0.7375
0.07082833133253301,0.7375
0.07091346153846154,0.7375
0.07099879663056559,0.7375
0.07108433734939759,0.7375
0.07117008443908324,0.7375
0.07125603864734299,0.7375
0.07134220072551391,0.7375
0.07142857142857142,0.7375
0.07151515151515152,0.7375
0.07160194174757281,0.7375
0.07047387606318348,0.725
0.0705596107055961,0.725
0.07064555420219244,0.725
0.07073170731707316,0.725
0.07081807081807082,0.725
0.06968215158924206,0.7125
0.06976744186046512,0.7125
0.06985294117647059,0.7125
0.06993865030674846,0.7125
0.07002457002457002,0.7125
0.07011070110701106,0.7125
0.07019704433497537,0.7125
0.07028360049321825,0.7125
0.07037037037037037,0.7125
0.07045735475896168,0.7125
0.07054455445544554,0.7125
0.07063197026022305,0.7125
0.0707196029776675,0.7125
0.07080745341614907,0.7125
0.0708955223880597,0.7125
0.07098381070983811,0.7125
0.07107231920199501,0.7125
0.07116104868913857,0.7125
0.07125,0.7125
0.07133917396745933,0.7125
0.07142857142857142,0.7125
0.07151819322459223,0.7125
0.07160804020100503,0.7125
0.07169811320754717,0.7125
0.07178841309823678,0.7125
0.07187894073139975,0.7125
0.07196969696969698,0.7125
0.07206068268015171,0.7125
0.07215189873417721,0.7125
0.07224334600760456,0.7125
0.07233502538071065,0.7125
0.0724269377382465,0.7125
0.07251908396946564,0.7125
0.07261146496815286,0.7125
0.07270408163265306,0.7125
0.07279693486590039,0.7125
0.07289002557544758,0.7125
0.07298335467349552,0.7125
0.07307692307692308,0.7125
0.07317073170731707,0.7125
0.07326478149100257,0.7125
0.07335907335907337,0.7125
0.07345360824742268,0.7125
0.07225806451612904,0.7
0.07235142118863049,0.7
0.0724450194049159,0.7
0.07253886010362694,0.7
0.07263294422827497,0.7
0.07272727272727272,0.7
0.07282184655396619,0.7
0.07291666666666667,0.7
0.07301173402868318,0.7
0.0731070496083551,0.7
0.07320261437908497,0.7
0.07198952879581152,0.6875
0.07208387942332896,0.6875
0.07217847769028872,0.6875
0.07227332457293036,0.6875
0.07236842105263158,0.6875
0.07246376811594203,0.6875
0.07255936675461741,0.6875
0.0726552179656539,0.6875
0.07275132275132275,0.6875
0.0728476821192053,0.6875
0.07294429708222812,0.6875
0.07304116865869854,0.6875
0.07313829787234043,0.6875
0.07323568575233022,0.6875
0.07333333333333333,0.6875
0.07343124165554073,0.6875
0.07352941176470588,0.6875
0.07362784471218206,0.6875
0.07372654155495978,0.6875
0.0738255033557047,0.6875
0.0739247311827957,0.6875
0.0740242261103634,0.6875
0.07412398921832884,0.6875
0.07422402159244265,0.6875
0.07432432432432433,0.6875
0.07442489851150202,0.6875
0.07452574525745258,0.6875
0.07462686567164178,0.6875
0.07472826086956522,0.6875
0.07482993197278912,0.6875
0.07493188010899182,0.6875
0.07366984993178717,0.675
0.07377049180327869,0.675
0.07387140902872777,0.675
0.07397260273972603,0.675
0.07407407407407407,0.675
0.07417582417582418,0.675
0.07427785419532325,0.675
0.0743801652892562,0.675
0.07448275862068965,0.675
0.07458563535911603,0.675
0.07468879668049792,0.675
0.07479224376731301,0.675
0.07489597780859916,0.675
0.07361111111111111,0.6625
0.0737134909596662,0.6625
0.07381615598885793,0.6625
0.07391910739191074,0.6625
0.07402234636871509,0.6625
0.07412587412587412,0.6625
0.0742296918767507,0.6625
0.07433380084151472,0.6625
0.07443820224719101,0.6625
0.07454289732770746,0.6625
0.07464788732394366,0.6625
0.07475317348377997,0.6625
0.0748587570621469,0.6625
0.07496463932107496,0.6625
0.07507082152974505,0.6625
0.075177304964539,0.6625
0.07528409090909091,0.6625
0.07539118065433854,0.6625
0.0754985754985755,0.6625
0.07560627674750357,0.6625
0.07571428571428572,0.6625
0.07582260371959942,0.6625
0.07593123209169055,0.6625
0.07604017216642754,0.6625
0.07614942528735633,0.6625
0.07625899280575539,0.6625
0.07636887608069164,0.6625
0.07647907647907648,0.6625
0.07658959537572255,0.6625
0.07670043415340087,0.6625
0.07681159420289856,0.6625
0.07692307692307693,0.6625
0.07703488372093023,0.6625
0.07714701601164484,0.6625
0.07725947521865889,0.6625
0.07737226277372262,0.6625
0.07748538011695906,0.6625
0.07759882869692533,0.6625
0.07771260997067449,0.6625
0.07782672540381791,0.6625
0.07794117647058824,0.6625
0.0780559646539028,0.6625
0.07817109144542773,0.6625
0.07828655834564253,0.6625
0.07840236686390532,0.6625
0.07851851851851852,0.6625
0.07863501483679525,0.6625
0.0787518573551263,0.6625
0.07886904761904762,0.6625
0.07898658718330849,0.6625
0.0791044776119403,0.6625
0.07922272047832586,0.6625
0.07934131736526946,0.6625
0.07946026986506746,0.6625
0.07957957957957958,0.6625
0.07969924812030076,0.6625
0.07981927710843373,0.6625
0.07993966817496229,0.6625
0.07854984894259819,0.65
0.07866868381240545,0.65
0.07878787878787878,0.65
0.07890743550834597,0.65
0.0790273556231003,0.65
0.0776255707762557,0.6375
0.07774390243902439,0.6375
0.07786259541984733,0.6375
0.0779816513761468,0.6375
0.0781010719754977,0.6375
0.07822085889570553,0.6375
0.07834101382488479,0.6375
0.07846153846153846,0.6375
0.07858243451463791,0.6375
0.0787037037037037,0.6375
0.07882534775888717,0.6375
0.07894736842105263,0.6375
0.07906976744186046,0.6375
0.07919254658385093,0.6375
0.07931570762052877,0.6375
0.0794392523364486,0.6375
0.07956318252730109,0.6375
0.0796875,0.6375
0.07981220657276995,0.6375
0.07993730407523511,0.6375
0.08006279434850863,0.6375
0.08018867924528301,0.6375
0.08031496062992126,0.6375
0.0804416403785489,0.6375
0.08056872037914692,0.6375
0.08069620253164557,0.6375
0.08082408874801902,0.6375
0.08095238095238096,0.6375
0.08108108108108109,0.6375
0.08121019108280254,0.6375
0.08133971291866028,0.6375
0.08146964856230032,0.6375
0.0816,0.6375
0.08173076923076923,0.6375
0.08186195826645265,0.6375
0.0819935691318328,0.6375
0.08051529790660225,0.625
0.08064516129032258,0.625
0.08077544426494346,0.625
0.08090614886731391,0.625
0.08103727714748785,0.625
0.08116883116883117,0.625
0.08130081300813008,0.625
0.08143322475570032,0.625
0.08156606851549755,0.625
0.08169934640522876,0.625
0.08183306055646482,0.625
0.08196721311475409,0.625
0.08210180623973727,0.625
0.08223684210526316,0.625
0.08237232289950576,0.625
0.08250825082508251,0.625
0.08264462809917356,0.625
0.08278145695364239,0.625
0.08291873963515754,0.625
0.08305647840531562,0.625
0.08319467554076539,0.625
0.08333333333333333,0.625
0.08347245409015025,0.625
0.08361204013377926,0.625
0.08375209380234507,0.625
0.08389261744966443,0.625
0.08403361344537816,0.625
0.08417508417508418,0.625
0.08431703204047218,0.625
0.08445945945945946,0.625
0.08460236886632826,0.625
0.0847457627118644,0.625
0.08488964346349745,0.625
0.08503401360544217,0.625
0.08517887563884156,0.625
0.08532423208191127,0.625
0.08376068376068375,0.6125
0.0839041095890411,0.6125
0.08404802744425385,0.6125
0.08419243986254296,0.6125
0.08433734939759036,0.6125
0.08275862068965517,0.6
0.08290155440414508,0.6
0.08304498269896193,0.6
0.0831889081455806,0.6
0.08333333333333333,0.6
0.08347826086956522,0.6
0.08362369337979095,0.6
0.08376963350785341,0.6
0.08391608391608392,0.6
0.0840630472854641,0.6
0.08421052631578947,0.6
0.0843585237258348,0.6
0.08450704225352113,0.6
0.08465608465608465,0.6
0.08480565371024736,0.6
0.08495575221238938,0.6
0.08333333333333333,0.5875
0.08348134991119005,0.5875
0.08362989323843416,0.5875
0.08377896613190731,0.5875
0.08392857142857142,0.5875
0.08407871198568873,0.5875
0.08422939068100359,0.5875
0.0843806104129264,0.5875
0.08453237410071943,0.5875
0.08468468468468468,0.5875
0.08483754512635379,0.5875
0.08499095840867993,0.5875
0.08514492753623189,0.5875
0.0852994555353902,0.5875
0.08545454545454545,0.5875
0.08561020036429873,0.5875
0.08394160583941605,0.575
0.08409506398537477,0.575
0.08424908424908426,0.575
0.08440366972477065,0.575
0.08455882352941177,0.575
0.08287292817679558,0.5625
0.08302583025830258,0.5625
0.08317929759704251,0.5625
0.08333333333333333,0.5625
0.08348794063079777,0.5625
0.08364312267657993,0.5625
0.08379888268156424,0.5625
0.08395522388059702,0.5625
0.08411214953271028,0.5625
0.08426966292134831,0.5625
0.08442776735459662,0.5625
0.08458646616541353,0.5625
0.0847457627118644,0.5625
0.08490566037735849,0.5625
0.08506616257088846,0.5625
0.08522727272727272,0.5625
0.08538899430740038,0.5625
0.08555133079847908,0.5625
0.0838095238095238,0.55
0.08396946564885496,0.55
0.0841300191204589,0.55
0.0842911877394636,0.55
0.08445297504798464,0.55
0.08461538461538462,0.55
0.08477842003853564,0.55
0.08494208494208494,0.55
0.0851063829787234,0.55
0.08527131782945736,0.55
0.0854368932038835,0.55
0.08560311284046693,0.55
0.08576998050682261,0.55
0.0859375,0.55
0.08414872798434442,0.5375
0.08431372549019608,0.5375
0.08447937131630648,0.5375
0.08267716535433071,0.525
0.08284023668639054,0.525
0.08300395256916997,0.525
0.08316831683168317,0.525
0.08333333333333333,0.525
0.08349900596421471,0.525
0.08366533864541832,0.525
0.08383233532934131,0.525
0.084,0.525
0.0841683366733467,0.525
0.08433734939759036,0.525
0.08249496981891348,0.5125
0.08266129032258064,0.5125
0.08282828282828283,0.5125
0.08299595141700405,0.5125
0.08316430020283976,0.5125
0.08333333333333333,0.5125
0.0835030549898167,0.5125
0.08163265306122448,0.5
0.081799591002045,0.5
0.08196721311475409,0.5
0.08213552361396304,0.5
0.0823045267489712,0.5
0.08247422680412371,0.5
0.08264462809917356,0.5
0.08281573498964803,0.5
0.08298755186721991,0.5
0.08316008316008316,0.5
0.08333333333333333,0.5
0.08350730688935282,0.5
0.08368200836820083,0.5
0.08385744234800839,0.5
0.08403361344537816,0.5
0.08421052631578947,0.5
0.08227848101265822,0.4875
0.0824524312896406,0.4875
0.0826271186440678,0.4875
0.08280254777070063,0.4875
0.08297872340425531,0.4875
0.08315565031982942,0.4875
0.08333333333333333,0.4875
0.0835117773019272,0.4875
0.08369098712446352,0.4875
0.08387096774193549,0.4875
0.08405172413793104,0.4875
0.08423326133909287,0.4875
0.08441558441558442,0.4875
0.08459869848156182,0.4875
0.08478260869565217,0.4875
0.08496732026143791,0.4875
0.0851528384279476,0.4875
0.08533916849015317,0.4875
0.08552631578947369,0.4875
0.08571428571428572,0.4875
0.08590308370044053,0.4875
0.08609271523178808,0.4875
0.08628318584070796,0.4875
0.08647450110864745,0.4875
0.08666666666666667,0.4875
0.08685968819599109,0.4875
0.08705357142857142,0.4875
0.087248322147651,0.4875
0.08744394618834081,0.4875
0.08764044943820225,0.4875
0.08783783783783784,0.4875
0.08803611738148984,0.4875
0.08823529411764706,0.4875
0.08843537414965986,0.4875
0.08863636363636364,0.4875
0.0888382687927107,0.4875
0.08904109589041095,0.4875
0.08695652173913043,0.475
0.0871559633027523,0.475
0.08735632183908046,0.475
0.08525345622119816,0.4625
0.08545034642032333,0.4625
0.08564814814814815,0.4625
0.08584686774941995,0.4625
0.08604651162790698,0.4625
0.08624708624708624,0.4625
0.08644859813084112,0.4625
0.08665105386416862,0.4625
0.08685446009389672,0.4625
0.08705882352941176,0.4625
0.08726415094339622,0.4625
0.08747044917257683,0.4625
0.08767772511848342,0.4625
0.08788598574821853,0.4625
0.0880952380952381,0.4625
0.0883054892601432,0.4625
0.08851674641148326,0.4625
0.08872901678657075,0.4625
0.0889423076923077,0.4625
0.0891566265060241,0.4625
0.0893719806763285,0.4625
0.08958837772397095,0.4625
0.08980582524271845,0.4625
0.09002433090024331,0.4625
0.09024390243902439,0.4625
0.09046454767726161,0.4625
0.09068627450980392,0.4625
0.08845208845208845,0.45
0.08866995073891626,0.45
0.08888888888888889,0.45
0.0891089108910891,0.45
0.08933002481389578,0.45
0.08955223880597014,0.45
0.08977556109725686,0.45
0.09,0.45
0.09022556390977443,0.45
0.09045226130653267,0.45
0.0906801007556675,0.45
0.09090909090909091,0.45
0.09113924050632911,0.45
0.09137055837563451,0.45
0.0916030534351145,0.45
0.08928571428571429,0.4375
0.08951406649616368,0.4375
0.08974358974358974,0.4375
0.08997429305912596,0.4375
0.09020618556701031,0.4375
0.09043927648578812,0.4375
0.09067357512953368,0.4375
0.09090909090909091,0.4375
0.09114583333333333,0.4375
0.09138381201044386,0.4375
0.09162303664921466,0.4375
0.09186351706036745,0.4375
0.09210526315789473,0.4375
0.09234828496042216,0.4375
0.09259259259259259,0.4375
0.09283819628647215,0.4375
0.09308510638297872,0.4375
0.09333333333333334,0.4375
0.09358288770053476,0.4375
0.0938337801608579,0.4375
0.09408602150537634,0.4375
0.09433962264150944,0.4375
0.0945945945945946,0.4375
0.0948509485094851,0.4375
0.09510869565217392,0.4375
0.09536784741144415,0.4375
0.09562841530054644,0.4375
0.0958904109589041,0.4375
0.09615384615384616,0.4375
0.09641873278236915,0.4375
0.09668508287292818,0.4375
0.09695290858725762,0.4375
0.09722222222222222,0.4375
0.0947075208913649,0.425
0.09497206703910614,0.425
0.09523809523809523,0.425
0.09550561797752809,0.425
0.09577464788732394,0.425
0.09322033898305085,0.4125
0.09348441926345609,0.4125
0.09375,0.4125
0.09116809116809117,0.4
0.09142857142857143,0.4
0.09169054441260745,0.4
0.09195402298850575,0.4
0.09221902017291066,0.4
0.09248554913294797,0.4
0.0927536231884058,0.4
0.09302325581395349,0.4
0.09329446064139942,0.4
0.0935672514619883,0.4
0.093841642228739,0.4
0.09411764705882353,0.4
0.0943952802359882,0.4
0.09467455621301775,0.4
0.09495548961424333,0.4
0.09523809523809523,0.4
0.0955223880597015,0.4
0.09580838323353294,0.4
0.0960960960960961,0.4
0.0963855421686747,0.4
0.09667673716012085,0.4
0.09696969696969697,0.4
0.0972644376899696,0.4
0.0975609756097561,0.4
0.09785932721712538,0.4
0.09815950920245399,0.4
0.09846153846153846,0.4
0.09876543209876543,0.4
0.09907120743034056,0.4
0.09937888198757763,0.4
0.09968847352024922,0.4
0.1,0.4
0.10031347962382445,0.4
0.10062893081761007,0.4
0.10094637223974763,0.4
0.10126582278481013,0.4
0.10158730158730159,0.4
0.10191082802547771,0.4
0.10223642172523961,0.4
0.10256410256410256,0.4
0.10289389067524116,0.4
0.1032258064516129,0.4
0.10355987055016182,0.4
0.1038961038961039,0.4
0.10423452768729642,0.4
0.10457516339869281,0.4
0.10163934426229508,0.3875
0.10197368421052631,0.3875
0.10231023102310231,0.3875
0.10264900662251655,0.3875
0.10299003322259136,0.3875
0.10333333333333333,0.3875
0.10367892976588629,0.3875
0.1040268456375839,0.3875
0.10437710437710437,0.3875
0.10472972972972973,0.3875
0.10508474576271186,0.3875
0.1054421768707483,0.3875
0.10238907849829351,0.375
0.10273972602739725,0.375
0.10309278350515463,0.375
0.1,0.3625
0.10034602076124567,0.3625
0.09722222222222222,0.35
0.0975609756097561,0.35
0.0979020979020979,0.35
0.09824561403508772,0.35
0.09859154929577464,0.35
0.09540636042402827,0.3375
0.09574468085106383,0.3375
0.09608540925266904,0.3375
0.09642857142857143,0.3375
0.0967741935483871,0.3375
0.09712230215827339,0.3375
0.09747292418772563,0.3375
0.09782608695652174,0.3375
0.09818181818181818,0.3375
0.09854014598540146,0.3375
0.0989010989010989,0.3375
0.09926470588235294,0.3375
0.0996309963099631,0.3375
0.1,0.3375
0.10037174721189591,0.3375
0.09701492537313433,0.325
0.09737827715355805,0.325
0.09774436090225563,0.325
0.09811320754716982,0.325
0.09848484848484848,0.325
0.09885931558935361,0.325
0.09923664122137404,0.325
0.09961685823754789,0.325
0.1,0.325
0.10038610038610038,0.325
0.09689922480620156,0.3125
0.09727626459143969,0.3125
0.09765625,0.3125
0.09803921568627451,0.3125
0.0984251968503937,0.3125
0.09881422924901186,0.3125
0.0992063492063492,0.3125
0.099601593625498,0.3125
0.1,0.3125
0.0963855421686747,0.3
0.0967741935483871,0.3
0.09716599190283401,0.3
0.0975609756097561,0.3
0.09795918367346938,0.3
0.09836065573770492,0.3
0.09876543209876543,0.3
0.09917355371900827,0.3
0.0995850622406639,0.3
0.1,0.3
0.100418410041841,0.3
0.10084033613445378,0.3
0.10126582278481013,0.3
0.1016949152542373,0.3
0.10212765957446808,0.3
0.10256410256410256,0.3
0.09871244635193133,0.2875
0.09913793103448276,0.2875
0.09956709956709957,0.2875
0.1,0.2875
0.10043668122270742,0.2875
0.10087719298245613,0.2875
0.1013215859030837,0.2875
0.10176991150442478,0.2875
0.10222222222222223,0.2875
0.10267857142857142,0.2875
0.1031390134529148,0.2875
0.1036036036036036,0.2875
0.10407239819004525,0.2875
0.10454545454545454,0.2875
0.1004566210045662,0.275
0.0963302752293578,0.2625
0.0967741935483871,0.2625
0.09722222222222222,0.2625
0.09767441860465116,0.2625
0.09813084112149532,0.2625
0.09859154929577464,0.2625
0.09905660377358491,0.2625
0.0995260663507109,0.2625
0.1,0.2625
0.10047846889952153,0.2625
0.10096153846153846,0.2625
0.10144927536231885,0.2625
0.10194174757281553,0.2625
0.1024390243902439,0.2625
0.10294117647058823,0.2625
0.10344827586206896,0.2625
0.10396039603960396,0.2625
0.1044776119402985,0.2625
0.105,0.2625
0.10552763819095477,0.2625
0.10101010101010101,0.25
0.10152284263959391,0.25
0.09693877551020408,0.2375
0.09230769230769231,0.225
0.09278350515463918,0.225
0.09326424870466321,0.225
0.09375,0.225
0.09424083769633508,0.225
0.09473684210526316,0.225
0.09523809523809523,0.225
0.09574468085106383,0.225
0.0962566844919786,0.225
0.0967741935483871,0.225
0.0972972972972973,0.225
0.09782608695652174,0.225
0.09836065573770492,0.225
0.0989010989010989,0.225
0.09944751381215469,0.225
0.1,0.225
0.1005586592178771,0.225
0.10112359550561797,0.225
0.1016949152542373,0.225
0.10227272727272728,0.225
0.10285714285714286,0.225
0.10344827586206896,0.225
0.10404624277456648,0.225
0.10465116279069768,0.225
0.10526315789473684,0.225
0.10588235294117647,0.225
0.10650887573964497,0.225
0.10714285714285714,0.225
0.10778443113772455,0.225
0.10843373493975904,0.225
0.10909090909090909,0.225
0.10975609756097561,0.225
0.11042944785276074,0.225
0.1111111111111111,0.225
0.11180124223602485,0.225
0.1125,0.225
0.11320754716981132,0.225
0.11392405063291139,0.225
0.11464968152866242,0.225
0.11538461538461539,0.225
0.11612903225806452,0.225
0.11688311688311688,0.225
0.11764705882352941,0.225
0.11842105263157894,0.225
0.11920529801324503,0.225
0.12,0.225
0.12080536912751678,0.225
0.12162162162162163,0.225
0.12244897959183673,0.225
0.1232876712328767,0.225
0.12413793103448276,0.225
0.125,0.225
0.1258741258741259,0.225
0.1267605633802817,0.225
0.1276595744680851,0.225
0.12857142857142856,0.225
0.12949640287769784,0.225
0.13043478260869565,0.225
0.13138686131386862,0.225
0.125,0.2125
0.1259259259259259,0.2125
0.11940298507462686,0.2
0.12030075187969924,0.2
0.12121212121212122,0.2
0.12213740458015267,0.2
0.12307692307692308,0.2
0.12403100775193798,0.2
0.125,0.2
0.12598425196850394,0.2
0.12698412698412698,0.2
0.128,0.2
0.12903225806451613,0.2
0.13008130081300814,0.2
0.13114754098360656,0.2
0.1322314049586777,0.2
0.13333333333333333,0.2
0.13445378151260504,0.2
0.13559322033898305,0.2
0.13675213675213677,0.2
0.13793103448275862,0.2
0.1391304347826087,0.2
0.14035087719298245,0.2
0.1415929203539823,0.2
0.13392857142857142,0.1875
0.13513513513513514,0.1875
0.13636363636363635,0.1875
0.13761467889908258,0.1875
0.12962962962962962,0.175
0.1308411214953271,0.175
0.1320754716981132,0.175
0.13333333333333333,0.175
0.1346153846153846,0.175
0.13592233009708737,0.175
0.13725490196078433,0.175
0.13861386138613863,0.175
0.14,0.175
0.13131313131313133,0.1625
0.1326530612244898,0.1625
0.13402061855670103,0.1625
0.13541666666666666,0.1625
0.1368421052631579,0.1625
0.13829787234042554,0.1625
0.13978494623655913,0.1625
0.14130434782608695,0.1625
0.14285714285714285,0.1625
0.14444444444444443,0.1625
0.14606741573033707,0.1625
0.14772727272727273,0.1625
0.14942528735632185,0.1625
0.1511627906976744,0.1625
0.1411764705882353,0.15
0.14285714285714285,0.15
0.14457831325301204,0.15
0.13414634146341464,0.1375
0.13580246913580246,0.1375
0.1375,0.1375
0.13924050632911392,0.1375
0.14102564102564102,0.1375
0.14285714285714285,0.1375
0.13157894736842105,0.125
0.12,0.1125
0.12162162162162163,0.1125
0.1232876712328767,0.1125
0.125,0.1125
0.1267605633802817,0.1125
0.12857142857142856,0.1125
0.13043478260869565,0.1125
0.1323529411764706,0.1125
0.13432835820895522,0.1125
0.13636363636363635,0.1125
0.12307692307692308,0.1
0.125,0.1
0.12698412698412698,0.1
0.12903225806451613,0.1
0.11475409836065574,0.0875
0.11666666666666667,0.0875
0.1016949152542373,0.075
0.10344827586206896,0.075
0.10526315789473684,0.075
0.10714285714285714,0.075
0.10909090909090909,0.075
0.1111111111111111,0.075
0.11320754716981132,0.075
0.11538461538461539,0.075
0.11764705882352941,0.075
0.12,0.075
0.12244897959183673,0.075
0.125,0.075
0.1276595744680851,0.075
0.13043478260869565,0.075
0.13333333333333333,0.075
0.13636363636363635,0.075
0.13953488372093023,0.075
0.14285714285714285,0.075
0.14634146341463414,0.075
0.15,0.075
0.15384615384615385,0.075
0.15789473684210525,0.075
0.16216216216216217,0.075
0.16666666666666666,0.075
0.17142857142857143,0.075
0.17647058823529413,0.075
0.18181818181818182,0.075
0.1875,0.075
0.1935483870967742,0.075
0.2,0.075
0.20689655172413793,0.075
0.21428571428571427,0.075
0.2222222222222222,0.075
0.23076923076923078,0.075
0.24,0.075
0.25,0.075
0.2608695652173913,0.075
0.2727272727272727,0.075
0.2857142857142857,0.075
0.3,0.075
1.0,0.0
