Precision,Recall
0.0392349190779794,1.0
0.03876349362119725,0.9875
0.038782523318605794,0.9875
0.03880157170923379,0.9875
0.03882063882063882,0.9875
0.03883972468043265,0.9875
0.03885882931628136,0.9875
0.03887795275590551,0.9875
0.038897095027080254,0.9875
0.03891625615763547,0.9875
0.03893543617545589,0.9875
0.03895463510848126,0.9875
0.038973852984706465,0.9875
0.03899308983218164,0.9875
0.03901234567901234,0.9875
0.03903162055335968,0.9875
0.03905091448344043,0.9875
0.0390702274975272,0.9875
0.03908955962394854,0.9875
0.03910891089108911,0.9875
0.0391282813273898,0.9875
0.03914767096134787,0.9875
0.039167079821517105,0.9875
0.039186507936507936,0.9875
0.039205955334987594,0.9875
0.03922542204568024,0.9875
0.039244908097367116,0.9875
0.03926441351888668,0.9875
0.03928393833913476,0.9875
0.039303482587064675,0.9875
0.039323046291687404,0.9875
0.03934262948207171,0.9875
0.0393622321873443,0.9875
0.03938185443668993,0.9875
0.03940149625935162,0.9875
0.03942115768463074,0.9875
0.03944083874188717,0.9875
0.039460539460539464,0.9875
0.03948025987006497,0.9875
0.0395,0.9875
0.03951975987993997,0.9875
0.03953953953953954,0.9875
0.039559339008512766,0.9875
0.039579158316633264,0.9875
0.039598997493734335,0.9875
0.03961885656970913,0.9875
0.03963873557451079,0.9875
0.03965863453815261,0.9875
0.03967855349070819,0.9875
0.03969849246231156,0.9875
0.03971845148315736,0.9875
0.039738430583501,0.9875
0.03975842979365878,0.9875
0.039778449144008056,0.9875
0.039798488664987405,0.9875
0.039818548387096774,0.9875
0.03983862834089763,0.9875
0.03985872855701312,0.9875
0.039878849066128215,0.9875
0.0398989898989899,0.9875
0.03991915108640728,0.9875
0.03993933265925177,0.9875
0.03995953464845726,0.9875
0.039979757085020245,0.9875
0.04,0.9875
0.04002026342451875,0.9875
0.04004054738976178,0.9875
0.04006085192697769,0.9875
0.040081177067478435,0.9875
0.03959390862944162,0.975
0.03961401726764855,0.975
0.039634146341463415,0.975
0.03965429588205389,0.975
0.03967446592065107,0.975
0.03969465648854962,0.975
0.03971486761710794,0.975
0.039735099337748346,0.975
0.039755351681957186,0.975
0.03977562468128506,0.975
0.03979591836734694,0.975
0.039816232771822356,0.975
0.03983656792645557,0.975
0.0398569238630557,0.975
0.03987730061349693,0.975
0.03989769820971867,0.975
0.03991811668372569,0.975
0.039938556067588324,0.975
0.039959016393442626,0.975
0.03997949769349052,0.975
0.04,0.975
0.04002052334530529,0.975
0.04004106776180698,0.975
0.040061633281972264,0.975
0.040082219938335044,0.975
0.04010282776349614,0.975
0.040123456790123455,0.975
0.04014410705095214,0.975
0.04016477857878476,0.975
0.0401854714064915,0.975
0.04020618556701031,0.975
0.040226921093347086,0.975
0.04024767801857585,0.975
0.040268456375838924,0.975
0.040289256198347105,0.975
0.040310077519379844,0.975
0.04033092037228542,0.975
0.04035178479048112,0.975
0.040372670807453416,0.975
0.04039357845675816,0.975
0.04041450777202073,0.975
0.04043545878693624,0.975
0.04045643153526971,0.975
0.040477426050856254,0.975
0.040498442367601244,0.975
0.04051948051948052,0.975
0.04054054054054054,0.975
0.0405616224648986,0.975
0.04058272632674298,0.975
0.04060385216033316,0.975
0.040625,0.975
0.04064616988014591,0.975
0.040667361835245046,0.975
0.0406885758998435,0.975
0.0407098121085595,0.975
0.04073107049608355,0.975
0.04075235109717868,0.975
0.04077365394668061,0.975
0.04079497907949791,0.975
0.04081632653061224,0.975
0.040837696335078534,0.975
0.04033525405971713,0.9625
0.04035639412997904,0.9625
0.040377556371263765,0.9625
0.040398740818468,0.9625
0.04041994750656168,0.9625
0.04044117647058824,0.9625
0.04046242774566474,0.9625
0.04048370136698212,0.9625
0.04050499736980537,0.9625
0.04052631578947368,0.9625
0.040547656661400734,0.9625
0.04056902002107481,0.9625
0.04059040590405904,0.9625
0.04061181434599156,0.9625
0.04063324538258575,0.9625
0.04065469904963041,0.9625
0.04067617538298996,0.9625
0.040697674418604654,0.9625
0.040719196192490745,0.9625
0.040740740740740744,0.9625
0.04076230809952356,0.9625
0.04078389830508475,0.9625
0.04080551139374669,0.9625
0.0408271474019088,0.9625
0.04084880636604774,0.9625
0.04087048832271762,0.9625
0.040892193308550186,0.9625
0.04091392136025505,0.9625
0.04093567251461988,0.9625
0.040957446808510635,0.9625
0.04097924427887174,0.9625
0.041001064962726305,0.9625
0.041022908897176344,0.9625
0.041044776119402986,0.9625
0.04106666666666667,0.9625
0.04108858057630736,0.9625
0.041110517885744796,0.9625
0.04113247863247863,0.9625
0.04115446285408872,0.9625
0.041176470588235294,0.9625
0.04119850187265917,0.9625
0.04122055674518201,0.9625
0.04124263524370648,0.9625
0.04126473740621651,0.9625
0.04128686327077748,0.9625
0.04130901287553648,0.9625
0.041331186258722494,0.9625
0.041353383458646614,0.9625
0.04137560451370231,0.9625
0.04139784946236559,0.9625
0.04142011834319527,0.9625
0.041442411194833155,0.9625
0.041464728056004305,0.9625
0.041487068965517244,0.9625
0.04150943396226415,0.9625
0.041531823085221145,0.9625
0.04155423637344846,0.9625
0.041576673866090715,0.9625
0.041599135602377095,0.9625
0.04162162162162162,0.9625
0.04164413196322336,0.9625
0.041666666666666664,0.9625
0.041689225771521385,0.9625
0.04171180931744312,0.9625
0.04173441734417344,0.9625
0.04175704989154013,0.9625
0.041779706999457406,0.9625
0.041802388707926165,0.9625
0.04182509505703422,0.9625
0.04184782608695652,0.9625
0.04187058183795541,0.9625
0.041893362350380846,0.9625
0.041916167664670656,0.9625
0.041938997821350764,0.9625
0.041961852861035424,0.9625
0.04198473282442748,0.9625
0.042007637752318604,0.9625
0.04203056768558952,0.9625
0.042053522665210265,0.9625
0.04207650273224044,0.9625
0.04209950792782941,0.9625
0.04212253829321663,0.9625
0.0421455938697318,0.9625
0.04216867469879518,0.9625
0.04219178082191781,0.9625
0.042214912280701754,0.9625
0.042238069116840374,0.9625
0.04226125137211855,0.9625
0.04228445908841296,0.9625
0.04230769230769231,0.9625
0.04233095107201759,0.9625
0.04235423542354235,0.9625
0.04237754540451293,0.9625
0.042400881057268726,0.9625
0.04242424242424243,0.9625
0.04244762954796031,0.9625
0.04247104247104247,0.9625
0.04249448123620309,0.9625
0.04251794588625069,0.9625
0.042541436464088395,0.9625
0.04256495301271421,0.9625
0.042588495575221236,0.9625
0.04261206419479801,0.9625
0.04263565891472868,0.9625
0.04265927977839335,0.9625
0.042682926829268296,0.9625
0.04270660011092623,0.9625
0.04273029966703663,0.9625
0.042754025541365905,0.9625
0.042777777777777776,0.9625
0.042801556420233464,0.9625
0.04282536151279199,0.9625
0.04284919309961046,0.9625
0.04287305122494432,0.9625
0.04289693593314763,0.9625
0.04292084726867335,0.9625
0.04294478527607362,0.9625
0.04296875,0.9625
0.042992741485203795,0.9625
0.043016759776536316,0.9625
0.043040804918949134,0.9625
0.043064876957494405,0.9625
0.04308897593732513,0.9625
0.04311310190369541,0.9625
0.043137254901960784,0.9625
0.043161434977578475,0.9625
0.04318564217610768,0.9625
0.043209876543209874,0.9625
0.043234138124649074,0.9625
0.04325842696629213,0.9625
0.04328274311410905,0.9625
0.04330708661417323,0.9625
0.04333145751266179,0.9625
0.04335585585585586,0.9625
0.04338028169014085,0.9625
0.04340473506200677,0.9625
0.04342921601804851,0.9625
0.04345372460496614,0.9625
0.043478260869565216,0.9625
0.04350282485875706,0.9625
0.04352741661955907,0.9625
0.04355203619909502,0.9625
0.04357668364459536,0.9625
0.04360135900339751,0.9625
0.04362606232294618,0.9625
0.04365079365079365,0.9625
0.04367555303460011,0.9625
0.04370034052213394,0.9625
0.043725156161272004,0.9625
0.04375,0.9625
0.04377487208641274,0.9625
0.04379977246871445,0.9625
0.043824701195219126,0.9625
0.043849658314350795,0.9625
0.043874643874643876,0.9625
0.04389965792474344,0.9625
0.04392470051340559,0.9625
0.043949771689497714,0.9625
0.04397487150199886,0.9625
0.044,0.9625
0.0440251572327044,0.9625
0.044050343249427915,0.9625
0.044075558099599316,0.9625
0.0441008018327606,0.9625
0.044126074498567334,0.9625
0.04415137614678899,0.9625
0.04417670682730924,0.9625
0.04420206659012629,0.9625
0.04422745548535324,0.9625
0.044252873563218394,0.9625
0.04427832087406555,0.9625
0.04430379746835443,0.9625
0.04432930339666091,0.9625
0.04435483870967742,0.9625
0.04438040345821326,0.9625
0.04440599769319493,0.9625
0.044431621465666475,0.9625
0.044457274826789836,0.9625
0.04448295782784518,0.9625
0.04450867052023121,0.9625
0.044534412955465584,0.9625
0.04456018518518518,0.9625
0.044585987261146494,0.9625
0.044611819235225954,0.9625
0.04463768115942029,0.9625
0.04466357308584687,0.9625
0.04468949506674405,0.9625
0.044715447154471545,0.9625
0.04474142940151075,0.9625
0.044767441860465114,0.9625
0.0447934845840605,0.9625
0.044819557625145515,0.9625
0.0448456610366919,0.9625
0.04487179487179487,0.9625
0.044897959183673466,0.9625
0.044924154025670945,0.9625
0.04495037945125511,0.9625
0.04497663551401869,0.9625
0.04500292226767972,0.9625
0.04502923976608187,0.9625
0.04505558806319485,0.9625
0.045081967213114756,0.9625
0.04510837727006444,0.9625
0.045134818288393906,0.9625
0.04516129032258064,0.9625
0.04518779342723005,0.9625
0.04521432765707575,0.9625
0.04524089306698002,0.9625
0.04526748971193416,0.9625
0.045294117647058825,0.9625
0.04532077692760447,0.9625
0.04534746760895171,0.9625
0.04537418974661167,0.9625
0.04540094339622641,0.9625
0.04542772861356932,0.9625
0.045454545454545456,0.9625
0.045481393975191964,0.9625
0.04550827423167849,0.9625
0.04553518628030751,0.9625
0.045562130177514794,0.9625
0.045589105979869746,0.9625
0.04561611374407583,0.9625
0.04564315352697095,0.9625
0.045670225385527875,0.9625
0.0456973293768546,0.9625
0.045724465558194774,0.9625
0.0457516339869281,0.9625
0.045778834720570746,0.9625
0.04580606781677573,0.9625
0.04583333333333333,0.9625
0.04586063132817153,0.9625
0.045887961859356376,0.9625
0.045915324985092425,0.9625
0.045942720763723154,0.9625
0.04597014925373134,0.9625
0.045997610513739545,0.9625
0.04602510460251046,0.9625
0.046052631578947366,0.9625
0.04608019150209455,0.9625
0.04610778443113772,0.9625
0.046135410425404436,0.9625
0.046163069544364506,0.9625
0.04619076184763048,0.9625
0.046218487394957986,0.9625
0.04624624624624624,0.9625
0.046274038461538464,0.9625
0.04630186410102225,0.9625
0.04632972322503008,0.9625
0.046357615894039736,0.9625
0.0463855421686747,0.9625
0.046413502109704644,0.9625
0.046441495778045835,0.9625
0.04646952323476162,0.9625
0.0464975845410628,0.9625
0.04652567975830816,0.9625
0.046553808948004836,0.9625
0.04658197217180883,0.9625
0.046610169491525424,0.9625
0.04663840096910963,0.9625
0.04666666666666667,0.9625
0.046694966646452396,0.9625
0.046723300970873786,0.9625
0.046751669702489375,0.9625
0.04678007290400972,0.9625
0.04680851063829787,0.9625
0.04683698296836983,0.9625
0.04686548995739501,0.9625
0.04689403166869671,0.9625
0.04692260816575259,0.9625
0.04695121951219512,0.9625
0.04697986577181208,0.9625
0.04700854700854701,0.9625
0.047037263286499695,0.9625
0.04706601466992665,0.9625
0.04709480122324159,0.9625
0.047123623011015914,0.9625
0.04715248009797918,0.9625
0.04718137254901961,0.9625
0.04721030042918455,0.9625
0.04723926380368098,0.9625
0.047268262737875995,0.9625
0.0472972972972973,0.9625
0.04732636754763368,0.9625
0.047355473554735544,0.9625
0.047384615384615386,0.9625
0.04741379310344827,0.9625
0.0474430067775724,0.9625
0.047472256473489516,0.9625
0.047501542257865514,0.9625
0.047530864197530866,0.9625
0.04756022235948116,0.9625
0.04758961681087762,0.9625
0.047619047619047616,0.9625
0.04764851485148515,0.9625
0.04767801857585139,0.9625
0.04770755885997522,0.9625
0.04773713577185369,0.9625
0.047766749379652605,0.9625
0.04779639975170701,0.9625
0.04782608695652174,0.9625
0.04785581106277191,0.9625
0.04788557213930348,0.9625
0.04791537025513379,0.9625
0.04794520547945205,0.9625
0.047975077881619935,0.9625
0.04800498753117207,0.9625
0.048034934497816595,0.9625
0.048064918851435705,0.9625
0.048094940662086194,0.9625
0.048125,0.9625
0.04815509693558474,0.9625
0.04818523153942428,0.9625
0.048215403882279274,0.9625
0.04824561403508772,0.9625
0.04827586206896552,0.9625
0.04830614805520703,0.9625
0.04833647206528562,0.9625
0.04836683417085427,0.9625
0.04839723444374607,0.9625
0.048427672955974846,0.9625
0.048458149779735685,0.9625
0.04848866498740554,0.9625
0.048519218651543794,0.9625
0.048549810844892814,0.9625
0.04858044164037855,0.9625
0.04861111111111111,0.9625
0.04864181933038535,0.9625
0.048672566371681415,0.9625
0.048703352308665404,0.9625
0.048734177215189876,0.9625
0.04876504116529449,0.9625
0.048795944233206594,0.9625
0.04882688649334179,0.9625
0.04885786802030457,0.9625
0.04888888888888889,0.9625
0.04891994917407878,0.9625
0.04895104895104895,0.9625
0.048982188295165395,0.9625
0.049013367281986,0.9625
0.04904458598726115,0.9625
0.049075844486934354,0.9625
0.049107142857142856,0.9625
0.04913848117421825,0.9625
0.0491698595146871,0.9625
0.049201277955271565,0.9625
0.049232736572890026,0.9625
0.04926423544465771,0.9625
0.04929577464788732,0.9625
0.04932735426008968,0.9625
0.04935897435897436,0.9625
0.04939063502245029,0.9625
0.04942233632862644,0.9625
0.04945407835581246,0.9625
0.04948586118251928,0.9625
0.049517684887459806,0.9625
0.04954954954954955,0.9625
0.049581455247907275,0.9625
0.04961340206185567,0.9625
0.04964539007092199,0.9625
0.04967741935483871,0.9625
0.04970948999354422,0.9625
0.04974160206718346,0.9625
0.049773755656108594,0.9625
0.04980595084087969,0.9625
0.04983818770226537,0.9625
0.04987046632124352,0.9625
0.049902786779001944,0.9625
0.04993514915693904,0.9625
0.0499675535366645,0.9625
0.05,0.9625
0.050032488628979854,0.9625
0.05006501950585176,0.9625
0.05009759271307743,0.9625
0.050130208333333336,0.9625
0.0501628664495114,0.9625
0.050195567144719684,0.9625
0.0502283105022831,0.9625
0.05026109660574413,0.9625
0.050293925538863485,0.9625
0.05032679738562092,0.9625
0.050359712230215826,0.9625
0.05039267015706806,0.9625
0.0504256712508186,0.9625
0.05045871559633028,0.9625
0.050491803278688525,0.9625
0.0505249343832021,0.9625
0.050558108995403805,0.9625
0.05059132720105125,0.9625
0.05062458908612755,0.9625
0.0506578947368421,0.9625
0.05069124423963134,0.9625
0.050724637681159424,0.9625
0.05075807514831905,0.9625
0.05079155672823219,0.9625
0.050825082508250824,0.9625
0.05085865257595773,0.9625
0.050892267019167214,0.9625
0.05092592592592592,0.9625
0.050959629384513566,0.9625
0.05099337748344371,0.9625
0.051027170311464545,0.9625
0.05106100795755968,0.9625
0.051094890510948905,0.9625
0.05112881806108898,0.9625
0.05116279069767442,0.9625
0.0511968085106383,0.9625
0.05123087159015303,0.9625
0.05126498002663116,0.9625
0.051299133910726186,0.9625
0.051333333333333335,0.9625
0.0513675783855904,0.9625
0.0514018691588785,0.9625
0.05143620574482298,0.9625
0.051470588235294115,0.9625
0.05150501672240803,0.9625
0.051539491298527446,0.9625
0.05157401205626256,0.9625
0.05160857908847185,0.9625
0.051643192488262914,0.9625
0.05167785234899329,0.9625
0.051712558764271326,0.9625
0.05174731182795699,0.9625
0.05178211163416274,0.9625
0.051816958277254375,0.9625
0.05185185185185185,0.9625
0.05188679245283019,0.9625
0.051921780175320294,0.9625
0.05195681511470985,0.9625
0.05199189736664416,0.9625
0.05202702702702703,0.9625
0.052062204192021636,0.9625
0.052097428958051424,0.9625
0.052132701421800945,0.9625
0.0521680216802168,0.9625
0.05220338983050848,0.9625
0.05223880597014925,0.9625
0.05227427019687712,0.9625
0.052309782608695655,0.9625
0.052345343303874914,0.9625
0.05238095238095238,0.9625
0.051735874744724304,0.95
0.051771117166212535,0.95
0.051806407634628494,0.95
0.05184174624829468,0.95
0.05187713310580205,0.95
0.05191256830601093,0.95
0.05194805194805195,0.95
0.05198358413132695,0.95
0.05201916495550993,0.95
0.052054794520547946,0.95
0.0520904729266621,0.95
0.05212620027434842,0.95
0.05216197666437886,0.95
0.0521978021978022,0.95
0.05223367697594502,0.95
0.052269601100412656,0.95
0.05230557467309016,0.95
0.05234159779614325,0.95
0.052377670572019294,0.95
0.05241379310344828,0.95
0.05244996549344375,0.95
0.052486187845303865,0.95
0.051831375259156875,0.9375
0.05186721991701245,0.9375
0.05190311418685121,0.9375
0.05193905817174515,0.9375
0.05197505197505198,0.9375
0.052011095700416086,0.9375
0.0520471894517696,0.9375
0.052083333333333336,0.9375
0.05211952744961779,0.9375
0.0521557719054242,0.9375
0.05219206680584551,0.9375
0.05222841225626741,0.9375
0.05226480836236934,0.9375
0.05230125523012552,0.9375
0.052337752965806,0.9375
0.052374301675977654,0.9375
0.0517120894479385,0.925
0.05174825174825175,0.925
0.05178446466060182,0.925
0.05182072829131653,0.925
0.05185704274702172,0.925
0.051893408134642355,0.925
0.051929824561403506,0.925
0.05196629213483146,0.925
0.05200281096275474,0.925
0.052039381153305204,0.925
0.05207600281491907,0.925
0.05211267605633803,0.925
0.05214940098661029,0.925
0.05218617771509168,0.925
0.05222300635144672,0.925
0.052259887005649715,0.925
0.052296819787985865,0.925
0.05233380480905234,0.925
0.052370842179759375,0.925
0.05240793201133145,0.925
0.05244507441530829,0.925
0.0524822695035461,0.925
0.0525195173882186,0.925
0.052556818181818184,0.925
0.052594171997157074,0.925
0.05263157894736842,0.925
0.052669039145907474,0.925
0.05270655270655271,0.925
0.05274411974340699,0.925
0.052781740370898715,0.925
0.05281941470378301,0.925
0.05285714285714286,0.925
0.05289492494639028,0.925
0.05293276108726753,0.925
0.052970651395848244,0.925
0.05300859598853868,0.925
0.05304659498207885,0.925
0.05308464849354376,0.925
0.05312275664034458,0.925
0.05316091954022988,0.925
0.053199137311286844,0.925
0.053237410071942444,0.925
0.05327573794096472,0.925
0.053314121037463975,0.925
0.05335255948089401,0.925
0.05339105339105339,0.925
0.053429602888086646,0.925
0.05346820809248555,0.925
0.05350686912509038,0.925
0.053545586107091175,0.925
0.05358435916002897,0.925
0.0536231884057971,0.925
0.05366207396664249,0.925
0.05370101596516691,0.925
0.05374001452432825,0.925
0.05377906976744186,0.925
0.05381818181818182,0.925
0.053857350800582245,0.925
0.053896576839038604,0.925
0.05393586005830904,0.925
0.05397520058351568,0.925
0.05401459854014599,0.925
0.05405405405405406,0.925
0.054093567251461985,0.925
0.05413313825896123,0.925
0.05417276720351391,0.925
0.054212454212454214,0.925
0.054252199413489736,0.925
0.05429200293470286,0.925
0.05433186490455213,0.925
0.05437178545187362,0.925
0.054411764705882354,0.925
0.054451802796173655,0.925
0.054491899852724596,0.925
0.054532056005895356,0.925
0.05457227138643068,0.925
0.05461254612546126,0.925
0.05465288035450517,0.925
0.05469327420546933,0.925
0.05473372781065089,0.925
0.05477424130273871,0.925
0.054814814814814816,0.925
0.05485544848035582,0.925
0.05489614243323442,0.925
0.05493689680772086,0.925
0.0549777117384844,0.925
0.0550185873605948,0.925
0.05505952380952381,0.925
0.055100521221146684,0.925
0.05514157973174367,0.925
0.055182699478001494,0.925
0.05447761194029851,0.9125
0.05451829723674384,0.9125
0.05455904334828102,0.9125
0.05385190725504862,0.9
0.05389221556886228,0.9
0.05393258426966292,0.9
0.053973013493253376,0.9
0.05401350337584396,0.9
0.05405405405405406,0.9
0.054094665664913597,0.9
0.05413533834586466,0.9
0.05417607223476298,0.9
0.05421686746987952,0.9
0.05425772418990203,0.9
0.05429864253393665,0.9
0.05433962264150943,0.9
0.054380664652567974,0.9
0.05442176870748299,0.9
0.05446293494704992,0.9
0.05450416351249054,0.9
0.05454545454545454,0.9
0.05458680818802123,0.9
0.054628224582701064,0.9
0.05466970387243736,0.9
0.0547112462006079,0.9
0.05475285171102662,0.9
0.0547945205479452,0.9
0.05483625285605483,0.9
0.054878048780487805,0.9
0.05491990846681922,0.9
0.0549618320610687,0.9
0.05500381970970206,0.9
0.05504587155963303,0.9
0.05508798775822494,0.9
0.055130168453292494,0.9
0.05517241379310345,0.9
0.05521472392638037,0.9
0.05525709900230238,0.9
0.055299539170506916,0.9
0.05534204458109147,0.9
0.055384615384615386,0.9
0.05542725173210162,0.9
0.05546995377503852,0.9
0.05551272166538165,0.9
0.05555555555555555,0.9
0.055598455598455596,0.9
0.05564142194744977,0.9
0.05491105955143078,0.8875
0.05495356037151703,0.8875
0.054996127033307515,0.8875
0.05503875968992248,0.8875
0.05508145849495733,0.8875
0.05434782608695652,0.875
0.053613053613053616,0.8625
0.053654743390357695,0.8625
0.053696498054474705,0.8625
0.053738317757009345,0.8625
0.05378020265003897,0.8625
0.05382215288611544,0.8625
0.053864168618266976,0.8625
0.05390625,0.8625
0.05394839718530102,0.8625
0.0539906103286385,0.8625
0.05403288958496476,0.8625
0.054075235109717866,0.8625
0.05411764705882353,0.8625
0.05416012558869702,0.8625
0.05420267085624509,0.8625
0.054245283018867926,0.8625
0.05428796223446106,0.8625
0.05433070866141732,0.8625
0.054373522458628844,0.8625
0.05362776025236593,0.85
0.05367008681925809,0.85
0.053712480252764615,0.85
0.05375494071146245,0.85
0.05379746835443038,0.85
0.053840063341250986,0.85
0.05388272583201268,0.85
0.05392545598731166,0.85
0.05396825396825397,0.85
0.054011119936457505,0.85
0.05405405405405406,0.85
0.05409705648369133,0.85
0.054140127388535034,0.85
0.054183266932270914,0.85
0.05422647527910686,0.85
0.05426975259377494,0.85
0.054313099041533544,0.85
0.05435651478816946,0.85
0.0544,0.85
0.0544435548438751,0.85
0.05448717948717949,0.85
0.0545308740978348,0.85
0.05457463884430177,0.85
0.05461847389558233,0.85
0.05466237942122187,0.85
0.054706355591311345,0.85
0.05475040257648953,0.85
0.0547945205479452,0.85
0.054838709677419356,0.85
0.05488297013720742,0.85
0.05492730210016155,0.85
0.0549717057396928,0.85
0.05501618122977346,0.85
0.05506072874493927,0.85
0.055105348460291734,0.85
0.055150040551500405,0.85
0.05519480519480519,0.85
0.05523964256701868,0.85
0.055284552845528454,0.85
0.05451586655817738,0.8375
0.05456026058631922,0.8375
0.05460472697636512,0.8375
0.05464926590538336,0.8375
0.054693877551020405,0.8375
0.05473856209150327,0.8375
0.05478331970564186,0.8375
0.05482815057283143,0.8375
0.054873054873054876,0.8375
0.05491803278688524,0.8375
0.054963084495488104,0.8375
0.055008210180623976,0.8375
0.05505341002465078,0.8375
0.055098684210526314,0.8375
0.0551440329218107,0.8375
0.05518945634266886,0.8375
0.055234954657873044,0.8375
0.05528052805280528,0.8375
0.05532617671345995,0.8375
0.05537190082644628,0.8375
0.055417700578990904,0.8375
0.055463576158940396,0.8375
0.05550952775476388,0.8375
0.05555555555555555,0.8375
0.05560165975103734,0.8375
0.05564784053156146,0.8375
0.05569409808811305,0.8375
0.05574043261231281,0.8375
0.05578684429641965,0.8375
0.05583333333333333,0.8375
0.05587989991659716,0.8375
0.055926544240400666,0.8375
0.055973266499582286,0.8375
0.056020066889632104,0.8375
0.05606694560669456,0.8375
0.05611390284757119,0.8375
0.056160938809723386,0.8375
0.05620805369127517,0.8375
0.056255247691015954,0.8375
0.05630252100840336,0.8375
0.056349873843566024,0.8375
0.0563973063973064,0.8375
0.05644481887110362,0.8375
0.05649241146711636,0.8375
0.056540084388185655,0.8375
0.056587837837837836,0.8375
0.0566356720202874,0.8375
0.05668358714043993,0.8375
0.056731583403895,0.8375
0.05677966101694915,0.8375
0.056827820186598814,0.8375
0.056876061120543296,0.8375
0.05692438402718777,0.8375
0.05697278911564626,0.8375
0.05702127659574468,0.8375
0.05706984667802385,0.8375
0.05711849957374254,0.8375
0.05716723549488054,0.8375
0.05721605465414176,0.8375
0.05726495726495726,0.8375
0.05731394354148845,0.8375
0.05736301369863014,0.8375
0.05741216795201371,0.8375
0.057461406518010294,0.8375
0.05751072961373391,0.8375
0.05756013745704467,0.8375
0.05760963026655202,0.8375
0.0576592082616179,0.8375
0.05770887166236004,0.8375
0.05775862068965517,0.8375
0.057808455565142365,0.8375
0.05785837651122625,0.8375
0.05790838375108038,0.8375
0.05795847750865052,0.8375
0.05800865800865801,0.8375
0.05805892547660312,0.8375
0.058109280138768434,0.8375
0.058159722222222224,0.8375
0.05821025195482189,0.8375
0.058260869565217394,0.8375
0.058311575282854654,0.8375
0.05836236933797909,0.8375
0.05841325196163906,0.8375
0.05846422338568935,0.8375
0.05851528384279476,0.8375
0.05856643356643357,0.8375
0.05861767279090114,0.8375
0.05866900175131348,0.8375
0.058720420683610865,0.8375
0.058771929824561406,0.8375
0.058823529411764705,0.8375
0.058875219683655534,0.8375
0.058927000879507474,0.8375
0.05897887323943662,0.8375
0.059030837004405284,0.8375
0.059082892416225746,0.8375
0.05913503971756399,0.8375
0.05918727915194346,0.8375
0.0592396109637489,0.8375
0.05929203539823009,0.8375
0.05934455270150576,0.8375
0.05939716312056738,0.8375
0.05944986690328305,0.8375
0.05950266429840142,0.8375
0.059555555555555556,0.8375
0.059608540925266906,0.8375
0.05966162065894924,0.8375
0.059714795008912656,0.8375
0.05976806422836753,0.8375
0.059821428571428574,0.8375
0.05987488829311886,0.8375
0.05992844364937388,0.8375
0.05998209489704566,0.8375
0.06003584229390681,0.8375
0.060089686098654706,0.8375
0.06014362657091562,0.8375
0.06019766397124888,0.8375
0.06025179856115108,0.8375
0.06030603060306031,0.8375
0.06036036036036036,0.8375
0.060414788097385035,0.8375
0.06046931407942238,0.8375
0.06052393857271906,0.8375
0.06057866184448463,0.8375
0.06063348416289593,0.8375
0.06068840579710145,0.8375
0.06074342701722575,0.8375
0.060798548094373864,0.8375
0.06085376930063579,0.8375
0.060909090909090906,0.8375
0.060964513193812554,0.8375
0.0610200364298725,0.8375
0.061075660893345485,0.8375
0.06113138686131387,0.8375
0.06118721461187215,0.8375
0.061243144424131625,0.8375
0.06129917657822507,0.8375
0.06135531135531135,0.8375
0.0614115490375802,0.8375
0.061467889908256884,0.8375
0.06152433425160698,0.8375
0.06158088235294118,0.8375
0.061637534498620056,0.8375
0.061694290976058934,0.8375
0.06175115207373272,0.8375
0.061808118081180814,0.8375
0.061865189289012,0.8375
0.06192236598890943,0.8375
0.061979648473635525,0.8375
0.062037037037037036,0.8375
0.06209453197405004,0.8375
0.06215213358070501,0.8375
0.06220984215413185,0.8375
0.062267657992565055,0.8375
0.062325581395348835,0.8375
0.061452513966480445,0.825
0.06150978564771668,0.825
0.061567164179104475,0.825
0.06162464985994398,0.825
0.0616822429906542,0.825
0.0617399438727783,0.825
0.06179775280898876,0.825
0.061855670103092786,0.825
0.06191369606003752,0.825
0.061971830985915494,0.825
0.06203007518796992,0.825
0.062088428974600186,0.825
0.062146892655367235,0.825
0.06220546654099906,0.825
0.062264150943396226,0.825
0.06232294617563739,0.825
0.062381852551984876,0.825
0.06244087038789026,0.825
0.0625,0.825
0.06255924170616113,0.825
0.06261859582542695,0.825
0.06267806267806268,0.825
0.06273764258555133,0.825
0.06279733587059944,0.825
0.06285714285714286,0.825
0.06291706387035272,0.825
0.06297709923664122,0.825
0.06208213944603629,0.8125
0.0621414913957935,0.8125
0.06220095693779904,0.8125
0.06226053639846743,0.8125
0.062320230105465,0.8125
0.06238003838771593,0.8125
0.06243996157540826,0.8125
0.0625,0.8125
0.06256015399422522,0.8125
0.0626204238921002,0.8125
0.0626808100289296,0.8125
0.06177606177606178,0.8
0.06183574879227053,0.8
0.061895551257253385,0.8
0.061955469506292354,0.8
0.06201550387596899,0.8
0.06207565470417071,0.8
0.062135922330097085,0.8
0.062196307094266275,0.8
0.0622568093385214,0.8
0.062317429406037,0.8
0.06237816764132553,0.8
0.0624390243902439,0.8
0.0625,0.8
0.06256109481915934,0.8
0.06262230919765166,0.8
0.06268364348677767,0.8
0.06274509803921569,0.8
0.06280667320902845,0.8
0.06286836935166994,0.8
0.06293018682399214,0.8
0.06299212598425197,0.8
0.06305418719211822,0.8
0.0631163708086785,0.8
0.0631786771964462,0.8
0.06324110671936758,0.8
0.06330365974282888,0.8
0.06336633663366337,0.8
0.06342913776015857,0.8
0.06349206349206349,0.8
0.06355511420059583,0.8
0.0636182902584493,0.8
0.06368159203980099,0.8
0.06374501992031872,0.8
0.06380857427716849,0.8
0.06387225548902195,0.8
0.06293706293706294,0.7875
0.063,0.7875
0.06306306306306306,0.7875
0.06312625250501001,0.7875
0.06318956870611836,0.7875
0.06325301204819277,0.7875
0.06331658291457286,0.7875
0.06338028169014084,0.7875
0.0634441087613293,0.7875
0.06350806451612903,0.7875
0.06357214934409687,0.7875
0.06363636363636363,0.7875
0.06370070778564206,0.7875
0.06376518218623482,0.7875
0.06382978723404255,0.7875
0.06389452332657201,0.7875
0.06395939086294417,0.7875
0.06402439024390244,0.7875
0.06408952187182096,0.7875
0.06415478615071284,0.7875
0.06422018348623854,0.7875
0.06428571428571428,0.7875
0.06435137895812053,0.7875
0.06441717791411043,0.7875
0.06448311156601842,0.7875
0.06454918032786885,0.7875
0.06461538461538462,0.7875
0.0646817248459959,0.7875
0.06474820143884892,0.7875
0.06481481481481481,0.7875
0.06488156539649846,0.7875
0.06494845360824743,0.7875
0.06501547987616099,0.7875
0.06508264462809918,0.7875
0.06514994829369183,0.7875
0.06521739130434782,0.7875
0.06528497409326425,0.7875
0.06535269709543569,0.7875
0.06542056074766354,0.7875
0.06548856548856549,0.7875
0.06555671175858481,0.7875
0.065625,0.7875
0.06569343065693431,0.7875
0.06576200417536535,0.7875
0.06583072100313479,0.7875
0.06589958158995816,0.7875
0.06596858638743455,0.7875
0.0649895178197065,0.775
0.06505771248688352,0.775
0.06512605042016807,0.775
0.06519453207150368,0.775
0.06526315789473684,0.775
0.06533192834562697,0.775
0.06540084388185655,0.775
0.06546990496304118,0.775
0.06553911205073996,0.775
0.0656084656084656,0.775
0.06567796610169492,0.775
0.06574761399787911,0.775
0.06581740976645435,0.775
0.06588735387885228,0.775
0.06595744680851064,0.775
0.06602768903088392,0.775
0.06609808102345416,0.775
0.06616862326574173,0.775
0.06623931623931624,0.775
0.06631016042780749,0.775
0.06638115631691649,0.775
0.06645230439442658,0.775
0.06652360515021459,0.775
0.06659505907626208,0.775
0.06666666666666667,0.775
0.06673842841765339,0.775
0.0668103448275862,0.775
0.0668824163969795,0.775
0.06695464362850972,0.775
0.06702702702702702,0.775
0.0670995670995671,0.775
0.06717226435536294,0.775
0.06724511930585683,0.775
0.06731813246471227,0.775
0.06739130434782609,0.775
0.06746463547334058,0.775
0.06753812636165578,0.775
0.06761177753544166,0.775
0.06768558951965066,0.775
0.06775956284153005,0.775
0.06783369803063458,0.775
0.06790799561883899,0.775
0.06798245614035088,0.775
0.06805708013172337,0.775
0.06813186813186813,0.775
0.06820682068206821,0.775
0.06828193832599119,0.775
0.06835722160970231,0.775
0.0684326710816777,0.775
0.06740331491712707,0.7625
0.06747787610619468,0.7625
0.06755260243632337,0.7625
0.06762749445676275,0.7625
0.06770255271920089,0.7625
0.06777777777777778,0.7625
0.067853170189099,0.7625
0.06792873051224944,0.7625
0.06800445930880714,0.7625
0.06808035714285714,0.7625
0.06815642458100558,0.7625
0.06823266219239374,0.7625
0.0683090705487122,0.7625
0.06838565022421525,0.7625
0.06846240179573512,0.7625
0.06853932584269663,0.7625
0.0686164229471316,0.7625
0.0686936936936937,0.7625
0.06877113866967305,0.7625
0.06884875846501129,0.7625
0.06892655367231638,0.7625
0.06900452488687783,0.7625
0.06908267270668177,0.7625
0.0691609977324263,0.7625
0.06923950056753689,0.7625
0.06931818181818182,0.7625
0.06939704209328783,0.7625
0.06947608200455581,0.7625
0.06955530216647662,0.7625
0.06963470319634703,0.7625
0.06971428571428571,0.7625
0.06979405034324943,0.7625
0.06987399770904926,0.7625
0.06995412844036697,0.7625
0.07003444316877153,0.7625
0.07011494252873564,0.7625
0.07019562715765247,0.7625
0.07027649769585254,0.7625
0.07035755478662054,0.7625
0.07043879907621248,0.7625
0.07052023121387284,0.7625
0.07060185185185185,0.7625
0.07068366164542295,0.7625
0.07076566125290024,0.7625
0.07084785133565621,0.7625
0.07093023255813953,0.7625
0.0710128055878929,0.7625
0.07109557109557109,0.7625
0.07117852975495916,0.7625
0.07126168224299065,0.7625
0.07134502923976609,0.7625
0.07142857142857142,0.7625
0.07033997655334115,0.75
0.07042253521126761,0.75
0.07050528789659224,0.75
0.07058823529411765,0.75
0.0706713780918728,0.75
0.07075471698113207,0.75
0.07083825265643448,0.75
0.06973995271867613,0.7375
0.06982248520710059,0.7375
0.06990521327014218,0.7375
0.06998813760379596,0.7375
0.07007125890736342,0.7375
0.07015457788347206,0.7375
0.07023809523809524,0.7375
0.07032181168057211,0.7375
0.07040572792362769,0.7375
0.07048984468339307,0.7375
0.07057416267942583,0.7375
0.07065868263473053,0.7375
0.07074340527577938,0.7375
0.07082833133253301,0.7375
0.07091346153846154,0.7375
0.07099879663056559,0.7375
0.07108433734939759,0.7375
0.07117008443908324,0.7375
0.07125603864734299,0.7375
0.07134220072551391,0.7375
0.07142857142857142,0.7375
0.07151515151515152,0.7375
0.07160194174757281,0.7375
0.07168894289185905,0.7375
0.07177615571776155,0.7375
0.07186358099878197,0.7375
0.07195121951219512,0.7375
0.07203907203907203,0.7375
0.07212713936430318,0.7375
0.07221542227662178,0.7375
0.07230392156862746,0.7375
0.07239263803680981,0.7375
0.07125307125307126,0.725
0.07134071340713408,0.725
0.07142857142857142,0.725
0.07151664611590629,0.725
0.07160493827160494,0.725
0.07169344870210136,0.725
0.07178217821782178,0.725
0.07187112763320942,0.725
0.07196029776674938,0.725
0.07204968944099378,0.725
0.07213930348258707,0.725
0.0722291407222914,0.725
0.07231920199501247,0.725
0.07240948813982521,0.725
0.0725,0.725
0.07259073842302878,0.725
0.07268170426065163,0.725
0.07277289836888332,0.725
0.0728643216080402,0.725
0.0729559748427673,0.725
0.07304785894206549,0.725
0.07313997477931904,0.725
0.07323232323232323,0.725
0.07332490518331226,0.725
0.07341772151898734,0.725
0.07351077313054499,0.725
0.07360406091370558,0.725
0.07369758576874205,0.725
0.0737913486005089,0.725
0.07388535031847134,0.725
0.07397959183673469,0.725
0.07407407407407407,0.725
0.0741687979539642,0.725
0.07426376440460948,0.725
0.07435897435897436,0.725
0.07445442875481387,0.725
0.07455012853470437,0.725
0.07464607464607464,0.725
0.07474226804123711,0.725
0.07483870967741936,0.725
0.07493540051679587,0.725
0.07503234152652005,0.725
0.07383419689119171,0.7125
0.07392996108949416,0.7125
0.07402597402597402,0.7125
0.0741222366710013,0.7125
0.07421875,0.7125
0.07431551499348109,0.7125
0.07441253263707572,0.7125
0.07450980392156863,0.7125
0.07460732984293193,0.7125
0.07470511140235911,0.7125
0.07480314960629922,0.7125
0.07490144546649145,0.7125
0.07368421052631578,0.7
0.07378129117259552,0.7
0.07387862796833773,0.7
0.07397622192866579,0.7
0.07407407407407407,0.7
0.07417218543046358,0.7
0.07427055702917772,0.7
0.07436918990703852,0.7
0.07446808510638298,0.7
0.07456724367509987,0.7
0.07466666666666667,0.7
0.07476635514018691,0.7
0.0748663101604278,0.7
0.0749665327978581,0.7
0.07506702412868632,0.7
0.07516778523489932,0.7
0.07526881720430108,0.7
0.07537012113055182,0.7
0.07547169811320754,0.7
0.07557354925775979,0.7
0.07567567567567568,0.7
0.07577807848443843,0.7
0.07588075880758807,0.7
0.07598371777476255,0.7
0.07608695652173914,0.7
0.0761904761904762,0.7
0.07629427792915532,0.7
0.07639836289222374,0.7
0.07650273224043716,0.7
0.07660738714090287,0.7
0.07671232876712329,0.7
0.07681755829903979,0.7
0.07692307692307693,0.7
0.07702888583218707,0.7
0.07713498622589532,0.7
0.07724137931034483,0.7
0.07734806629834254,0.7
0.07745504840940526,0.7
0.07756232686980609,0.7
0.07766990291262135,0.7
0.07777777777777778,0.7
0.07788595271210014,0.7
0.07799442896935933,0.7
0.07810320781032078,0.7
0.0782122905027933,0.7
0.07832167832167833,0.7
0.0784313725490196,0.7
0.0785413744740533,0.7
0.07865168539325842,0.7
0.07876230661040788,0.7
0.07887323943661972,0.7
0.07757404795486601,0.6875
0.07768361581920905,0.6875
0.07779349363507779,0.6875
0.07790368271954674,0.6875
0.07801418439716312,0.6875
0.078125,0.6875
0.07823613086770982,0.6875
0.07834757834757834,0.6875
0.07845934379457917,0.6875
0.07857142857142857,0.6875
0.07868383404864092,0.6875
0.07879656160458452,0.6875
0.07890961262553801,0.6875
0.07902298850574713,0.6875
0.0776978417266187,0.675
0.07636887608069164,0.6625
0.07647907647907648,0.6625
0.07658959537572255,0.6625
0.07670043415340087,0.6625
0.07681159420289856,0.6625
0.07692307692307693,0.6625
0.0755813953488372,0.65
0.07569141193595343,0.65
0.07580174927113703,0.65
0.07591240875912408,0.65
0.07602339181286549,0.65
0.07613469985358712,0.65
0.07624633431085044,0.65
0.0763582966226138,0.65
0.07647058823529412,0.65
0.07658321060382917,0.65
0.07669616519174041,0.65
0.07680945347119646,0.65
0.07692307692307693,0.65
0.07703703703703704,0.65
0.0771513353115727,0.65
0.07726597325408618,0.65
0.07738095238095238,0.65
0.07749627421758569,0.65
0.07761194029850746,0.65
0.07772795216741404,0.65
0.07784431137724551,0.65
0.07796101949025487,0.65
0.07807807807807808,0.65
0.07819548872180451,0.65
0.0783132530120482,0.65
0.0784313725490196,0.65
0.0770392749244713,0.6375
0.07715582450832073,0.6375
0.07727272727272727,0.6375
0.07738998482549317,0.6375
0.07750759878419453,0.6375
0.0776255707762557,0.6375
0.07774390243902439,0.6375
0.07786259541984733,0.6375
0.0779816513761468,0.6375
0.0781010719754977,0.6375
0.07822085889570553,0.6375
0.07834101382488479,0.6375
0.07846153846153846,0.6375
0.07858243451463791,0.6375
0.0787037037037037,0.6375
0.07882534775888717,0.6375
0.07894736842105263,0.6375
0.07906976744186046,0.6375
0.07763975155279502,0.625
0.07776049766718507,0.625
0.0778816199376947,0.625
0.078003120124805,0.625
0.078125,0.625
0.0782472613458529,0.625
0.07836990595611286,0.625
0.07849293563579278,0.625
0.0770440251572327,0.6125
0.07716535433070866,0.6125
0.07728706624605679,0.6125
0.07740916271721959,0.6125
0.07753164556962025,0.6125
0.07606973058637084,0.6
0.0761904761904762,0.6
0.07631160572337042,0.6
0.07643312101910828,0.6
0.07655502392344497,0.6
0.07667731629392971,0.6
0.0768,0.6
0.07692307692307693,0.6
0.07704654895666131,0.6
0.07717041800643087,0.6
0.07729468599033816,0.6
0.07741935483870968,0.6
0.07754442649434572,0.6
0.07766990291262135,0.6
0.07779578606158834,0.6
0.07792207792207792,0.6
0.07804878048780488,0.6
0.0781758957654723,0.6
0.07830342577487764,0.6
0.0784313725490196,0.6
0.07855973813420622,0.6
0.07868852459016394,0.6
0.07881773399014778,0.6
0.07894736842105263,0.6
0.07907742998352553,0.6
0.07920792079207921,0.6
0.07933884297520662,0.6
0.07947019867549669,0.6
0.07960199004975124,0.6
0.07973421926910298,0.6
0.07986688851913477,0.6
0.08,0.6
0.08013355592654424,0.6
0.0802675585284281,0.6
0.08040201005025126,0.6
0.08053691275167785,0.6
0.08067226890756303,0.6
0.08080808080808081,0.6
0.08094435075885328,0.6
0.08108108108108109,0.6
0.08121827411167512,0.6
0.07966101694915254,0.5875
0.07979626485568761,0.5875
0.07993197278911565,0.5875
0.08006814310051108,0.5875
0.08020477815699659,0.5875
0.08034188034188035,0.5875
0.08047945205479452,0.5875
0.08061749571183534,0.5875
0.08075601374570447,0.5875
0.08089500860585198,0.5875
0.08103448275862069,0.5875
0.08117443868739206,0.5875
0.08131487889273356,0.5875
0.08145580589254767,0.5875
0.08159722222222222,0.5875
0.0817391304347826,0.5875
0.08188153310104529,0.5875
0.08202443280977312,0.5875
0.08216783216783216,0.5875
0.08056042031523643,0.575
0.08070175438596491,0.575
0.08084358523725835,0.575
0.08098591549295775,0.575
0.08112874779541446,0.575
0.0812720848056537,0.575
0.08141592920353982,0.575
0.0797872340425532,0.5625
0.07992895204262877,0.5625
0.0800711743772242,0.5625
0.08021390374331551,0.5625
0.08035714285714286,0.5625
0.08050089445438283,0.5625
0.08064516129032258,0.5625
0.0807899461400359,0.5625
0.08093525179856115,0.5625
0.08108108108108109,0.5625
0.07942238267148015,0.55
0.07956600361663653,0.55
0.07971014492753623,0.55
0.07985480943738657,0.55
0.08,0.55
0.08014571948998178,0.55
0.08029197080291971,0.55
0.08043875685557587,0.55
0.08058608058608059,0.55
0.08073394495412844,0.55
0.08088235294117647,0.55
0.08103130755064457,0.55
0.08118081180811808,0.55
0.08133086876155268,0.55
0.08148148148148149,0.55
0.08163265306122448,0.55
0.08178438661710037,0.55
0.08193668528864059,0.55
0.08208955223880597,0.55
0.08224299065420561,0.55
0.08239700374531835,0.55
0.0825515947467167,0.55
0.08270676691729323,0.55
0.08286252354048965,0.55
0.0830188679245283,0.55
0.0831758034026465,0.55
0.08333333333333333,0.55
0.08159392789373814,0.5375
0.0817490494296578,0.5375
0.08190476190476191,0.5375
0.08206106870229007,0.5375
0.08221797323135756,0.5375
0.08237547892720307,0.5375
0.08253358925143954,0.5375
0.08269230769230769,0.5375
0.08285163776493257,0.5375
0.08301158301158301,0.5375
0.08317214700193423,0.5375
0.08333333333333333,0.5375
0.08155339805825243,0.525
0.08171206225680934,0.525
0.08187134502923976,0.525
0.08203125,0.525
0.0821917808219178,0.525
0.08235294117647059,0.525
0.0825147347740668,0.525
0.08267716535433071,0.525
0.08284023668639054,0.525
0.08300395256916997,0.525
0.08316831683168317,0.525
0.08333333333333333,0.525
0.08349900596421471,0.525
0.08366533864541832,0.525
0.08383233532934131,0.525
0.084,0.525
0.0841683366733467,0.525
0.08433734939759036,0.525
0.08450704225352113,0.525
0.0846774193548387,0.525
0.08484848484848485,0.525
0.08502024291497975,0.525
0.08519269776876268,0.525
0.08536585365853659,0.525
0.0855397148676171,0.525
0.08571428571428572,0.525
0.08588957055214724,0.525
0.0860655737704918,0.525
0.08624229979466119,0.525
0.08641975308641975,0.525
0.0865979381443299,0.525
0.08677685950413223,0.525
0.08695652173913043,0.525
0.08713692946058091,0.525
0.08731808731808732,0.525
0.0875,0.525
0.08768267223382047,0.525
0.08786610878661087,0.525
0.0880503144654088,0.525
0.08823529411764706,0.525
0.08842105263157894,0.525
0.08860759493670886,0.525
0.08879492600422834,0.525
0.08898305084745763,0.525
0.08917197452229299,0.525
0.08936170212765958,0.525
0.08955223880597014,0.525
0.08974358974358974,0.525
0.08993576017130621,0.525
0.09012875536480687,0.525
0.09032258064516129,0.525
0.09051724137931035,0.525
0.08855291576673865,0.5125
0.08874458874458875,0.5125
0.08893709327548807,0.5125
0.0891304347826087,0.5125
0.08932461873638345,0.5125
0.08951965065502183,0.5125
0.08971553610503283,0.5125
0.08991228070175439,0.5125
0.08791208791208792,0.5
0.0881057268722467,0.5
0.08830022075055188,0.5
0.08849557522123894,0.5
0.08647450110864745,0.4875
0.08666666666666667,0.4875
0.08685968819599109,0.4875
0.08705357142857142,0.4875
0.087248322147651,0.4875
0.08520179372197309,0.475
0.08314606741573034,0.4625
0.08333333333333333,0.4625
0.0835214446952596,0.4625
0.083710407239819,0.4625
0.08390022675736962,0.4625
0.08181818181818182,0.45
0.08200455580865604,0.45
0.0821917808219178,0.45
0.08237986270022883,0.45
0.08256880733944955,0.45
0.08275862068965517,0.45
0.08294930875576037,0.45
0.08314087759815242,0.45
0.08333333333333333,0.45
0.08352668213457076,0.45
0.08372093023255814,0.45
0.08391608391608392,0.45
0.08411214953271028,0.45
0.08430913348946135,0.45
0.08450704225352113,0.45
0.08470588235294117,0.45
0.08490566037735849,0.45
0.0851063829787234,0.45
0.08530805687203792,0.45
0.0831353919239905,0.4375
0.08333333333333333,0.4375
0.08353221957040573,0.4375
0.08373205741626795,0.4375
0.08393285371702638,0.4375
0.08413461538461539,0.4375
0.08433734939759036,0.4375
0.08454106280193237,0.4375
0.0847457627118644,0.4375
0.08495145631067962,0.4375
0.0851581508515815,0.4375
0.08536585365853659,0.4375
0.08557457212713937,0.4375
0.0857843137254902,0.4375
0.085995085995086,0.4375
0.08620689655172414,0.4375
0.08395061728395062,0.425
0.08415841584158416,0.425
0.08436724565756824,0.425
0.0845771144278607,0.425
0.08478802992518704,0.425
0.085,0.425
0.08521303258145363,0.425
0.08542713567839195,0.425
0.08564231738035265,0.425
0.08585858585858586,0.425
0.08607594936708861,0.425
0.08629441624365482,0.425
0.08651399491094147,0.425
0.08673469387755102,0.425
0.08695652173913043,0.425
0.08717948717948718,0.425
0.08740359897172237,0.425
0.08762886597938144,0.425
0.08785529715762273,0.425
0.08808290155440414,0.425
0.08831168831168831,0.425
0.08854166666666667,0.425
0.08877284595300261,0.425
0.08900523560209424,0.425
0.08923884514435695,0.425
0.08947368421052632,0.425
0.08970976253298153,0.425
0.08994708994708994,0.425
0.09018567639257294,0.425
0.09042553191489362,0.425
0.09066666666666667,0.425
0.09090909090909091,0.425
0.09115281501340483,0.425
0.0913978494623656,0.425
0.09164420485175202,0.425
0.0918918918918919,0.425
0.0921409214092141,0.425
0.09239130434782608,0.425
0.09264305177111716,0.425
0.09289617486338798,0.425
0.09315068493150686,0.425
0.09340659340659341,0.425
0.09366391184573003,0.425
0.09392265193370165,0.425
0.09418282548476455,0.425
0.09444444444444444,0.425
0.0947075208913649,0.425
0.09497206703910614,0.425
0.09523809523809523,0.425
0.09550561797752809,0.425
0.09577464788732394,0.425
0.096045197740113,0.425
0.09631728045325778,0.425
0.09659090909090909,0.425
0.09401709401709402,0.4125
0.09428571428571429,0.4125
0.09455587392550144,0.4125
0.09482758620689655,0.4125
0.09510086455331412,0.4125
0.0953757225433526,0.4125
0.09565217391304348,0.4125
0.09593023255813954,0.4125
0.09620991253644315,0.4125
0.09649122807017543,0.4125
0.0967741935483871,0.4125
0.09705882352941177,0.4125
0.09734513274336283,0.4125
0.09763313609467456,0.4125
0.09792284866468842,0.4125
0.09821428571428571,0.4125
0.0955223880597015,0.4
0.09580838323353294,0.4
0.0960960960960961,0.4
0.0963855421686747,0.4
0.09667673716012085,0.4
0.09696969696969697,0.4
0.0972644376899696,0.4
0.0975609756097561,0.4
0.09785932721712538,0.4
0.09815950920245399,0.4
0.09846153846153846,0.4
0.09876543209876543,0.4
0.09907120743034056,0.4
0.09937888198757763,0.4
0.09968847352024922,0.4
0.1,0.4
0.10031347962382445,0.4
0.10062893081761007,0.4
0.10094637223974763,0.4
0.10126582278481013,0.4
0.10158730158730159,0.4
0.10191082802547771,0.4
0.10223642172523961,0.4
0.09935897435897435,0.3875
0.09967845659163987,0.3875
0.1,0.3875
0.10032362459546926,0.3875
0.10064935064935066,0.3875
0.10097719869706841,0.3875
0.10130718954248366,0.3875
0.10163934426229508,0.3875
0.10197368421052631,0.3875
0.10231023102310231,0.3875
0.10264900662251655,0.3875
0.10299003322259136,0.3875
0.10333333333333333,0.3875
0.10367892976588629,0.3875
0.1040268456375839,0.3875
0.10437710437710437,0.3875
0.10135135135135136,0.375
0.1016949152542373,0.375
0.10204081632653061,0.375
0.10238907849829351,0.375
0.09931506849315068,0.3625
0.09965635738831616,0.3625
0.1,0.3625
0.10034602076124567,0.3625
0.10069444444444445,0.3625
0.10104529616724739,0.3625
0.10139860139860139,0.3625
0.09824561403508772,0.35
0.09859154929577464,0.35
0.0989399293286219,0.35
0.09574468085106383,0.3375
0.09252669039145907,0.325
0.09285714285714286,0.325
0.0931899641577061,0.325
0.09352517985611511,0.325
0.09386281588447654,0.325
0.09420289855072464,0.325
0.09454545454545454,0.325
0.0948905109489051,0.325
0.09523809523809523,0.325
0.09558823529411764,0.325
0.0959409594095941,0.325
0.0962962962962963,0.325
0.09665427509293681,0.325
0.09328358208955224,0.3125
0.0898876404494382,0.3
0.09022556390977443,0.3
0.09056603773584905,0.3
0.09090909090909091,0.3
0.08745247148288973,0.2875
0.08778625954198473,0.2875
0.08812260536398467,0.2875
0.08846153846153847,0.2875
0.0888030888030888,0.2875
0.08527131782945736,0.275
0.08560311284046693,0.275
0.0859375,0.275
0.08627450980392157,0.275
0.08661417322834646,0.275
0.08695652173913043,0.275
0.0873015873015873,0.275
0.08764940239043825,0.275
0.088,0.275
0.08835341365461848,0.275
0.08870967741935484,0.275
0.08906882591093117,0.275
0.08943089430894309,0.275
0.08979591836734693,0.275
0.09016393442622951,0.275
0.09053497942386832,0.275
0.09090909090909091,0.275
0.0912863070539419,0.275
0.09166666666666666,0.275
0.09205020920502092,0.275
0.09243697478991597,0.275
0.09282700421940929,0.275
0.09322033898305085,0.275
0.09361702127659574,0.275
0.09401709401709402,0.275
0.0944206008583691,0.275
0.09482758620689655,0.275
0.09090909090909091,0.2625
0.09130434782608696,0.2625
0.09170305676855896,0.2625
0.09210526315789473,0.2625
0.09251101321585903,0.2625
0.09292035398230089,0.2625
0.09333333333333334,0.2625
0.08928571428571429,0.25
0.08968609865470852,0.25
0.09009009009009009,0.25
0.09049773755656108,0.25
0.09090909090909091,0.25
0.0867579908675799,0.2375
0.0871559633027523,0.2375
0.08755760368663594,0.2375
0.08796296296296297,0.2375
0.08372093023255814,0.225
0.08411214953271028,0.225
0.08450704225352113,0.225
0.08490566037735849,0.225
0.08530805687203792,0.225
0.08571428571428572,0.225
0.0861244019138756,0.225
0.08653846153846154,0.225
0.08695652173913043,0.225
0.08737864077669903,0.225
0.08780487804878048,0.225
0.08823529411764706,0.225
0.08866995073891626,0.225
0.0891089108910891,0.225
0.08955223880597014,0.225
0.09,0.225
0.09045226130653267,0.225
0.09090909090909091,0.225
0.09137055837563451,0.225
0.09183673469387756,0.225
0.09230769230769231,0.225
0.09278350515463918,0.225
0.09326424870466321,0.225
0.08854166666666667,0.2125
0.08900523560209424,0.2125
0.08421052631578947,0.2
0.08465608465608465,0.2
0.0851063829787234,0.2
0.0855614973262032,0.2
0.08602150537634409,0.2
0.08648648648648649,0.2
0.08695652173913043,0.2
0.08743169398907104,0.2
0.08791208791208792,0.2
0.08839779005524862,0.2
0.08888888888888889,0.2
0.0893854748603352,0.2
0.0898876404494382,0.2
0.0903954802259887,0.2
0.09090909090909091,0.2
0.09142857142857143,0.2
0.08620689655172414,0.1875
0.08670520231213873,0.1875
0.0872093023255814,0.1875
0.08771929824561403,0.1875
0.08823529411764706,0.1875
0.08875739644970414,0.1875
0.08928571428571429,0.1875
0.08982035928143713,0.1875
0.09036144578313253,0.1875
0.09090909090909091,0.1875
0.09146341463414634,0.1875
0.09202453987730061,0.1875
0.09259259259259259,0.1875
0.09316770186335403,0.1875
0.09375,0.1875
0.09433962264150944,0.1875
0.0949367088607595,0.1875
0.09554140127388536,0.1875
0.09615384615384616,0.1875
0.09032258064516129,0.175
0.09090909090909091,0.175
0.0915032679738562,0.175
0.09210526315789473,0.175
0.09271523178807947,0.175
0.09333333333333334,0.175
0.09395973154362416,0.175
0.08783783783783784,0.1625
0.08843537414965986,0.1625
0.08904109589041095,0.1625
0.0896551724137931,0.1625
0.09027777777777778,0.1625
0.09090909090909091,0.1625
0.09154929577464789,0.1625
0.0851063829787234,0.15
0.08571428571428572,0.15
0.08633093525179857,0.15
0.08695652173913043,0.15
0.08029197080291971,0.1375
0.08088235294117647,0.1375
0.08148148148148149,0.1375
0.08208955223880597,0.1375
0.08270676691729323,0.1375
0.08333333333333333,0.1375
0.08396946564885496,0.1375
0.08461538461538462,0.1375
0.08527131782945736,0.1375
0.0859375,0.1375
0.08661417322834646,0.1375
0.0873015873015873,0.1375
0.088,0.1375
0.08870967741935484,0.1375
0.08943089430894309,0.1375
0.09016393442622951,0.1375
0.08264462809917356,0.125
0.08333333333333333,0.125
0.08403361344537816,0.125
0.0847457627118644,0.125
0.08547008547008547,0.125
0.08620689655172414,0.125
0.08695652173913043,0.125
0.08771929824561403,0.125
0.08849557522123894,0.125
0.08928571428571429,0.125
0.09009009009009009,0.125
0.09090909090909091,0.125
0.09174311926605505,0.125
0.09259259259259259,0.125
0.09345794392523364,0.125
0.08490566037735849,0.1125
0.08571428571428572,0.1125
0.08653846153846154,0.1125
0.08737864077669903,0.1125
0.08823529411764706,0.1125
0.0891089108910891,0.1125
0.09,0.1125
0.09090909090909091,0.1125
0.09183673469387756,0.1125
0.09278350515463918,0.1125
0.09375,0.1125
0.09473684210526316,0.1125
0.09574468085106383,0.1125
0.0967741935483871,0.1125
0.09782608695652174,0.1125
0.0989010989010989,0.1125
0.1,0.1125
0.10112359550561797,0.1125
0.10227272727272728,0.1125
0.10344827586206896,0.1125
0.10465116279069768,0.1125
0.10588235294117647,0.1125
0.09523809523809523,0.1
0.0963855421686747,0.1
0.0975609756097561,0.1
0.09876543209876543,0.1
0.1,0.1
0.10126582278481013,0.1
0.10256410256410256,0.1
0.1038961038961039,0.1
0.10526315789473684,0.1
0.10666666666666667,0.1
0.0945945945945946,0.0875
0.0958904109589041,0.0875
0.09722222222222222,0.0875
0.09859154929577464,0.0875
0.1,0.0875
0.10144927536231885,0.0875
0.10294117647058823,0.0875
0.1044776119402985,0.0875
0.10606060606060606,0.0875
0.1076923076923077,0.0875
0.109375,0.0875
0.1111111111111111,0.0875
0.11290322580645161,0.0875
0.11475409836065574,0.0875
0.11666666666666667,0.0875
0.11864406779661017,0.0875
0.1206896551724138,0.0875
0.12280701754385964,0.0875
0.125,0.0875
0.12727272727272726,0.0875
0.12962962962962962,0.0875
0.1320754716981132,0.0875
0.1346153846153846,0.0875
0.13725490196078433,0.0875
0.12,0.075
0.12244897959183673,0.075
0.125,0.075
0.1276595744680851,0.075
0.13043478260869565,0.075
0.13333333333333333,0.075
0.13636363636363635,0.075
0.13953488372093023,0.075
0.14285714285714285,0.075
0.14634146341463414,0.075
0.15,0.075
0.15384615384615385,0.075
0.13157894736842105,0.0625
0.13513513513513514,0.0625
0.1388888888888889,0.0625
0.14285714285714285,0.0625
0.14705882352941177,0.0625
0.12121212121212122,0.05
0.125,0.05
0.12903225806451613,0.05
0.13333333333333333,0.05
0.13793103448275862,0.05
0.14285714285714285,0.05
0.14814814814814814,0.05
0.15384615384615385,0.05
0.16,0.05
0.16666666666666666,0.05
0.17391304347826086,0.05
0.18181818181818182,0.05
0.19047619047619047,0.05
0.15,0.0375
0.15789473684210525,0.0375
0.16666666666666666,0.0375
0.17647058823529413,0.0375
0.1875,0.0375
0.2,0.0375
0.21428571428571427,0.0375
0.23076923076923078,0.0375
0.25,0.0375
0.2727272727272727,0.0375
0.3,0.0375
0.2222222222222222,0.025
0.25,0.025
0.2857142857142857,0.025
0.16666666666666666,0.0125
0.2,0.0125
0.0,0.0
0.0,0.0
0.0,0.0
0.0,0.0
1.0,0.0
