Precision,Recall
0.03968253968253968,1.0
0.039205955334987594,0.9875
0.03922542204568024,0.9875
0.039244908097367116,0.9875
0.03926441351888668,0.9875
0.03928393833913476,0.9875
0.039303482587064675,0.9875
0.039323046291687404,0.9875
0.03934262948207171,0.9875
0.0393622321873443,0.9875
0.03938185443668993,0.9875
0.03940149625935162,0.9875
0.03942115768463074,0.9875
0.03944083874188717,0.9875
0.039460539460539464,0.9875
0.03948025987006497,0.9875
0.0395,0.9875
0.03951975987993997,0.9875
0.03953953953953954,0.9875
0.039559339008512766,0.9875
0.039579158316633264,0.9875
0.039598997493734335,0.9875
0.03961885656970913,0.9875
0.03963873557451079,0.9875
0.03965863453815261,0.9875
0.03967855349070819,0.9875
0.03969849246231156,0.9875
0.03971845148315736,0.9875
0.039738430583501,0.9875
0.03975842979365878,0.9875
0.039778449144008056,0.9875
0.039798488664987405,0.9875
0.039818548387096774,0.9875
0.03983862834089763,0.9875
0.03985872855701312,0.9875
0.039878849066128215,0.9875
0.0398989898989899,0.9875
0.03991915108640728,0.9875
0.03993933265925177,0.9875
0.03995953464845726,0.9875
0.039979757085020245,0.9875
0.04,0.9875
0.04002026342451875,0.9875
0.04004054738976178,0.9875
0.04006085192697769,0.9875
0.040081177067478435,0.9875
0.04010152284263959,0.9875
0.04012188928390046,0.9875
0.04014227642276423,0.9875
0.04016268429079817,0.9875
0.04018311291963377,0.9875
0.04020356234096692,0.9875
0.040224032586558045,0.9875
0.040244523688232295,0.9875
0.040265035677879715,0.9875
0.04028556858745538,0.9875
0.04030612244897959,0.9875
0.04032669729453803,0.9875
0.04034729315628192,0.9875
0.0403679100664282,0.9875
0.040388548057259714,0.9875
0.04040920716112532,0.9875
0.040429887410440124,0.9875
0.04045058883768561,0.9875
0.04047131147540984,0.9875
0.040492055356227574,0.9875
0.04051282051282051,0.9875
0.040533606977937404,0.9875
0.04055441478439425,0.9875
0.040575243965074476,0.9875
0.040596094552929084,0.9875
0.04061696658097686,0.9875
0.04063786008230453,0.9875
0.040658775090066906,0.9875
0.040679711637487126,0.9875
0.04070066975785677,0.9875
0.040721649484536084,0.9875
0.0407426508509541,0.9875
0.04076367389060888,0.9875
0.04078471863706763,0.9875
0.040805785123966945,0.9875
0.04082687338501292,0.9875
0.040847983453981385,0.9875
0.04086911536471805,0.9875
0.04089026915113872,0.9875
0.04091144484722942,0.9875
0.04093264248704663,0.9875
0.04095386210471747,0.9875
0.040975103734439834,0.9875
0.04099636741048261,0.9875
0.04101765316718588,0.9875
0.04103896103896104,0.9875
0.04106029106029106,0.9875
0.041081643265730626,0.9875
0.041103017689906346,0.9875
0.04112441436751692,0.9875
0.04114583333333333,0.9875
0.04116727462219906,0.9875
0.04118873826903024,0.9875
0.04121022430881586,0.9875
0.04123173277661795,0.9875
0.0412532637075718,0.9875
0.041274817136886105,0.9875
0.041296393099843176,0.9875
0.04131799163179916,0.9875
0.041339612768184195,0.9875
0.041361256544502616,0.9875
0.04138292299633316,0.9875
0.04140461215932914,0.9875
0.041426324069218666,0.9875
0.041448058761804824,0.9875
0.04146981627296588,0.9875
0.04149159663865546,0.9875
0.04151339989490278,0.9875
0.04153522607781283,0.9875
0.041031036296685953,0.975
0.04105263157894737,0.975
0.04107424960505529,0.975
0.0410958904109589,0.975
0.04111755403268318,0.975
0.04113924050632911,0.975
0.04116094986807388,0.975
0.04118268215417107,0.975
0.04120443740095087,0.975
0.0412262156448203,0.975
0.041248016922263354,0.975
0.04126984126984127,0.975
0.04129168872419269,0.975
0.0413135593220339,0.975
0.04133545310015898,0.975
0.041357370095440084,0.975
0.041379310344827586,0.975
0.041401273885350316,0.975
0.04142326075411577,0.975
0.04144527098831031,0.975
0.04146730462519936,0.975
0.04148936170212766,0.975
0.041511442256519426,0.975
0.04153354632587859,0.975
0.04155567394778902,0.975
0.04157782515991471,0.975
0.0416,0.975
0.04108858057630736,0.9625
0.041110517885744796,0.9625
0.04113247863247863,0.9625
0.04115446285408872,0.9625
0.041176470588235294,0.9625
0.04119850187265917,0.9625
0.04122055674518201,0.9625
0.04124263524370648,0.9625
0.04126473740621651,0.9625
0.04128686327077748,0.9625
0.04130901287553648,0.9625
0.041331186258722494,0.9625
0.041353383458646614,0.9625
0.04137560451370231,0.9625
0.04139784946236559,0.9625
0.04142011834319527,0.9625
0.041442411194833155,0.9625
0.041464728056004305,0.9625
0.041487068965517244,0.9625
0.04150943396226415,0.9625
0.041531823085221145,0.9625
0.04155423637344846,0.9625
0.041576673866090715,0.9625
0.041599135602377095,0.9625
0.04162162162162162,0.9625
0.04164413196322336,0.9625
0.041666666666666664,0.9625
0.041689225771521385,0.9625
0.04171180931744312,0.9625
0.04173441734417344,0.9625
0.04175704989154013,0.9625
0.041779706999457406,0.9625
0.041802388707926165,0.9625
0.04182509505703422,0.9625
0.04184782608695652,0.9625
0.04187058183795541,0.9625
0.041893362350380846,0.9625
0.041916167664670656,0.9625
0.041938997821350764,0.9625
0.041961852861035424,0.9625
0.04198473282442748,0.9625
0.042007637752318604,0.9625
0.04203056768558952,0.9625
0.042053522665210265,0.9625
0.04207650273224044,0.9625
0.04209950792782941,0.9625
0.04212253829321663,0.9625
0.0421455938697318,0.9625
0.04216867469879518,0.9625
0.04219178082191781,0.9625
0.042214912280701754,0.9625
0.042238069116840374,0.9625
0.04226125137211855,0.9625
0.04228445908841296,0.9625
0.04230769230769231,0.9625
0.04233095107201759,0.9625
0.04235423542354235,0.9625
0.04237754540451293,0.9625
0.042400881057268726,0.9625
0.04242424242424243,0.9625
0.04244762954796031,0.9625
0.04247104247104247,0.9625
0.04249448123620309,0.9625
0.04251794588625069,0.9625
0.042541436464088395,0.9625
0.04256495301271421,0.9625
0.042588495575221236,0.9625
0.04261206419479801,0.9625
0.04263565891472868,0.9625
0.04265927977839335,0.9625
0.042682926829268296,0.9625
0.04270660011092623,0.9625
0.04273029966703663,0.9625
0.042754025541365905,0.9625
0.042777777777777776,0.9625
0.042801556420233464,0.9625
0.04282536151279199,0.9625
0.04284919309961046,0.9625
0.04287305122494432,0.9625
0.04289693593314763,0.9625
0.04292084726867335,0.9625
0.04294478527607362,0.9625
0.04296875,0.9625
0.042992741485203795,0.9625
0.043016759776536316,0.9625
0.043040804918949134,0.9625
0.043064876957494405,0.9625
0.04308897593732513,0.9625
0.04311310190369541,0.9625
0.043137254901960784,0.9625
0.043161434977578475,0.9625
0.04318564217610768,0.9625
0.043209876543209874,0.9625
0.043234138124649074,0.9625
0.04325842696629213,0.9625
0.04328274311410905,0.9625
0.04330708661417323,0.9625
0.04333145751266179,0.9625
0.04335585585585586,0.9625
0.04338028169014085,0.9625
0.04340473506200677,0.9625
0.04342921601804851,0.9625
0.04345372460496614,0.9625
0.043478260869565216,0.9625
0.04350282485875706,0.9625
0.04352741661955907,0.9625
0.04355203619909502,0.9625
0.04357668364459536,0.9625
0.04360135900339751,0.9625
0.04362606232294618,0.9625
0.04365079365079365,0.9625
0.04367555303460011,0.9625
0.04370034052213394,0.9625
0.043725156161272004,0.9625
0.04375,0.9625
0.04377487208641274,0.9625
0.04379977246871445,0.9625
0.043824701195219126,0.9625
0.043849658314350795,0.9625
0.043874643874643876,0.9625
0.04389965792474344,0.9625
0.04392470051340559,0.9625
0.043949771689497714,0.9625
0.04397487150199886,0.9625
0.044,0.9625
0.0440251572327044,0.9625
0.044050343249427915,0.9625
0.044075558099599316,0.9625
0.0441008018327606,0.9625
0.044126074498567334,0.9625
0.04415137614678899,0.9625
0.04417670682730924,0.9625
0.04420206659012629,0.9625
0.04422745548535324,0.9625
0.044252873563218394,0.9625
0.04427832087406555,0.9625
0.04430379746835443,0.9625
0.04432930339666091,0.9625
0.04435483870967742,0.9625
0.04438040345821326,0.9625
0.04440599769319493,0.9625
0.044431621465666475,0.9625
0.044457274826789836,0.9625
0.04448295782784518,0.9625
0.04450867052023121,0.9625
0.044534412955465584,0.9625
0.04456018518518518,0.9625
0.044585987261146494,0.9625
0.044611819235225954,0.9625
0.04463768115942029,0.9625
0.04466357308584687,0.9625
0.04468949506674405,0.9625
0.044715447154471545,0.9625
0.04474142940151075,0.9625
0.044767441860465114,0.9625
0.0447934845840605,0.9625
0.044819557625145515,0.9625
0.0448456610366919,0.9625
0.04487179487179487,0.9625
0.044897959183673466,0.9625
0.044924154025670945,0.9625
0.04495037945125511,0.9625
0.04497663551401869,0.9625
0.04500292226767972,0.9625
0.04502923976608187,0.9625
0.04505558806319485,0.9625
0.045081967213114756,0.9625
0.04510837727006444,0.9625
0.045134818288393906,0.9625
0.04516129032258064,0.9625
0.04518779342723005,0.9625
0.04521432765707575,0.9625
0.04524089306698002,0.9625
0.04526748971193416,0.9625
0.045294117647058825,0.9625
0.04532077692760447,0.9625
0.04534746760895171,0.9625
0.04537418974661167,0.9625
0.04540094339622641,0.9625
0.04542772861356932,0.9625
0.045454545454545456,0.9625
0.045481393975191964,0.9625
0.04550827423167849,0.9625
0.04553518628030751,0.9625
0.045562130177514794,0.9625
0.045589105979869746,0.9625
0.04561611374407583,0.9625
0.04564315352697095,0.9625
0.045670225385527875,0.9625
0.0456973293768546,0.9625
0.045724465558194774,0.9625
0.0457516339869281,0.9625
0.045778834720570746,0.9625
0.04580606781677573,0.9625
0.04583333333333333,0.9625
0.04586063132817153,0.9625
0.045887961859356376,0.9625
0.045915324985092425,0.9625
0.045942720763723154,0.9625
0.04597014925373134,0.9625
0.045997610513739545,0.9625
0.04602510460251046,0.9625
0.046052631578947366,0.9625
0.04608019150209455,0.9625
0.04610778443113772,0.9625
0.046135410425404436,0.9625
0.046163069544364506,0.9625
0.04619076184763048,0.9625
0.046218487394957986,0.9625
0.04624624624624624,0.9625
0.046274038461538464,0.9625
0.04630186410102225,0.9625
0.04632972322503008,0.9625
0.046357615894039736,0.9625
0.0463855421686747,0.9625
0.046413502109704644,0.9625
0.046441495778045835,0.9625
0.04646952323476162,0.9625
0.0464975845410628,0.9625
0.04652567975830816,0.9625
0.046553808948004836,0.9625
0.04658197217180883,0.9625
0.046610169491525424,0.9625
0.04663840096910963,0.9625
0.04666666666666667,0.9625
0.046694966646452396,0.9625
0.046723300970873786,0.9625
0.046751669702489375,0.9625
0.04678007290400972,0.9625
0.04680851063829787,0.9625
0.04683698296836983,0.9625
0.04686548995739501,0.9625
0.04689403166869671,0.9625
0.04692260816575259,0.9625
0.04695121951219512,0.9625
0.04697986577181208,0.9625
0.04700854700854701,0.9625
0.047037263286499695,0.9625
0.04706601466992665,0.9625
0.04709480122324159,0.9625
0.047123623011015914,0.9625
0.04715248009797918,0.9625
0.04718137254901961,0.9625
0.04721030042918455,0.9625
0.04723926380368098,0.9625
0.047268262737875995,0.9625
0.0472972972972973,0.9625
0.04732636754763368,0.9625
0.047355473554735544,0.9625
0.047384615384615386,0.9625
0.04741379310344827,0.9625
0.0474430067775724,0.9625
0.047472256473489516,0.9625
0.047501542257865514,0.9625
0.047530864197530866,0.9625
0.04756022235948116,0.9625
0.04758961681087762,0.9625
0.047619047619047616,0.9625
0.04764851485148515,0.9625
0.04767801857585139,0.9625
0.04770755885997522,0.9625
0.04773713577185369,0.9625
0.047766749379652605,0.9625
0.04779639975170701,0.9625
0.04782608695652174,0.9625
0.04785581106277191,0.9625
0.04788557213930348,0.9625
0.04791537025513379,0.9625
0.04794520547945205,0.9625
0.047975077881619935,0.9625
0.04800498753117207,0.9625
0.048034934497816595,0.9625
0.048064918851435705,0.9625
0.048094940662086194,0.9625
0.048125,0.9625
0.04815509693558474,0.9625
0.04818523153942428,0.9625
0.048215403882279274,0.9625
0.04824561403508772,0.9625
0.04827586206896552,0.9625
0.04830614805520703,0.9625
0.04833647206528562,0.9625
0.04836683417085427,0.9625
0.04839723444374607,0.9625
0.048427672955974846,0.9625
0.048458149779735685,0.9625
0.04848866498740554,0.9625
0.048519218651543794,0.9625
0.048549810844892814,0.9625
0.04858044164037855,0.9625
0.04861111111111111,0.9625
0.04864181933038535,0.9625
0.048672566371681415,0.9625
0.048703352308665404,0.9625
0.048734177215189876,0.9625
0.04876504116529449,0.9625
0.048795944233206594,0.9625
0.04882688649334179,0.9625
0.04885786802030457,0.9625
0.04888888888888889,0.9625
0.04891994917407878,0.9625
0.04895104895104895,0.9625
0.048982188295165395,0.9625
0.049013367281986,0.9625
0.04904458598726115,0.9625
0.049075844486934354,0.9625
0.049107142857142856,0.9625
0.04913848117421825,0.9625
0.0491698595146871,0.9625
0.049201277955271565,0.9625
0.049232736572890026,0.9625
0.04926423544465771,0.9625
0.04929577464788732,0.9625
0.04932735426008968,0.9625
0.04935897435897436,0.9625
0.04939063502245029,0.9625
0.04942233632862644,0.9625
0.04945407835581246,0.9625
0.04948586118251928,0.9625
0.049517684887459806,0.9625
0.04954954954954955,0.9625
0.0489375402446877,0.95
0.04896907216494845,0.95
0.049000644745325596,0.95
0.04903225806451613,0.95
0.04906391220142027,0.95
0.04909560723514212,0.95
0.0491273432449903,0.95
0.04915912031047866,0.95
0.04919093851132686,0.95
0.04922279792746114,0.95
0.0492546986390149,0.95
0.04928664072632944,0.95
0.04931862426995458,0.95
0.04935064935064935,0.95
0.04938271604938271,0.95
0.0494148244473342,0.95
0.0494469746258946,0.95
0.049479166666666664,0.95
0.049511400651465795,0.95
0.04954367666232073,0.95
0.04957599478147423,0.95
0.04960835509138381,0.95
0.049640757674722404,0.95
0.04967320261437908,0.95
0.04970568999345978,0.95
0.049738219895287955,0.95
0.04977079240340537,0.95
0.04980340760157274,0.95
0.049836065573770495,0.95
0.049868766404199474,0.95
0.04990151017728168,0.95
0.04993429697766097,0.95
0.049967126890203814,0.95
0.05,0.95
0.050032916392363395,0.95
0.05006587615283267,0.95
0.05009887936717205,0.95
0.05013192612137203,0.95
0.050165016501650166,0.95
0.05019815059445178,0.95
0.05023132848645076,0.95
0.05026455026455026,0.95
0.05029781601588352,0.95
0.05033112582781457,0.95
0.05036447978793903,0.95
0.050397877984084884,0.95
0.050431320504313204,0.95
0.05046480743691899,0.95
0.0504983388704319,0.95
0.05053191489361702,0.95
0.05056553559547571,0.95
0.05059920106524634,0.95
0.05063291139240506,0.95
0.050666666666666665,0.95
0.050700466977985324,0.95
0.050734312416555405,0.95
0.05076820307281229,0.95
0.05080213903743316,0.95
0.050836120401337795,0.95
0.050870147255689425,0.95
0.050904219691895514,0.95
0.05093833780160858,0.95
0.05097250167672703,0.95
0.05100671140939597,0.95
0.05104096709200806,0.95
0.051075268817204304,0.95
0.05110961667787491,0.95
0.05114401076716016,0.95
0.05117845117845118,0.95
0.05121293800539083,0.95
0.05124747134187458,0.95
0.05128205128205128,0.95
0.05131667792032411,0.95
0.051351351351351354,0.95
0.05138607167004733,0.95
0.05142083897158322,0.95
0.05145565335138795,0.95
0.051490514905149054,0.95
0.05152542372881356,0.95
0.051560379918588875,0.95
0.05091649694501019,0.9375
0.050951086956521736,0.9375
0.05098572399728076,0.9375
0.05102040816326531,0.9375
0.05105513955071477,0.9375
0.05108991825613079,0.9375
0.05112474437627812,0.9375
0.05115961800818554,0.9375
0.051194539249146756,0.9375
0.05122950819672131,0.9375
0.05126452494873548,0.9375
0.05129958960328317,0.9375
0.0513347022587269,0.9375
0.05136986301369863,0.9375
0.05140507196710076,0.9375
0.051440329218107,0.9375
0.05147563486616335,0.9375
0.05151098901098901,0.9375
0.05154639175257732,0.9375
0.0515818431911967,0.9375
0.051617343427391604,0.9375
0.05165289256198347,0.9375
0.051688490696071676,0.9375
0.05172413793103448,0.9375
0.051759834368530024,0.9375
0.05179558011049724,0.9375
0.051831375259156875,0.9375
0.05186721991701245,0.9375
0.05190311418685121,0.9375
0.05193905817174515,0.9375
0.05128205128205128,0.925
0.05131761442441054,0.925
0.05135322692574601,0.925
0.05138888888888889,0.925
0.05142460041695622,0.925
0.05146036161335188,0.925
0.05149617258176757,0.925
0.05153203342618384,0.925
0.05156794425087108,0.925
0.05160390516039052,0.925
0.051639916259595256,0.925
0.051675977653631286,0.925
0.0517120894479385,0.925
0.05174825174825175,0.925
0.05178446466060182,0.925
0.05182072829131653,0.925
0.05185704274702172,0.925
0.051893408134642355,0.925
0.051929824561403506,0.925
0.05196629213483146,0.925
0.05200281096275474,0.925
0.052039381153305204,0.925
0.05207600281491907,0.925
0.05211267605633803,0.925
0.05214940098661029,0.925
0.05218617771509168,0.925
0.05222300635144672,0.925
0.052259887005649715,0.925
0.052296819787985865,0.925
0.05233380480905234,0.925
0.052370842179759375,0.925
0.05240793201133145,0.925
0.05244507441530829,0.925
0.0524822695035461,0.925
0.0525195173882186,0.925
0.052556818181818184,0.925
0.052594171997157074,0.925
0.05263157894736842,0.925
0.052669039145907474,0.925
0.05270655270655271,0.925
0.05274411974340699,0.925
0.052781740370898715,0.925
0.05281941470378301,0.925
0.05285714285714286,0.925
0.05289492494639028,0.925
0.05293276108726753,0.925
0.052970651395848244,0.925
0.05300859598853868,0.925
0.05304659498207885,0.925
0.05308464849354376,0.925
0.05312275664034458,0.925
0.05316091954022988,0.925
0.053199137311286844,0.925
0.053237410071942444,0.925
0.05327573794096472,0.925
0.053314121037463975,0.925
0.05335255948089401,0.925
0.05339105339105339,0.925
0.053429602888086646,0.925
0.05346820809248555,0.925
0.05350686912509038,0.925
0.053545586107091175,0.925
0.05286024619840695,0.9125
0.05289855072463768,0.9125
0.05293691080493111,0.9125
0.05297532656023222,0.9125
0.053013798111837325,0.9125
0.053052325581395346,0.9125
0.05309090909090909,0.9125
0.05312954876273653,0.9125
0.05316824471959213,0.9125
0.053206997084548104,0.9125
0.05324580598103574,0.9125
0.05328467153284672,0.9125
0.053323593864134405,0.9125
0.0533625730994152,0.9125
0.053401609363569864,0.9125
0.053440702781844804,0.9125
0.05347985347985348,0.9125
0.053519061583577714,0.9125
0.05355832721936904,0.9125
0.053597650513950074,0.9125
0.05363703159441587,0.9125
0.05367647058823529,0.9125
0.05371596762325239,0.9125
0.05375552282768778,0.9125
0.05379513633014001,0.9125
0.05383480825958702,0.9125
0.05387453874538745,0.9125
0.05391432791728213,0.9125
0.05395417590539542,0.9125
0.053994082840236685,0.9125
0.0540340488527017,0.9125
0.05407407407407407,0.9125
0.054114158636026685,0.9125
0.05415430267062315,0.9125
0.054194506310319225,0.9125
0.05423476968796434,0.9125
0.05427509293680297,0.9125
0.05431547619047619,0.9125
0.054355919583023084,0.9125
0.05439642324888227,0.9125
0.053691275167785234,0.9
0.05373134328358209,0.9
0.0537714712471994,0.9
0.053811659192825115,0.9
0.05385190725504862,0.9
0.05389221556886228,0.9
0.05393258426966292,0.9
0.053973013493253376,0.9
0.05326331582895724,0.8875
0.0533033033033033,0.8875
0.05334335086401202,0.8875
0.05338345864661654,0.8875
0.05342362678705794,0.8875
0.053463855421686746,0.8875
0.053504144687264506,0.8875
0.053544494720965306,0.8875
0.05358490566037736,0.8875
0.05362537764350453,0.8875
0.05366591080876795,0.8875
0.05370650529500756,0.8875
0.053747161241483724,0.8875
0.05378787878787879,0.8875
0.053828658074298714,0.8875
0.05386949924127466,0.8875
0.053910402429764616,0.8875
0.053951367781155016,0.8875
0.05399239543726236,0.8875
0.05403348554033485,0.8875
0.05407463823305408,0.8875
0.054115853658536585,0.8875
0.05415713196033562,0.8875
0.05419847328244275,0.8875
0.054239877769289534,0.8875
0.054281345565749234,0.8875
0.05432287681713849,0.8875
0.05436447166921899,0.8875
0.05440613026819923,0.8875
0.05368098159509203,0.875
0.05372217958557176,0.875
0.053763440860215055,0.875
0.053804765564950036,0.875
0.05384615384615385,0.875
0.05388760585065435,0.875
0.053929121725731895,0.875
0.05397070161912105,0.875
0.05401234567901234,0.875
0.05405405405405406,0.875
0.05409582689335394,0.875
0.054137664346481054,0.875
0.05417956656346749,0.875
0.054221533694810226,0.875
0.05426356589147287,0.875
0.05430566330488751,0.875
0.05434782608695652,0.875
0.05439005439005439,0.875
0.05443234836702955,0.875
0.054474708171206226,0.875
0.05451713395638629,0.875
0.05455962587685113,0.875
0.054602184087363496,0.875
0.0546448087431694,0.875
0.0546875,0.875
0.054730258014073496,0.875
0.054773082942097026,0.875
0.0548159749412686,0.875
0.054075235109717866,0.8625
0.05411764705882353,0.8625
0.05416012558869702,0.8625
0.05420267085624509,0.8625
0.054245283018867926,0.8625
0.05428796223446106,0.8625
0.05433070866141732,0.8625
0.054373522458628844,0.8625
0.05441640378548896,0.8625
0.05445935280189424,0.8625
0.054502369668246446,0.8625
0.05454545454545454,0.8625
0.05458860759493671,0.8625
0.05463182897862233,0.8625
0.05467511885895404,0.8625
0.05471847739888977,0.8625
0.05476190476190476,0.8625
0.05480540111199365,0.8625
0.054848966613672494,0.8625
0.05489260143198091,0.8625
0.05493630573248408,0.8625
0.0549800796812749,0.8625
0.05502392344497608,0.8625
0.05506783719074222,0.8625
0.05511182108626198,0.8625
0.05515587529976019,0.8625
0.0552,0.8625
0.055244195356285025,0.8625
0.055288461538461536,0.8625
0.05533279871692061,0.8625
0.05537720706260032,0.8625
0.05542168674698795,0.8625
0.05546623794212219,0.8625
0.05551086082059534,0.8625
0.05555555555555555,0.8625
0.055600322320709106,0.8625
0.055645161290322584,0.8625
0.05569007263922518,0.8625
0.05573505654281099,0.8625
0.05578011317704123,0.8625
0.055825242718446605,0.8625
0.055870445344129556,0.8625
0.055915721231766614,0.8625
0.05596107055961071,0.8625
0.056006493506493504,0.8625
0.056051990251827784,0.8625
0.05609756097560976,0.8625
0.05614320585842148,0.8625
0.05618892508143322,0.8625
0.05623471882640587,0.8625
0.05628058727569331,0.8625
0.0563265306122449,0.8625
0.056372549019607844,0.8625
0.056418642681929684,0.8625
0.05646481178396072,0.8625
0.056511056511056514,0.8625
0.056557377049180325,0.8625
0.05660377358490566,0.8625
0.05665024630541872,0.8625
0.056696795398520954,0.8625
0.05674342105263158,0.8625
0.056790123456790124,0.8625
0.05683690280065898,0.8625
0.05688375927452597,0.8625
0.05693069306930693,0.8625
0.05697770437654831,0.8625
0.05702479338842975,0.8625
0.05707196029776675,0.8625
0.057119205298013245,0.8625
0.05716652858326429,0.8625
0.05721393034825871,0.8625
0.05726141078838174,0.8625
0.057308970099667775,0.8625
0.057356608478802994,0.8625
0.05740432612312812,0.8625
0.05745212323064113,0.8625
0.0575,0.8625
0.057547956630525435,0.8625
0.05759599332220367,0.8625
0.05764411027568922,0.8625
0.057692307692307696,0.8625
0.05774058577405858,0.8625
0.05778894472361809,0.8625
0.057837384744341996,0.8625
0.057885906040268456,0.8625
0.05709487825356843,0.85
0.05714285714285714,0.85
0.057190916736753576,0.85
0.05723905723905724,0.85
0.05728727885425442,0.85
0.05733558178752108,0.85
0.05738396624472574,0.85
0.057432432432432436,0.85
0.057480980557903634,0.85
0.05752961082910321,0.85
0.057578323454699404,0.85
0.0576271186440678,0.85
0.05767599660729432,0.85
0.057724957555178265,0.85
0.05777400169923534,0.85
0.05782312925170068,0.85
0.05787234042553192,0.85
0.05792163543441227,0.85
0.057971014492753624,0.85
0.05802047781569966,0.85
0.05807002561912895,0.85
0.05811965811965812,0.85
0.058169375534645,0.85
0.05821917808219178,0.85
0.05826906598114824,0.85
0.058319039451114926,0.85
0.05836909871244635,0.85
0.058419243986254296,0.85
0.058469475494411005,0.85
0.058519793459552494,0.85
0.05857019810508183,0.85
0.05862068965517241,0.85
0.058671268334771355,0.85
0.05872193436960276,0.85
0.058772687986171135,0.85
0.058823529411764705,0.85
0.05887445887445888,0.85
0.058925476603119586,0.85
0.05897658282740677,0.85
0.059027777777777776,0.85
0.059079061685490875,0.85
0.059130434782608696,0.85
0.05918189730200174,0.85
0.059233449477351915,0.85
0.05928509154315606,0.85
0.059336823734729496,0.85
0.059388646288209605,0.85
0.05944055944055944,0.85
0.0594925634295713,0.85
0.0595446584938704,0.85
0.05959684487291849,0.85
0.05964912280701754,0.85
0.05970149253731343,0.85
0.05975395430579965,0.85
0.05980650835532102,0.85
0.05985915492957746,0.85
0.05991189427312775,0.85
0.059964726631393295,0.85
0.06001765225066196,0.85
0.06007067137809187,0.85
0.060123784261715295,0.85
0.06017699115044248,0.85
0.06023029229406555,0.85
0.06028368794326241,0.85
0.06033717834960071,0.85
0.06039076376554174,0.85
0.060444444444444446,0.85
0.060498220640569395,0.85
0.060552092609082814,0.85
0.06060606060606061,0.85
0.060660124888492414,0.85
0.060714285714285714,0.85
0.06076854334226988,0.85
0.06082289803220036,0.85
0.06087735004476276,0.85
0.06093189964157706,0.85
0.06098654708520179,0.85
0.06104129263913824,0.85
0.061096136567834684,0.85
0.06115107913669065,0.85
0.0612061206120612,0.85
0.06126126126126126,0.85
0.061316501352569885,0.85
0.061371841155234655,0.85
0.06142728093947606,0.85
0.06148282097649186,0.85
0.06153846153846154,0.85
0.06159420289855073,0.85
0.061650045330915684,0.85
0.06170598911070781,0.85
0.061762034514078114,0.85
0.06181818181818182,0.85
0.06187443130118289,0.85
0.061930783242258654,0.85
0.06198723792160438,0.85
0.06204379562043796,0.85
0.062100456621004566,0.85
0.062157221206581355,0.85
0.06221408966148216,0.85
0.06227106227106227,0.85
0.06232813932172319,0.85
0.062385321100917435,0.85
0.06244260789715335,0.85
0.0625,0.85
0.062557497700092,0.85
0.06261510128913444,0.85
0.06267281105990784,0.85
0.06273062730627306,0.85
0.06278855032317636,0.85
0.06284658040665435,0.85
0.06290471785383904,0.85
0.06296296296296296,0.85
0.06302131603336422,0.85
0.06307977736549165,0.85
0.06313834726090993,0.85
0.06319702602230483,0.85
0.06325581395348837,0.85
0.0633147113594041,0.85
0.06337371854613234,0.85
0.06343283582089553,0.85
0.06349206349206349,0.85
0.06355140186915888,0.85
0.06361085126286249,0.85
0.06273408239700375,0.8375
0.06279287722586692,0.8375
0.06285178236397748,0.8375
0.06291079812206572,0.8375
0.06203007518796992,0.825
0.062088428974600186,0.825
0.062146892655367235,0.825
0.06220546654099906,0.825
0.062264150943396226,0.825
0.06232294617563739,0.825
0.062381852551984876,0.825
0.06244087038789026,0.825
0.0625,0.825
0.06255924170616113,0.825
0.06261859582542695,0.825
0.06267806267806268,0.825
0.06273764258555133,0.825
0.06279733587059944,0.825
0.06285714285714286,0.825
0.06291706387035272,0.825
0.06297709923664122,0.825
0.06303724928366762,0.825
0.06309751434034416,0.825
0.06315789473684211,0.825
0.06321839080459771,0.825
0.062320230105465,0.8125
0.06238003838771593,0.8125
0.06243996157540826,0.8125
0.0625,0.8125
0.06256015399422522,0.8125
0.0626204238921002,0.8125
0.0626808100289296,0.8125
0.06274131274131274,0.8125
0.06280193236714976,0.8125
0.06286266924564797,0.8125
0.06292352371732816,0.8125
0.06298449612403101,0.8125
0.06304558680892337,0.8125
0.06310679611650485,0.8125
0.06316812439261418,0.8125
0.0632295719844358,0.8125
0.06329113924050633,0.8125
0.06335282651072124,0.8125
0.06341463414634146,0.8125
0.0634765625,0.8125
0.0635386119257087,0.8125
0.06360078277886497,0.8125
0.06366307541625857,0.8125
0.06372549019607843,0.8125
0.06378802747791953,0.8125
0.06385068762278978,0.8125
0.063913470993117,0.8125
0.0639763779527559,0.8125
0.06403940886699508,0.8125
0.0641025641025641,0.8125
0.06416584402764067,0.8125
0.06422924901185771,0.8125
0.06429277942631058,0.8125
0.06435643564356436,0.8125
0.06442021803766106,0.8125
0.06448412698412699,0.8125
0.06454816285998013,0.8125
0.06461232604373758,0.8125
0.06467661691542288,0.8125
0.0647410358565737,0.8125
0.06480558325024925,0.8125
0.06487025948103792,0.8125
0.06493506493506493,0.8125
0.065,0.8125
0.06506506506506507,0.8125
0.06513026052104208,0.8125
0.06519558676028084,0.8125
0.06526104417670683,0.8125
0.06532663316582915,0.8125
0.06539235412474849,0.8125
0.06545820745216516,0.8125
0.0655241935483871,0.8125
0.06559031281533804,0.8125
0.06565656565656566,0.8125
0.06572295247724974,0.8125
0.06578947368421052,0.8125
0.06585612968591692,0.8125
0.06592292089249494,0.8125
0.0649746192893401,0.8
0.06504065040650407,0.8
0.06510681586978637,0.8
0.06517311608961303,0.8
0.0652395514780836,0.8
0.0653061224489796,0.8
0.06537282941777324,0.8
0.065439672801636,0.8
0.06448311156601842,0.7875
0.06454918032786885,0.7875
0.06461538461538462,0.7875
0.0646817248459959,0.7875
0.06474820143884892,0.7875
0.06481481481481481,0.7875
0.06488156539649846,0.7875
0.06494845360824743,0.7875
0.06501547987616099,0.7875
0.06508264462809918,0.7875
0.06514994829369183,0.7875
0.06521739130434782,0.7875
0.06528497409326425,0.7875
0.06535269709543569,0.7875
0.06542056074766354,0.7875
0.06548856548856549,0.7875
0.06555671175858481,0.7875
0.065625,0.7875
0.06569343065693431,0.7875
0.06576200417536535,0.7875
0.06583072100313479,0.7875
0.06589958158995816,0.7875
0.06596858638743455,0.7875
0.0660377358490566,0.7875
0.06610703043022036,0.7875
0.0661764705882353,0.7875
0.06624605678233439,0.7875
0.06631578947368422,0.7875
0.06638566912539515,0.7875
0.06645569620253164,0.7875
0.0665258711721225,0.7875
0.06659619450317125,0.7875
0.06666666666666667,0.7875
0.06673728813559322,0.7875
0.06680805938494168,0.7875
0.06687898089171974,0.7875
0.0669500531349628,0.7875
0.06702127659574468,0.7875
0.0670926517571885,0.7875
0.06716417910447761,0.7875
0.0672358591248666,0.7875
0.0673076923076923,0.7875
0.06737967914438503,0.7875
0.06745182012847965,0.7875
0.06645230439442658,0.775
0.06652360515021459,0.775
0.06659505907626208,0.775
0.06666666666666667,0.775
0.06673842841765339,0.775
0.0668103448275862,0.775
0.0668824163969795,0.775
0.06695464362850972,0.775
0.06702702702702702,0.775
0.0670995670995671,0.775
0.06717226435536294,0.775
0.06724511930585683,0.775
0.06731813246471227,0.775
0.06739130434782609,0.775
0.06746463547334058,0.775
0.06753812636165578,0.775
0.06761177753544166,0.775
0.06768558951965066,0.775
0.06775956284153005,0.775
0.06783369803063458,0.775
0.06790799561883899,0.775
0.06798245614035088,0.775
0.06805708013172337,0.775
0.06813186813186813,0.775
0.06820682068206821,0.775
0.06828193832599119,0.775
0.06835722160970231,0.775
0.0684326710816777,0.775
0.06740331491712707,0.7625
0.06747787610619468,0.7625
0.06755260243632337,0.7625
0.06762749445676275,0.7625
0.06770255271920089,0.7625
0.06777777777777778,0.7625
0.067853170189099,0.7625
0.06792873051224944,0.7625
0.06800445930880714,0.7625
0.06808035714285714,0.7625
0.06815642458100558,0.7625
0.06823266219239374,0.7625
0.0683090705487122,0.7625
0.06838565022421525,0.7625
0.06846240179573512,0.7625
0.06853932584269663,0.7625
0.0686164229471316,0.7625
0.0686936936936937,0.7625
0.06877113866967305,0.7625
0.06884875846501129,0.7625
0.06892655367231638,0.7625
0.06900452488687783,0.7625
0.06908267270668177,0.7625
0.0691609977324263,0.7625
0.06923950056753689,0.7625
0.06931818181818182,0.7625
0.06939704209328783,0.7625
0.06947608200455581,0.7625
0.06955530216647662,0.7625
0.06963470319634703,0.7625
0.06971428571428571,0.7625
0.06979405034324943,0.7625
0.06987399770904926,0.7625
0.06995412844036697,0.7625
0.07003444316877153,0.7625
0.07011494252873564,0.7625
0.07019562715765247,0.7625
0.07027649769585254,0.7625
0.07035755478662054,0.7625
0.07043879907621248,0.7625
0.07052023121387284,0.7625
0.07060185185185185,0.7625
0.07068366164542295,0.7625
0.07076566125290024,0.7625
0.07084785133565621,0.7625
0.07093023255813953,0.7625
0.0710128055878929,0.7625
0.07109557109557109,0.7625
0.07117852975495916,0.7625
0.07126168224299065,0.7625
0.07134502923976609,0.7625
0.07142857142857142,0.7625
0.07151230949589683,0.7625
0.0715962441314554,0.7625
0.07168037602820211,0.7625
0.07176470588235294,0.7625
0.0706713780918728,0.75
0.07075471698113207,0.75
0.07083825265643448,0.75
0.07092198581560284,0.75
0.07100591715976332,0.75
0.07109004739336493,0.75
0.0711743772241993,0.75
0.07125890736342043,0.75
0.0713436385255648,0.75
0.07142857142857142,0.75
0.07151370679380215,0.75
0.07159904534606205,0.75
0.07168458781362007,0.75
0.07177033492822966,0.75
0.0718562874251497,0.75
0.07194244604316546,0.75
0.07202881152460984,0.75
0.07211538461538461,0.75
0.07220216606498195,0.75
0.07228915662650602,0.75
0.07237635705669482,0.75
0.07246376811594203,0.75
0.07255139056831923,0.75
0.07263922518159806,0.75
0.07272727272727272,0.75
0.07281553398058252,0.75
0.07290400972053462,0.75
0.072992700729927,0.75
0.0730816077953715,0.75
0.07317073170731707,0.75
0.07326007326007326,0.75
0.07334963325183375,0.75
0.07343941248470012,0.75
0.07352941176470588,0.75
0.0736196319018405,0.75
0.07371007371007371,0.75
0.07380073800738007,0.75
0.07389162561576355,0.75
0.07398273736128237,0.75
0.07407407407407407,0.75
0.07416563658838071,0.75
0.07425742574257425,0.75
0.07434944237918216,0.75
0.07444168734491315,0.75
0.07453416149068323,0.75
0.07462686567164178,0.75
0.074719800747198,0.75
0.07481296758104738,0.75
0.0749063670411985,0.75
0.075,0.75
0.07509386733416772,0.75
0.07518796992481203,0.75
0.07528230865746549,0.75
0.07537688442211055,0.75
0.07547169811320754,0.75
0.07556675062972293,0.75
0.07566204287515763,0.75
0.07575757575757576,0.75
0.07585335018963338,0.75
0.0759493670886076,0.75
0.07604562737642585,0.75
0.07614213197969544,0.75
0.07623888182973317,0.75
0.07633587786259542,0.75
0.0751592356687898,0.7375
0.07525510204081633,0.7375
0.07535121328224777,0.7375
0.07544757033248081,0.7375
0.07554417413572344,0.7375
0.07564102564102564,0.7375
0.07573812580231065,0.7375
0.07583547557840617,0.7375
0.07593307593307594,0.7375
0.07603092783505154,0.7375
0.07612903225806451,0.7375
0.07622739018087855,0.7375
0.07632600258732213,0.7375
0.07642487046632124,0.7375
0.07652399481193256,0.7375
0.07662337662337662,0.7375
0.07672301690507152,0.7375
0.07682291666666667,0.7375
0.07692307692307693,0.7375
0.07702349869451697,0.7375
0.07712418300653595,0.7375
0.07722513089005235,0.7375
0.07732634338138926,0.7375
0.07742782152230972,0.7375
0.07752956636005257,0.7375
0.07763157894736843,0.7375
0.077733860342556,0.7375
0.07783641160949868,0.7375
0.07793923381770146,0.7375
0.07804232804232804,0.7375
0.0781456953642384,0.7375
0.07824933687002653,0.7375
0.07835325365205843,0.7375
0.07845744680851063,0.7375
0.07856191744340879,0.7375
0.07866666666666666,0.7375
0.0787716955941255,0.7375
0.07887700534759358,0.7375
0.07898259705488621,0.7375
0.07908847184986595,0.7375
0.07919463087248323,0.7375
0.0793010752688172,0.7375
0.07940780619111709,0.7375
0.07951482479784366,0.7375
0.0796221322537112,0.7375
0.07972972972972973,0.7375
0.07983761840324763,0.7375
0.07994579945799458,0.7375
0.08005427408412483,0.7375
0.08016304347826086,0.7375
0.08027210884353742,0.7375
0.08038147138964577,0.7375
0.0791268758526603,0.725
0.07923497267759563,0.725
0.07934336525307797,0.725
0.07945205479452055,0.725
0.07956104252400549,0.725
0.07967032967032966,0.725
0.07977991746905089,0.725
0.07988980716253444,0.725
0.08,0.725
0.0787292817679558,0.7125
0.07883817427385892,0.7125
0.07894736842105263,0.7125
0.07905686546463246,0.7125
0.07916666666666666,0.7125
0.07927677329624479,0.7125
0.07938718662952646,0.7125
0.0794979079497908,0.7125
0.07960893854748603,0.7125
0.07972027972027972,0.7125
0.07983193277310924,0.7125
0.07994389901823282,0.7125
0.0800561797752809,0.7125
0.08016877637130802,0.7125
0.08028169014084507,0.7125
0.08039492242595205,0.7125
0.08050847457627118,0.7125
0.08062234794908062,0.7125
0.08073654390934844,0.7125
0.08085106382978724,0.7125
0.08096590909090909,0.7125
0.08108108108108109,0.7125
0.0811965811965812,0.7125
0.08131241084165478,0.7125
0.08,0.7
0.08011444921316166,0.7
0.08022922636103152,0.7
0.08034433285509325,0.7
0.08045977011494253,0.7
0.08057553956834532,0.7
0.08069164265129683,0.7
0.08080808080808081,0.7
0.08092485549132948,0.7
0.08104196816208394,0.7
0.08115942028985507,0.7
0.08127721335268505,0.7
0.08139534883720931,0.7
0.08151382823871907,0.7
0.08163265306122448,0.7
0.08175182481751825,0.7
0.08187134502923976,0.7
0.08199121522693997,0.7
0.08211143695014662,0.7
0.08223201174743025,0.7
0.08235294117647059,0.7
0.08247422680412371,0.7
0.08259587020648967,0.7
0.0827178729689808,0.7
0.08284023668639054,0.7
0.08296296296296296,0.7
0.0830860534124629,0.7
0.08320950965824665,0.7
0.08333333333333333,0.7
0.08196721311475409,0.6875
0.08208955223880597,0.6875
0.08221225710014948,0.6875
0.08083832335329341,0.675
0.08095952023988005,0.675
0.08108108108108109,0.675
0.081203007518797,0.675
0.08132530120481928,0.675
0.08144796380090498,0.675
0.08157099697885196,0.675
0.08169440242057488,0.675
0.08181818181818182,0.675
0.0819423368740516,0.675
0.08206686930091185,0.675
0.0821917808219178,0.675
0.08231707317073171,0.675
0.08244274809160305,0.675
0.08256880733944955,0.675
0.08269525267993874,0.675
0.08128834355828221,0.6625
0.08141321044546851,0.6625
0.08153846153846153,0.6625
0.08166409861325115,0.6625
0.08179012345679013,0.6625
0.08191653786707882,0.6625
0.08204334365325078,0.6625
0.08217054263565891,0.6625
0.08229813664596274,0.6625
0.08242612752721618,0.6625
0.08255451713395638,0.6625
0.08268330733229329,0.6625
0.0828125,0.6625
0.08294209702660407,0.6625
0.08307210031347963,0.6625
0.08320251177394035,0.6625
0.08333333333333333,0.6625
0.08346456692913386,0.6625
0.083596214511041,0.6625
0.08214849921011058,0.65
0.08227848101265822,0.65
0.08240887480190175,0.65
0.08253968253968254,0.65
0.08267090620031796,0.65
0.08280254777070063,0.65
0.08293460925039872,0.65
0.08306709265175719,0.65
0.0832,0.65
0.08333333333333333,0.65
0.08346709470304976,0.65
0.08360128617363344,0.65
0.0821256038647343,0.6375
0.08225806451612903,0.6375
0.08239095315024232,0.6375
0.0825242718446602,0.6375
0.08265802269043761,0.6375
0.08279220779220779,0.6375
0.08292682926829269,0.6375
0.08306188925081433,0.6375
0.08319738988580751,0.6375
0.08333333333333333,0.6375
0.08183306055646482,0.625
0.08196721311475409,0.625
0.08210180623973727,0.625
0.08223684210526316,0.625
0.08237232289950576,0.625
0.08250825082508251,0.625
0.08264462809917356,0.625
0.08278145695364239,0.625
0.0812603648424544,0.6125
0.08139534883720931,0.6125
0.08153078202995008,0.6125
0.08166666666666667,0.6125
0.08180300500834725,0.6125
0.08193979933110368,0.6125
0.08207705192629816,0.6125
0.08221476510067115,0.6125
0.08235294117647059,0.6125
0.08249158249158249,0.6125
0.08263069139966273,0.6125
0.08277027027027027,0.6125
0.0829103214890017,0.6125
0.08305084745762711,0.6125
0.0831918505942275,0.6125
0.08333333333333333,0.6125
0.08347529812606473,0.6125
0.08361774744027303,0.6125
0.08376068376068375,0.6125
0.0839041095890411,0.6125
0.08404802744425385,0.6125
0.08419243986254296,0.6125
0.08433734939759036,0.6125
0.08448275862068966,0.6125
0.08290155440414508,0.6
0.08304498269896193,0.6
0.0831889081455806,0.6
0.08333333333333333,0.6
0.08347826086956522,0.6
0.08362369337979095,0.6
0.08376963350785341,0.6
0.08391608391608392,0.6
0.0840630472854641,0.6
0.08421052631578947,0.6
0.0843585237258348,0.6
0.08450704225352113,0.6
0.08465608465608465,0.6
0.08303886925795052,0.5875
0.08141592920353982,0.575
0.08156028368794327,0.575
0.08170515097690942,0.575
0.08185053380782918,0.575
0.08199643493761141,0.575
0.08214285714285714,0.575
0.08228980322003578,0.575
0.08243727598566308,0.575
0.08258527827648116,0.575
0.08273381294964029,0.575
0.08288288288288288,0.575
0.08303249097472924,0.575
0.08318264014466546,0.575
0.08333333333333333,0.575
0.08348457350272233,0.575
0.08363636363636363,0.575
0.08378870673952642,0.575
0.08394160583941605,0.575
0.08409506398537477,0.575
0.08424908424908426,0.575
0.08440366972477065,0.575
0.08455882352941177,0.575
0.0847145488029466,0.575
0.08487084870848709,0.575
0.08502772643253234,0.575
0.08518518518518518,0.575
0.08534322820037106,0.575
0.08364312267657993,0.5625
0.08379888268156424,0.5625
0.08395522388059702,0.5625
0.08411214953271028,0.5625
0.08426966292134831,0.5625
0.08442776735459662,0.5625
0.08458646616541353,0.5625
0.0847457627118644,0.5625
0.08490566037735849,0.5625
0.08506616257088846,0.5625
0.08522727272727272,0.5625
0.08538899430740038,0.5625
0.08555133079847908,0.5625
0.08571428571428572,0.5625
0.08587786259541985,0.5625
0.08604206500956023,0.5625
0.08620689655172414,0.5625
0.08637236084452975,0.5625
0.08653846153846154,0.5625
0.08670520231213873,0.5625
0.08687258687258688,0.5625
0.08704061895551257,0.5625
0.0872093023255814,0.5625
0.08737864077669903,0.5625
0.08754863813229571,0.5625
0.08771929824561403,0.5625
0.087890625,0.5625
0.08806262230919765,0.5625
0.08823529411764706,0.5625
0.08840864440078586,0.5625
0.08858267716535433,0.5625
0.08875739644970414,0.5625
0.08893280632411067,0.5625
0.0891089108910891,0.5625
0.08928571428571429,0.5625
0.08946322067594434,0.5625
0.08964143426294821,0.5625
0.08982035928143713,0.5625
0.09,0.5625
0.09018036072144289,0.5625
0.09036144578313253,0.5625
0.09054325955734406,0.5625
0.0907258064516129,0.5625
0.09090909090909091,0.5625
0.09109311740890688,0.5625
0.09127789046653144,0.5625
0.09146341463414634,0.5625
0.09164969450101833,0.5625
0.08979591836734693,0.55
0.08997955010224949,0.55
0.09016393442622951,0.55
0.08829568788501027,0.5375
0.08847736625514403,0.5375
0.088659793814433,0.5375
0.08884297520661157,0.5375
0.08902691511387163,0.5375
0.08921161825726141,0.5375
0.08731808731808732,0.525
0.0875,0.525
0.08768267223382047,0.525
0.08786610878661087,0.525
0.0880503144654088,0.525
0.08823529411764706,0.525
0.0863157894736842,0.5125
0.08649789029535865,0.5125
0.08668076109936575,0.5125
0.08686440677966102,0.5125
0.0870488322717622,0.5125
0.08723404255319149,0.5125
0.08742004264392324,0.5125
0.0876068376068376,0.5125
0.08779443254817987,0.5125
0.08798283261802575,0.5125
0.08817204301075268,0.5125
0.08836206896551724,0.5125
0.08639308855291576,0.5
0.08658008658008658,0.5
0.08676789587852494,0.5
0.08695652173913043,0.5
0.08714596949891068,0.5
0.08733624454148471,0.5
0.087527352297593,0.5
0.08771929824561403,0.5
0.08571428571428572,0.4875
0.08590308370044053,0.4875
0.08609271523178808,0.4875
0.08628318584070796,0.4875
0.08647450110864745,0.4875
0.08666666666666667,0.4875
0.08685968819599109,0.4875
0.08705357142857142,0.4875
0.087248322147651,0.4875
0.08744394618834081,0.4875
0.08764044943820225,0.4875
0.08783783783783784,0.4875
0.08577878103837472,0.475
0.08597285067873303,0.475
0.08616780045351474,0.475
0.08636363636363636,0.475
0.08656036446469248,0.475
0.0867579908675799,0.475
0.08695652173913043,0.475
0.0871559633027523,0.475
0.08735632183908046,0.475
0.08755760368663594,0.475
0.08775981524249422,0.475
0.08796296296296297,0.475
0.08816705336426914,0.475
0.08837209302325581,0.475
0.08857808857808858,0.475
0.08878504672897196,0.475
0.08899297423887588,0.475
0.0892018779342723,0.475
0.08941176470588236,0.475
0.08962264150943396,0.475
0.08747044917257683,0.4625
0.08767772511848342,0.4625
0.08788598574821853,0.4625
0.0880952380952381,0.4625
0.0883054892601432,0.4625
0.08851674641148326,0.4625
0.08872901678657075,0.4625
0.0889423076923077,0.4625
0.08674698795180723,0.45
0.08695652173913043,0.45
0.08716707021791767,0.45
0.08737864077669903,0.45
0.08759124087591241,0.45
0.08780487804878048,0.45
0.08801955990220049,0.45
0.08823529411764706,0.45
0.08845208845208845,0.45
0.08866995073891626,0.45
0.08888888888888889,0.45
0.0891089108910891,0.45
0.08684863523573201,0.4375
0.0845771144278607,0.425
0.08478802992518704,0.425
0.085,0.425
0.08521303258145363,0.425
0.08542713567839195,0.425
0.08564231738035265,0.425
0.08585858585858586,0.425
0.08607594936708861,0.425
0.08629441624365482,0.425
0.08396946564885496,0.4125
0.08418367346938775,0.4125
0.08439897698209718,0.4125
0.08461538461538462,0.4125
0.08483290488431877,0.4125
0.08505154639175258,0.4125
0.08527131782945736,0.4125
0.08549222797927461,0.4125
0.08571428571428572,0.4125
0.0859375,0.4125
0.08616187989556136,0.4125
0.08638743455497382,0.4125
0.08661417322834646,0.4125
0.0868421052631579,0.4125
0.0870712401055409,0.4125
0.0873015873015873,0.4125
0.08753315649867374,0.4125
0.08776595744680851,0.4125
0.088,0.4125
0.08823529411764706,0.4125
0.08847184986595175,0.4125
0.08870967741935484,0.4125
0.0889487870619946,0.4125
0.0891891891891892,0.4125
0.08943089430894309,0.4125
0.08967391304347826,0.4125
0.08991825613079019,0.4125
0.09016393442622951,0.4125
0.09041095890410959,0.4125
0.09065934065934066,0.4125
0.09090909090909091,0.4125
0.09116022099447514,0.4125
0.09141274238227147,0.4125
0.09166666666666666,0.4125
0.09192200557103064,0.4125
0.09217877094972067,0.4125
0.09243697478991597,0.4125
0.09269662921348315,0.4125
0.09295774647887324,0.4125
0.09322033898305085,0.4125
0.09348441926345609,0.4125
0.09375,0.4125
0.09401709401709402,0.4125
0.09428571428571429,0.4125
0.09455587392550144,0.4125
0.09482758620689655,0.4125
0.09510086455331412,0.4125
0.0953757225433526,0.4125
0.09565217391304348,0.4125
0.09593023255813954,0.4125
0.09620991253644315,0.4125
0.09649122807017543,0.4125
0.0967741935483871,0.4125
0.09705882352941177,0.4125
0.0943952802359882,0.4
0.09467455621301775,0.4
0.09495548961424333,0.4
0.09523809523809523,0.4
0.0955223880597015,0.4
0.09580838323353294,0.4
0.0960960960960961,0.4
0.0963855421686747,0.4
0.09667673716012085,0.4
0.09696969696969697,0.4
0.0972644376899696,0.4
0.0975609756097561,0.4
0.09785932721712538,0.4
0.09815950920245399,0.4
0.09846153846153846,0.4
0.09876543209876543,0.4
0.09907120743034056,0.4
0.09937888198757763,0.4
0.09968847352024922,0.4
0.1,0.4
0.10031347962382445,0.4
0.10062893081761007,0.4
0.10094637223974763,0.4
0.10126582278481013,0.4
0.10158730158730159,0.4
0.10191082802547771,0.4
0.10223642172523961,0.4
0.10256410256410256,0.4
0.10289389067524116,0.4
0.1032258064516129,0.4
0.10355987055016182,0.4
0.1038961038961039,0.4
0.10423452768729642,0.4
0.10457516339869281,0.4
0.10491803278688525,0.4
0.10526315789473684,0.4
0.10561056105610561,0.4
0.10596026490066225,0.4
0.10631229235880399,0.4
0.10666666666666667,0.4
0.10702341137123746,0.4
0.10738255033557047,0.4
0.10774410774410774,0.4
0.10472972972972973,0.3875
0.10508474576271186,0.3875
0.1054421768707483,0.3875
0.10580204778156997,0.3875
0.10616438356164383,0.3875
0.10652920962199312,0.3875
0.10689655172413794,0.3875
0.10726643598615918,0.3875
0.1076388888888889,0.3875
0.10801393728222997,0.3875
0.10839160839160839,0.3875
0.10877192982456141,0.3875
0.10915492957746478,0.3875
0.10954063604240283,0.3875
0.1099290780141844,0.3875
0.1103202846975089,0.3875
0.11071428571428571,0.3875
0.1111111111111111,0.3875
0.11151079136690648,0.3875
0.11191335740072202,0.3875
0.11231884057971014,0.3875
0.11272727272727273,0.3875
0.11313868613138686,0.3875
0.10989010989010989,0.375
0.10661764705882353,0.3625
0.1070110701107011,0.3625
0.10740740740740741,0.3625
0.10780669144981413,0.3625
0.1044776119402985,0.35
0.10486891385767791,0.35
0.10526315789473684,0.35
0.10566037735849057,0.35
0.10606060606060606,0.35
0.10646387832699619,0.35
0.10687022900763359,0.35
0.10344827586206896,0.3375
0.10384615384615385,0.3375
0.10424710424710425,0.3375
0.10465116279069768,0.3375
0.10505836575875487,0.3375
0.10546875,0.3375
0.10588235294117647,0.3375
0.1062992125984252,0.3375
0.1067193675889328,0.3375
0.10317460317460317,0.325
0.10358565737051793,0.325
0.104,0.325
0.10441767068273092,0.325
0.10483870967741936,0.325
0.10526315789473684,0.325
0.10569105691056911,0.325
0.10612244897959183,0.325
0.10245901639344263,0.3125
0.102880658436214,0.3125
0.10330578512396695,0.3125
0.1037344398340249,0.3125
0.10416666666666667,0.3125
0.10460251046025104,0.3125
0.10084033613445378,0.3
0.10126582278481013,0.3
0.1016949152542373,0.3
0.10212765957446808,0.3
0.09829059829059829,0.2875
0.09871244635193133,0.2875
0.09913793103448276,0.2875
0.09523809523809523,0.275
0.09565217391304348,0.275
0.09606986899563319,0.275
0.09649122807017543,0.275
0.09691629955947137,0.275
0.09734513274336283,0.275
0.09777777777777778,0.275
0.09821428571428571,0.275
0.09865470852017937,0.275
0.0990990990990991,0.275
0.09954751131221719,0.275
0.09545454545454546,0.2625
0.0958904109589041,0.2625
0.0963302752293578,0.2625
0.0967741935483871,0.2625
0.09722222222222222,0.2625
0.09767441860465116,0.2625
0.09813084112149532,0.2625
0.09859154929577464,0.2625
0.09905660377358491,0.2625
0.0995260663507109,0.2625
0.1,0.2625
0.10047846889952153,0.2625
0.10096153846153846,0.2625
0.10144927536231885,0.2625
0.10194174757281553,0.2625
0.0975609756097561,0.25
0.09313725490196079,0.2375
0.09359605911330049,0.2375
0.0891089108910891,0.225
0.08955223880597014,0.225
0.09,0.225
0.09045226130653267,0.225
0.09090909090909091,0.225
0.09137055837563451,0.225
0.09183673469387756,0.225
0.09230769230769231,0.225
0.09278350515463918,0.225
0.09326424870466321,0.225
0.09375,0.225
0.09424083769633508,0.225
0.08947368421052632,0.2125
0.08994708994708994,0.2125
0.0851063829787234,0.2
0.0855614973262032,0.2
0.08602150537634409,0.2
0.08648648648648649,0.2
0.08695652173913043,0.2
0.08743169398907104,0.2
0.08791208791208792,0.2
0.08839779005524862,0.2
0.08888888888888889,0.2
0.0893854748603352,0.2
0.0898876404494382,0.2
0.0903954802259887,0.2
0.09090909090909091,0.2
0.09142857142857143,0.2
0.09195402298850575,0.2
0.08670520231213873,0.1875
0.0872093023255814,0.1875
0.08771929824561403,0.1875
0.08823529411764706,0.1875
0.08875739644970414,0.1875
0.08928571428571429,0.1875
0.08982035928143713,0.1875
0.09036144578313253,0.1875
0.09090909090909091,0.1875
0.09146341463414634,0.1875
0.08588957055214724,0.175
0.08641975308641975,0.175
0.08695652173913043,0.175
0.0875,0.175
0.0880503144654088,0.175
0.08860759493670886,0.175
0.08917197452229299,0.175
0.08974358974358974,0.175
0.09032258064516129,0.175
0.09090909090909091,0.175
0.0915032679738562,0.175
0.09210526315789473,0.175
0.09271523178807947,0.175
0.09333333333333334,0.175
0.09395973154362416,0.175
0.0945945945945946,0.175
0.08843537414965986,0.1625
0.0821917808219178,0.15
0.08275862068965517,0.15
0.08333333333333333,0.15
0.08391608391608392,0.15
0.08450704225352113,0.15
0.0851063829787234,0.15
0.08571428571428572,0.15
0.08633093525179857,0.15
0.07971014492753623,0.1375
0.08029197080291971,0.1375
0.08088235294117647,0.1375
0.08148148148148149,0.1375
0.08208955223880597,0.1375
0.07518796992481203,0.125
0.07575757575757576,0.125
0.07633587786259542,0.125
0.06923076923076923,0.1125
0.06976744186046512,0.1125
0.0703125,0.1125
0.07086614173228346,0.1125
0.07142857142857142,0.1125
0.064,0.1
0.06451612903225806,0.1
0.06504065040650407,0.1
0.06557377049180328,0.1
0.06611570247933884,0.1
0.06666666666666667,0.1
0.06722689075630252,0.1
0.06779661016949153,0.1
0.06837606837606838,0.1
0.06896551724137931,0.1
0.06956521739130435,0.1
0.07017543859649122,0.1
0.07079646017699115,0.1
0.0625,0.0875
0.06306306306306306,0.0875
0.06363636363636363,0.0875
0.06422018348623854,0.0875
0.06481481481481481,0.0875
0.06542056074766354,0.0875
0.0660377358490566,0.0875
0.06666666666666667,0.0875
0.0673076923076923,0.0875
0.06796116504854369,0.0875
0.06862745098039216,0.0875
0.06930693069306931,0.0875
0.07,0.0875
0.0707070707070707,0.0875
0.07142857142857142,0.0875
0.07216494845360824,0.0875
0.07291666666666667,0.0875
0.07368421052631578,0.0875
0.07446808510638298,0.0875
0.07526881720430108,0.0875
0.07608695652173914,0.0875
0.07692307692307693,0.0875
0.07777777777777778,0.0875
0.07865168539325842,0.0875
0.06818181818181818,0.075
0.06896551724137931,0.075
0.06976744186046512,0.075
0.07058823529411765,0.075
0.07142857142857142,0.075
0.07228915662650602,0.075
0.07317073170731707,0.075
0.07407407407407407,0.075
0.075,0.075
0.0759493670886076,0.075
0.07692307692307693,0.075
0.07792207792207792,0.075
0.07894736842105263,0.075
0.08,0.075
0.08108108108108109,0.075
0.0821917808219178,0.075
0.08333333333333333,0.075
0.08450704225352113,0.075
0.08571428571428572,0.075
0.08695652173913043,0.075
0.08823529411764706,0.075
0.08955223880597014,0.075
0.09090909090909091,0.075
0.09230769230769231,0.075
0.09375,0.075
0.09523809523809523,0.075
0.0967741935483871,0.075
0.09836065573770492,0.075
0.1,0.075
0.1016949152542373,0.075
0.10344827586206896,0.075
0.10526315789473684,0.075
0.08928571428571429,0.0625
0.09090909090909091,0.0625
0.09259259259259259,0.0625
0.07547169811320754,0.05
0.07692307692307693,0.05
0.0784313725490196,0.05
0.08,0.05
0.08163265306122448,0.05
0.08333333333333333,0.05
0.0851063829787234,0.05
0.08695652173913043,0.05
0.08888888888888889,0.05
0.09090909090909091,0.05
0.09302325581395349,0.05
0.09523809523809523,0.05
0.0975609756097561,0.05
0.1,0.05
0.10256410256410256,0.05
0.10526315789473684,0.05
0.10810810810810811,0.05
0.1111111111111111,0.05
0.08571428571428572,0.0375
0.08823529411764706,0.0375
0.09090909090909091,0.0375
0.09375,0.0375
0.0967741935483871,0.0375
0.1,0.0375
0.10344827586206896,0.0375
0.07142857142857142,0.025
0.07407407407407407,0.025
0.07692307692307693,0.025
0.08,0.025
0.08333333333333333,0.025
0.08695652173913043,0.025
0.09090909090909091,0.025
0.09523809523809523,0.025
0.1,0.025
0.10526315789473684,0.025
0.1111111111111111,0.025
0.11764705882352941,0.025
0.125,0.025
0.13333333333333333,0.025
0.07142857142857142,0.0125
0.07692307692307693,0.0125
0.08333333333333333,0.0125
0.09090909090909091,0.0125
0.1,0.0125
0.1111111111111111,0.0125
0.125,0.0125
0.14285714285714285,0.0125
0.16666666666666666,0.0125
0.2,0.0125
0.0,0.0
0.0,0.0
0.0,0.0
0.0,0.0
1.0,0.0
