Precision,Recall
0.03573023671281822,1.0
0.035778985507246376,0.9875
0.03627180899908173,0.9875
0.036127836961556276,0.975
0.03651685393258427,0.975
0.03684459140292867,0.975
0.037178265014299335,0.975
0.0375,0.975
0.03788246721709568,0.975
0.03831041257367387,0.975
0.03861386138613861,0.975
0.03905858788182273,0.975
0.03884964682139253,0.9625
0.03904665314401623,0.9625
0.03936605316973415,0.9625
0.03973168214654283,0.9625
0.03956272774596564,0.95
0.039790575916230364,0.95
0.04021164021164021,0.95
0.04044704630122405,0.95
0.040619989310529125,0.95
0.04086021505376344,0.95
0.041192411924119245,0.95
0.041462084015275506,0.95
0.041666666666666664,0.95
0.041965764770844835,0.95
0.042269187986651836,0.95
0.04267265581134194,0.95
0.04284103720405862,0.95
0.04310833806012479,0.95
0.04337899543378995,0.95
0.043528064146620846,0.95
0.04380403458213256,0.95
0.04395604395604396,0.95
0.0436046511627907,0.9375
0.04327485380116959,0.925
0.04355503237198352,0.925
0.04386484884410195,0.925
0.044073853484216795,0.925
0.04439112177564487,0.925
0.04465902232951117,0.925
0.044740024183796856,0.925
0.04487568223165555,0.925
0.044730392156862746,0.9125
0.04514533085961658,0.9125
0.04531346989447548,0.9125
0.04551122194513716,0.9125
0.04585427135678392,0.9125
0.0461441213653603,0.9125
0.04652644996813257,0.9125
0.04682488774855677,0.9125
0.04727979274611399,0.9125
0.04755700325732899,0.9125
0.047774869109947646,0.9125
0.04730617608409987,0.9
0.04765056254136334,0.9
0.047872340425531915,0.9
0.04806408544726302,0.9
0.0484196368527236,0.9
0.0486815415821501,0.9
0.04891304347826087,0.9
0.04856361149110807,0.8875
0.04879725085910653,0.8875
0.049271339347675226,0.8875
0.0496156533892383,0.8875
0.04996481351161154,0.8875
0.050390347764371894,0.8875
0.05060584461867427,0.8875
0.05021520803443329,0.875
0.050505050505050504,0.875
0.05079825834542816,0.875
0.05098324836125273,0.875
0.051470588235294115,0.875
0.05166051660516605,0.875
0.05192878338278932,0.875
0.05219985085756898,0.875
0.05259203606311044,0.875
0.0529500756429652,0.875
0.053231939163498096,0.875
0.05363984674329502,0.875
0.05388760585065435,0.875
0.05430566330488751,0.875
0.054773082942097026,0.875
0.05511811023622047,0.875
0.05582137161084529,0.875
0.05627009646302251,0.875
0.05668016194331984,0.875
0.05714285714285714,0.875
0.05747126436781609,0.875
0.057803468208092484,0.875
0.05813953488372093,0.875
0.05862646566164154,0.875
0.059322033898305086,0.875
0.059431524547803614,0.8625
0.05994787141615986,0.8625
0.06042031523642732,0.8625
0.06007067137809187,0.85
0.060660124888492414,0.85
0.06104129263913824,0.85
0.06052393857271906,0.8375
0.060909090909090906,0.8375
0.061467889908256884,0.8375
0.061979648473635525,0.8375
0.06238361266294227,0.8375
0.061567164179104475,0.825
0.061855670103092786,0.825
0.06143667296786389,0.8125
0.06118546845124283,0.8
0.061955469506292354,0.8
0.0624390243902439,0.8
0.06286836935166994,0.8
0.0631163708086785,0.8
0.06355511420059583,0.8
0.06387225548902195,0.8
0.06438631790744467,0.8
0.06471183013144591,0.8
0.065439672801636,0.8
0.06611570247933884,0.8
0.06632124352331606,0.8
0.06722689075630252,0.8
0.06794055201698514,0.8
0.06852248394004283,0.8
0.06896551724137931,0.8
0.06956521739130435,0.8
0.07025246981339188,0.8
0.06881243063263041,0.775
0.06958473625140292,0.775
0.07045454545454545,0.775
0.0711825487944891,0.775
0.07052023121387284,0.7625
0.07109557109557109,0.7625
0.06949352179034157,0.7375
0.0688836104513064,0.725
0.06738868832731648,0.7
0.0681265206812652,0.7
0.06888068880688807,0.7
0.069221260815822,0.7
0.07,0.7
0.07061790668348046,0.7
0.0697084917617237,0.6875
0.07042253521126761,0.6875
0.0710594315245478,0.6875
0.07152145643693109,0.6875
0.06928104575163399,0.6625
0.07001321003963012,0.6625
0.07085561497326204,0.6625
0.07142857142857142,0.6625
0.07191316146540028,0.6625
0.07270233196159122,0.6625
0.07340720221606649,0.6625
0.07361111111111111,0.6625
0.07454289732770746,0.6625
0.07560627674750357,0.6625
0.0755813953488372,0.65
0.07580174927113703,0.65
0.0763582966226138,0.65
0.07578008915304606,0.6375
0.07589285714285714,0.6375
0.07657657657657657,0.6375
0.07750759878419453,0.6375
0.07786259541984733,0.6375
0.07739938080495357,0.625
0.078003120124805,0.625
0.07911392405063292,0.625
0.0784,0.6125
0.07754442649434572,0.6
0.07804878048780488,0.6
0.07781456953642384,0.5875
0.07692307692307693,0.575
0.07563025210084033,0.5625
0.07679180887372014,0.5625
0.0757314974182444,0.55
0.0763888888888889,0.55
0.07665505226480836,0.55
0.07719298245614035,0.55
0.07583774250440917,0.5375
0.07678571428571429,0.5375
0.07733812949640288,0.5375
0.07747747747747748,0.5375
0.07818181818181819,0.5375
0.07933579335793357,0.5375
0.08037383177570094,0.5375
0.08067542213883677,0.5375
0.07909604519774012,0.525
0.07969639468690702,0.525
0.08,0.525
0.08045977011494253,0.525
0.08155339805825243,0.525
0.07905138339920949,0.5
0.0783132530120482,0.4875
0.07862903225806452,0.4875
0.07910750507099391,0.4875
0.07975460122699386,0.4875
0.08091286307053942,0.4875
0.08176100628930817,0.4875
0.08016877637130802,0.475
0.080338266384778,0.475
0.07956989247311828,0.4625
0.08008658008658008,0.4625
0.08043478260869565,0.4625
0.08078602620087336,0.4625
0.08167770419426049,0.4625
0.07982261640798226,0.45
0.08053691275167785,0.45
0.08108108108108109,0.45
0.08163265306122448,0.45
0.08256880733944955,0.45
0.08314087759815242,0.45
0.08411214953271028,0.45
0.08530805687203792,0.45
0.08591885441527446,0.45
0.0851581508515815,0.4375
0.08620689655172414,0.4375
0.08771929824561403,0.4375
0.08585858585858586,0.425
0.08651399491094147,0.425
0.08740359897172237,0.425
0.08877284595300261,0.425
0.08947368421052632,0.425
0.0851063829787234,0.4
0.08579088471849866,0.4
0.0862533692722372,0.4
0.08672086720867209,0.4
0.08469945355191257,0.3875
0.08516483516483517,0.3875
0.08310249307479224,0.375
0.0807799442896936,0.3625
0.08262108262108261,0.3625
0.0830945558739255,0.3625
0.08405797101449275,0.3625
0.08504398826979472,0.3625
0.0830860534124629,0.35
0.08358208955223881,0.35
0.08132530120481928,0.3375
0.0790273556231003,0.325
0.08,0.325
0.08099688473520249,0.325
0.08125,0.325
0.08201892744479496,0.325
0.08280254777070063,0.325
0.08360128617363344,0.325
0.08414239482200647,0.325
0.08609271523178808,0.325
0.08666666666666667,0.325
0.08754208754208755,0.325
0.08561643835616438,0.3125
0.08710801393728224,0.3125
0.08833922261484099,0.3125
0.08992805755395683,0.3125
0.09225092250922509,0.3125
0.09259259259259259,0.3125
0.09328358208955224,0.3125
0.09615384615384616,0.3125
0.09652509652509653,0.3125
0.09765625,0.3125
0.0992063492063492,0.3125
0.1,0.3125
0.1016260162601626,0.3125
0.102880658436214,0.3125
0.1037344398340249,0.3125
0.10416666666666667,0.3125
0.10548523206751055,0.3125
0.1072961373390558,0.3125
0.10964912280701754,0.3125
0.11061946902654868,0.3125
0.11210762331838565,0.3125
0.11574074074074074,0.3125
0.11214953271028037,0.3
0.11320754716981132,0.3
0.11428571428571428,0.3
0.11538461538461539,0.3
0.11822660098522167,0.3
0.1188118811881188,0.3
0.12060301507537688,0.3
0.12307692307692308,0.3
0.12435233160621761,0.3
0.1256544502617801,0.3
0.1276595744680851,0.3
0.12299465240641712,0.2875
0.1270718232044199,0.2875
0.12359550561797752,0.275
0.12209302325581395,0.2625
0.11904761904761904,0.25
0.12269938650306748,0.25
0.125,0.25
0.12903225806451613,0.25
0.13071895424836602,0.25
0.13157894736842105,0.25
0.12666666666666668,0.2375
0.12751677852348994,0.2375
0.1292517006802721,0.2375
0.125,0.225
0.1276595744680851,0.225
0.12949640287769784,0.225
0.13333333333333333,0.225
0.13432835820895522,0.225
0.13636363636363635,0.225
0.13846153846153847,0.225
0.1349206349206349,0.2125
0.136,0.2125
0.13114754098360656,0.2
0.13445378151260504,0.2
0.13559322033898305,0.2
0.13043478260869565,0.1875
0.13274336283185842,0.1875
0.13392857142857142,0.1875
0.13513513513513514,0.1875
0.14018691588785046,0.1875
0.14563106796116504,0.1875
0.1485148514851485,0.1875
0.15,0.1875
0.1414141414141414,0.175
0.14285714285714285,0.175
0.14736842105263157,0.175
0.15053763440860216,0.175
0.15384615384615385,0.175
0.15730337078651685,0.175
0.16091954022988506,0.175
0.16470588235294117,0.175
0.15853658536585366,0.1625
0.1625,0.1625
0.15384615384615385,0.15
0.15789473684210525,0.15
0.14666666666666667,0.1375
0.14864864864864866,0.1375
0.1506849315068493,0.1375
0.15714285714285714,0.1375
0.16417910447761194,0.1375
0.15384615384615385,0.125
0.15873015873015872,0.125
0.15,0.1125
0.15789473684210525,0.1125
0.16071428571428573,0.1125
0.17307692307692307,0.1125
0.16,0.1
0.14285714285714285,0.0875
0.14893617021276595,0.0875
0.16279069767441862,0.0875
0.14634146341463414,0.075
0.15384615384615385,0.075
0.16216216216216217,0.075
0.1388888888888889,0.0625
0.14285714285714285,0.0625
0.15151515151515152,0.0625
0.13333333333333333,0.05
0.14814814814814814,0.05
0.18181818181818182,0.05
0.21052631578947367,0.05
0.23529411764705882,0.05
0.23076923076923078,0.0375
0.25,0.0375
0.2727272727272727,0.0375
0.3,0.0375
0.3333333333333333,0.025
0.2,0.0125
0.25,0.0125
0.3333333333333333,0.0125
0.5,0.0125
1.0,0.0125
1.0,0.0
