Precision,Recall
0.03904343582235237,1.0
0.03857421875,0.9875
0.03859306301905227,0.9875
0.0386119257086999,0.9875
0.03863080684596577,0.9875
0.038649706457925634,0.9875
0.03866862457170827,0.9875
0.03868756121449559,0.9875
0.03870651641352278,0.9875
0.03872549019607843,0.9875
0.03874448258950466,0.9875
0.03876349362119725,0.9875
0.038782523318605794,0.9875
0.03880157170923379,0.9875
0.03882063882063882,0.9875
0.03883972468043265,0.9875
0.03885882931628136,0.9875
0.03887795275590551,0.9875
0.038897095027080254,0.9875
0.03891625615763547,0.9875
0.03893543617545589,0.9875
0.03895463510848126,0.9875
0.038973852984706465,0.9875
0.03899308983218164,0.9875
0.03901234567901234,0.9875
0.03903162055335968,0.9875
0.03905091448344043,0.9875
0.0390702274975272,0.9875
0.03908955962394854,0.9875
0.03910891089108911,0.9875
0.0391282813273898,0.9875
0.03914767096134787,0.9875
0.039167079821517105,0.9875
0.039186507936507936,0.9875
0.039205955334987594,0.9875
0.03922542204568024,0.9875
0.039244908097367116,0.9875
0.03926441351888668,0.9875
0.03928393833913476,0.9875
0.039303482587064675,0.9875
0.039323046291687404,0.9875
0.03934262948207171,0.9875
0.0393622321873443,0.9875
0.03938185443668993,0.9875
0.03940149625935162,0.9875
0.03942115768463074,0.9875
0.03944083874188717,0.9875
0.039460539460539464,0.9875
0.03948025987006497,0.9875
0.0395,0.9875
0.03951975987993997,0.9875
0.03953953953953954,0.9875
0.039559339008512766,0.9875
0.039579158316633264,0.9875
0.039598997493734335,0.9875
0.03961885656970913,0.9875
0.03963873557451079,0.9875
0.03965863453815261,0.9875
0.03967855349070819,0.9875
0.03969849246231156,0.9875
0.03971845148315736,0.9875
0.039738430583501,0.9875
0.03975842979365878,0.9875
0.039778449144008056,0.9875
0.039798488664987405,0.9875
0.039818548387096774,0.9875
0.03983862834089763,0.9875
0.03985872855701312,0.9875
0.039878849066128215,0.9875
0.0398989898989899,0.9875
0.03991915108640728,0.9875
0.03993933265925177,0.9875
0.03995953464845726,0.9875
0.039979757085020245,0.9875
0.04,0.9875
0.04002026342451875,0.9875
0.04004054738976178,0.9875
0.04006085192697769,0.9875
0.040081177067478435,0.9875
0.04010152284263959,0.9875
0.04012188928390046,0.9875
0.04014227642276423,0.9875
0.04016268429079817,0.9875
0.04018311291963377,0.9875
0.04020356234096692,0.9875
0.040224032586558045,0.9875
0.040244523688232295,0.9875
0.040265035677879715,0.9875
0.04028556858745538,0.9875
0.04030612244897959,0.9875
0.04032669729453803,0.9875
0.04034729315628192,0.9875
0.0403679100664282,0.9875
0.040388548057259714,0.9875
0.04040920716112532,0.9875
0.040429887410440124,0.9875
0.04045058883768561,0.9875
0.04047131147540984,0.9875
0.040492055356227574,0.9875
0.04051282051282051,0.9875
0.040533606977937404,0.9875
0.04055441478439425,0.9875
0.040575243965074476,0.9875
0.040596094552929084,0.9875
0.04061696658097686,0.9875
0.04063786008230453,0.9875
0.040658775090066906,0.9875
0.040679711637487126,0.9875
0.04070066975785677,0.9875
0.040721649484536084,0.9875
0.0407426508509541,0.9875
0.04076367389060888,0.9875
0.04078471863706763,0.9875
0.040805785123966945,0.9875
0.04082687338501292,0.9875
0.040847983453981385,0.9875
0.04086911536471805,0.9875
0.04089026915113872,0.9875
0.04091144484722942,0.9875
0.04093264248704663,0.9875
0.04095386210471747,0.9875
0.040975103734439834,0.9875
0.04099636741048261,0.9875
0.04101765316718588,0.9875
0.04103896103896104,0.9875
0.04106029106029106,0.9875
0.041081643265730626,0.9875
0.041103017689906346,0.9875
0.04112441436751692,0.9875
0.04114583333333333,0.9875
0.04116727462219906,0.9875
0.04118873826903024,0.9875
0.04121022430881586,0.9875
0.04123173277661795,0.9875
0.0412532637075718,0.9875
0.041274817136886105,0.9875
0.041296393099843176,0.9875
0.04131799163179916,0.9875
0.041339612768184195,0.9875
0.041361256544502616,0.9875
0.04138292299633316,0.9875
0.04140461215932914,0.9875
0.04090194022024122,0.975
0.040923399790136414,0.975
0.04094488188976378,0.975
0.04096638655462185,0.975
0.040987913820283765,0.975
0.04100946372239748,0.975
0.041031036296685953,0.975
0.04105263157894737,0.975
0.04107424960505529,0.975
0.0410958904109589,0.975
0.04111755403268318,0.975
0.04113924050632911,0.975
0.04116094986807388,0.975
0.04118268215417107,0.975
0.04120443740095087,0.975
0.0412262156448203,0.975
0.041248016922263354,0.975
0.04126984126984127,0.975
0.04129168872419269,0.975
0.0413135593220339,0.975
0.04133545310015898,0.975
0.041357370095440084,0.975
0.041379310344827586,0.975
0.041401273885350316,0.975
0.04142326075411577,0.975
0.04144527098831031,0.975
0.04146730462519936,0.975
0.04148936170212766,0.975
0.041511442256519426,0.975
0.04153354632587859,0.975
0.04155567394778902,0.975
0.04157782515991471,0.975
0.0416,0.975
0.0416221985058698,0.975
0.04164442071542979,0.975
0.041666666666666664,0.975
0.04168893639764832,0.975
0.04171122994652406,0.975
0.04173354735152488,0.975
0.0417558886509636,0.975
0.04177825388323514,0.975
0.04180064308681672,0.975
0.0418230563002681,0.975
0.04184549356223176,0.975
0.04186795491143317,0.975
0.04189044038668099,0.975
0.04191295002686728,0.975
0.041935483870967745,0.975
0.04195804195804196,0.975
0.04198062432723358,0.975
0.0420032310177706,0.975
0.04202586206896552,0.975
0.042048517520215635,0.975
0.042071197411003236,0.975
0.04155423637344846,0.9625
0.041576673866090715,0.9625
0.041599135602377095,0.9625
0.04162162162162162,0.9625
0.04164413196322336,0.9625
0.041666666666666664,0.9625
0.041689225771521385,0.9625
0.04171180931744312,0.9625
0.04173441734417344,0.9625
0.04175704989154013,0.9625
0.041779706999457406,0.9625
0.041802388707926165,0.9625
0.04182509505703422,0.9625
0.04184782608695652,0.9625
0.04187058183795541,0.9625
0.041893362350380846,0.9625
0.041916167664670656,0.9625
0.041938997821350764,0.9625
0.041961852861035424,0.9625
0.04198473282442748,0.9625
0.042007637752318604,0.9625
0.04203056768558952,0.9625
0.042053522665210265,0.9625
0.04207650273224044,0.9625
0.04209950792782941,0.9625
0.04212253829321663,0.9625
0.0421455938697318,0.9625
0.04216867469879518,0.9625
0.04219178082191781,0.9625
0.042214912280701754,0.9625
0.042238069116840374,0.9625
0.04226125137211855,0.9625
0.04228445908841296,0.9625
0.04230769230769231,0.9625
0.04233095107201759,0.9625
0.04235423542354235,0.9625
0.04237754540451293,0.9625
0.042400881057268726,0.9625
0.04242424242424243,0.9625
0.04244762954796031,0.9625
0.04247104247104247,0.9625
0.04249448123620309,0.9625
0.04251794588625069,0.9625
0.042541436464088395,0.9625
0.04256495301271421,0.9625
0.042588495575221236,0.9625
0.04261206419479801,0.9625
0.04263565891472868,0.9625
0.04265927977839335,0.9625
0.042682926829268296,0.9625
0.04270660011092623,0.9625
0.04273029966703663,0.9625
0.042754025541365905,0.9625
0.042777777777777776,0.9625
0.042801556420233464,0.9625
0.04282536151279199,0.9625
0.04284919309961046,0.9625
0.04287305122494432,0.9625
0.04289693593314763,0.9625
0.04292084726867335,0.9625
0.04294478527607362,0.9625
0.04296875,0.9625
0.042992741485203795,0.9625
0.043016759776536316,0.9625
0.043040804918949134,0.9625
0.043064876957494405,0.9625
0.04308897593732513,0.9625
0.04311310190369541,0.9625
0.043137254901960784,0.9625
0.043161434977578475,0.9625
0.04318564217610768,0.9625
0.043209876543209874,0.9625
0.043234138124649074,0.9625
0.04325842696629213,0.9625
0.04328274311410905,0.9625
0.04330708661417323,0.9625
0.04333145751266179,0.9625
0.04335585585585586,0.9625
0.04338028169014085,0.9625
0.04340473506200677,0.9625
0.04342921601804851,0.9625
0.04345372460496614,0.9625
0.043478260869565216,0.9625
0.04350282485875706,0.9625
0.04352741661955907,0.9625
0.04355203619909502,0.9625
0.04357668364459536,0.9625
0.04360135900339751,0.9625
0.04362606232294618,0.9625
0.04365079365079365,0.9625
0.04367555303460011,0.9625
0.04370034052213394,0.9625
0.043725156161272004,0.9625
0.04375,0.9625
0.04377487208641274,0.9625
0.04379977246871445,0.9625
0.043824701195219126,0.9625
0.043849658314350795,0.9625
0.043874643874643876,0.9625
0.04389965792474344,0.9625
0.04392470051340559,0.9625
0.043949771689497714,0.9625
0.04397487150199886,0.9625
0.044,0.9625
0.0440251572327044,0.9625
0.044050343249427915,0.9625
0.044075558099599316,0.9625
0.0441008018327606,0.9625
0.044126074498567334,0.9625
0.04415137614678899,0.9625
0.04417670682730924,0.9625
0.04420206659012629,0.9625
0.04422745548535324,0.9625
0.044252873563218394,0.9625
0.04427832087406555,0.9625
0.04430379746835443,0.9625
0.04432930339666091,0.9625
0.04435483870967742,0.9625
0.04438040345821326,0.9625
0.04440599769319493,0.9625
0.044431621465666475,0.9625
0.044457274826789836,0.9625
0.04448295782784518,0.9625
0.04450867052023121,0.9625
0.044534412955465584,0.9625
0.04456018518518518,0.9625
0.044585987261146494,0.9625
0.044611819235225954,0.9625
0.04463768115942029,0.9625
0.04466357308584687,0.9625
0.04468949506674405,0.9625
0.044715447154471545,0.9625
0.04474142940151075,0.9625
0.044767441860465114,0.9625
0.0447934845840605,0.9625
0.044819557625145515,0.9625
0.0448456610366919,0.9625
0.04487179487179487,0.9625
0.044897959183673466,0.9625
0.044924154025670945,0.9625
0.04495037945125511,0.9625
0.04497663551401869,0.9625
0.04500292226767972,0.9625
0.04502923976608187,0.9625
0.04505558806319485,0.9625
0.045081967213114756,0.9625
0.04510837727006444,0.9625
0.045134818288393906,0.9625
0.04516129032258064,0.9625
0.04518779342723005,0.9625
0.04521432765707575,0.9625
0.04524089306698002,0.9625
0.04526748971193416,0.9625
0.045294117647058825,0.9625
0.04532077692760447,0.9625
0.04534746760895171,0.9625
0.04537418974661167,0.9625
0.04540094339622641,0.9625
0.04542772861356932,0.9625
0.045454545454545456,0.9625
0.045481393975191964,0.9625
0.04550827423167849,0.9625
0.04553518628030751,0.9625
0.045562130177514794,0.9625
0.045589105979869746,0.9625
0.04561611374407583,0.9625
0.04564315352697095,0.9625
0.045670225385527875,0.9625
0.0456973293768546,0.9625
0.045724465558194774,0.9625
0.0457516339869281,0.9625
0.045778834720570746,0.9625
0.04580606781677573,0.9625
0.04583333333333333,0.9625
0.04586063132817153,0.9625
0.045887961859356376,0.9625
0.045915324985092425,0.9625
0.045942720763723154,0.9625
0.04597014925373134,0.9625
0.045997610513739545,0.9625
0.04602510460251046,0.9625
0.046052631578947366,0.9625
0.04608019150209455,0.9625
0.04610778443113772,0.9625
0.046135410425404436,0.9625
0.046163069544364506,0.9625
0.04619076184763048,0.9625
0.046218487394957986,0.9625
0.04624624624624624,0.9625
0.046274038461538464,0.9625
0.04630186410102225,0.9625
0.04632972322503008,0.9625
0.046357615894039736,0.9625
0.0463855421686747,0.9625
0.046413502109704644,0.9625
0.046441495778045835,0.9625
0.04646952323476162,0.9625
0.0464975845410628,0.9625
0.04652567975830816,0.9625
0.046553808948004836,0.9625
0.04658197217180883,0.9625
0.046610169491525424,0.9625
0.04663840096910963,0.9625
0.04666666666666667,0.9625
0.046694966646452396,0.9625
0.046723300970873786,0.9625
0.046751669702489375,0.9625
0.04678007290400972,0.9625
0.04680851063829787,0.9625
0.04683698296836983,0.9625
0.04686548995739501,0.9625
0.04689403166869671,0.9625
0.04692260816575259,0.9625
0.04695121951219512,0.9625
0.04697986577181208,0.9625
0.04700854700854701,0.9625
0.047037263286499695,0.9625
0.04706601466992665,0.9625
0.04709480122324159,0.9625
0.047123623011015914,0.9625
0.04715248009797918,0.9625
0.04718137254901961,0.9625
0.04721030042918455,0.9625
0.04723926380368098,0.9625
0.047268262737875995,0.9625
0.0472972972972973,0.9625
0.04732636754763368,0.9625
0.047355473554735544,0.9625
0.047384615384615386,0.9625
0.04741379310344827,0.9625
0.0474430067775724,0.9625
0.047472256473489516,0.9625
0.047501542257865514,0.9625
0.047530864197530866,0.9625
0.04756022235948116,0.9625
0.04758961681087762,0.9625
0.047619047619047616,0.9625
0.04764851485148515,0.9625
0.04767801857585139,0.9625
0.04770755885997522,0.9625
0.04773713577185369,0.9625
0.047766749379652605,0.9625
0.04779639975170701,0.9625
0.04782608695652174,0.9625
0.04785581106277191,0.9625
0.04788557213930348,0.9625
0.04791537025513379,0.9625
0.04794520547945205,0.9625
0.047975077881619935,0.9625
0.04800498753117207,0.9625
0.048034934497816595,0.9625
0.048064918851435705,0.9625
0.048094940662086194,0.9625
0.048125,0.9625
0.04815509693558474,0.9625
0.04818523153942428,0.9625
0.048215403882279274,0.9625
0.04824561403508772,0.9625
0.04827586206896552,0.9625
0.04830614805520703,0.9625
0.04833647206528562,0.9625
0.04836683417085427,0.9625
0.04839723444374607,0.9625
0.048427672955974846,0.9625
0.048458149779735685,0.9625
0.04848866498740554,0.9625
0.048519218651543794,0.9625
0.048549810844892814,0.9625
0.04858044164037855,0.9625
0.04861111111111111,0.9625
0.04864181933038535,0.9625
0.048672566371681415,0.9625
0.048703352308665404,0.9625
0.048734177215189876,0.9625
0.04876504116529449,0.9625
0.048795944233206594,0.9625
0.04882688649334179,0.9625
0.04885786802030457,0.9625
0.04888888888888889,0.9625
0.04891994917407878,0.9625
0.04895104895104895,0.9625
0.048982188295165395,0.9625
0.049013367281986,0.9625
0.04904458598726115,0.9625
0.049075844486934354,0.9625
0.049107142857142856,0.9625
0.04913848117421825,0.9625
0.0491698595146871,0.9625
0.049201277955271565,0.9625
0.049232736572890026,0.9625
0.04926423544465771,0.9625
0.04929577464788732,0.9625
0.04932735426008968,0.9625
0.04935897435897436,0.9625
0.04939063502245029,0.9625
0.04942233632862644,0.9625
0.04945407835581246,0.9625
0.04948586118251928,0.9625
0.049517684887459806,0.9625
0.04954954954954955,0.9625
0.049581455247907275,0.9625
0.04961340206185567,0.9625
0.04964539007092199,0.9625
0.04967741935483871,0.9625
0.04970948999354422,0.9625
0.04974160206718346,0.9625
0.049773755656108594,0.9625
0.04980595084087969,0.9625
0.04983818770226537,0.9625
0.04987046632124352,0.9625
0.049902786779001944,0.9625
0.04993514915693904,0.9625
0.0499675535366645,0.9625
0.05,0.9625
0.050032488628979854,0.9625
0.05006501950585176,0.9625
0.05009759271307743,0.9625
0.050130208333333336,0.9625
0.0501628664495114,0.9625
0.050195567144719684,0.9625
0.0502283105022831,0.9625
0.05026109660574413,0.9625
0.050293925538863485,0.9625
0.05032679738562092,0.9625
0.050359712230215826,0.9625
0.05039267015706806,0.9625
0.0504256712508186,0.9625
0.05045871559633028,0.9625
0.050491803278688525,0.9625
0.0505249343832021,0.9625
0.050558108995403805,0.9625
0.05059132720105125,0.9625
0.05062458908612755,0.9625
0.0506578947368421,0.9625
0.05069124423963134,0.9625
0.050724637681159424,0.9625
0.05075807514831905,0.9625
0.05079155672823219,0.9625
0.050825082508250824,0.9625
0.05085865257595773,0.9625
0.050892267019167214,0.9625
0.05092592592592592,0.9625
0.050959629384513566,0.9625
0.05099337748344371,0.9625
0.051027170311464545,0.9625
0.05106100795755968,0.9625
0.051094890510948905,0.9625
0.05112881806108898,0.9625
0.05116279069767442,0.9625
0.0511968085106383,0.9625
0.05123087159015303,0.9625
0.05126498002663116,0.9625
0.051299133910726186,0.9625
0.050666666666666665,0.95
0.050700466977985324,0.95
0.050734312416555405,0.95
0.05076820307281229,0.95
0.05080213903743316,0.95
0.050836120401337795,0.95
0.050870147255689425,0.95
0.050904219691895514,0.95
0.05093833780160858,0.95
0.05097250167672703,0.95
0.05100671140939597,0.95
0.05104096709200806,0.95
0.051075268817204304,0.95
0.05110961667787491,0.95
0.05114401076716016,0.95
0.05117845117845118,0.95
0.05121293800539083,0.95
0.05124747134187458,0.95
0.05128205128205128,0.95
0.05131667792032411,0.95
0.051351351351351354,0.95
0.05138607167004733,0.95
0.05142083897158322,0.95
0.05145565335138795,0.95
0.051490514905149054,0.95
0.05152542372881356,0.95
0.051560379918588875,0.95
0.051595383570943655,0.95
0.051630434782608696,0.95
0.05166553365057784,0.95
0.05170068027210884,0.95
0.051735874744724304,0.95
0.051771117166212535,0.95
0.051806407634628494,0.95
0.05184174624829468,0.95
0.05187713310580205,0.95
0.05191256830601093,0.95
0.05194805194805195,0.95
0.05198358413132695,0.95
0.05201916495550993,0.95
0.052054794520547946,0.95
0.05140507196710076,0.9375
0.051440329218107,0.9375
0.05147563486616335,0.9375
0.05151098901098901,0.9375
0.05154639175257732,0.9375
0.0515818431911967,0.9375
0.051617343427391604,0.9375
0.05165289256198347,0.9375
0.051688490696071676,0.9375
0.05172413793103448,0.9375
0.051759834368530024,0.9375
0.05179558011049724,0.9375
0.051831375259156875,0.9375
0.05186721991701245,0.9375
0.05190311418685121,0.9375
0.05193905817174515,0.9375
0.05197505197505198,0.9375
0.05131761442441054,0.925
0.05135322692574601,0.925
0.05138888888888889,0.925
0.05142460041695622,0.925
0.05146036161335188,0.925
0.05149617258176757,0.925
0.05153203342618384,0.925
0.05156794425087108,0.925
0.05160390516039052,0.925
0.051639916259595256,0.925
0.051675977653631286,0.925
0.0517120894479385,0.925
0.05174825174825175,0.925
0.05178446466060182,0.925
0.05182072829131653,0.925
0.05185704274702172,0.925
0.051893408134642355,0.925
0.051929824561403506,0.925
0.05196629213483146,0.925
0.05200281096275474,0.925
0.052039381153305204,0.925
0.05207600281491907,0.925
0.05211267605633803,0.925
0.05214940098661029,0.925
0.05218617771509168,0.925
0.05222300635144672,0.925
0.052259887005649715,0.925
0.052296819787985865,0.925
0.05233380480905234,0.925
0.052370842179759375,0.925
0.05240793201133145,0.925
0.05244507441530829,0.925
0.0524822695035461,0.925
0.0525195173882186,0.925
0.052556818181818184,0.925
0.052594171997157074,0.925
0.05263157894736842,0.925
0.052669039145907474,0.925
0.05270655270655271,0.925
0.05274411974340699,0.925
0.052781740370898715,0.925
0.05281941470378301,0.925
0.05285714285714286,0.925
0.05289492494639028,0.925
0.05293276108726753,0.925
0.052970651395848244,0.925
0.05300859598853868,0.925
0.05304659498207885,0.925
0.05308464849354376,0.925
0.05312275664034458,0.925
0.05316091954022988,0.925
0.053199137311286844,0.925
0.053237410071942444,0.925
0.05327573794096472,0.925
0.053314121037463975,0.925
0.05335255948089401,0.925
0.05339105339105339,0.925
0.053429602888086646,0.925
0.05346820809248555,0.925
0.05350686912509038,0.925
0.053545586107091175,0.925
0.05358435916002897,0.925
0.0536231884057971,0.925
0.05366207396664249,0.925
0.05297532656023222,0.9125
0.053013798111837325,0.9125
0.053052325581395346,0.9125
0.05309090909090909,0.9125
0.05312954876273653,0.9125
0.05316824471959213,0.9125
0.053206997084548104,0.9125
0.05324580598103574,0.9125
0.05328467153284672,0.9125
0.053323593864134405,0.9125
0.0533625730994152,0.9125
0.053401609363569864,0.9125
0.053440702781844804,0.9125
0.05347985347985348,0.9125
0.053519061583577714,0.9125
0.05282465150403522,0.9
0.05286343612334802,0.9
0.05290227773695812,0.9
0.052941176470588235,0.9
0.052980132450331126,0.9
0.053019145802650956,0.9
0.05305821665438467,0.9
0.05309734513274336,0.9
0.053136531365313655,0.9
0.053175775480059084,0.9
0.05321507760532151,0.9
0.05325443786982249,0.9
0.053293856402664694,0.9
0.05333333333333334,0.9
0.05337286879169755,0.9
0.05341246290801187,0.9
0.053452115812917596,0.9
0.05349182763744428,0.9
0.053531598513011154,0.9
0.05357142857142857,0.9
0.05361131794489948,0.9
0.05365126676602087,0.9
0.053691275167785234,0.9
0.05373134328358209,0.9
0.0537714712471994,0.9
0.053811659192825115,0.9
0.05385190725504862,0.9
0.05389221556886228,0.9
0.05393258426966292,0.9
0.053973013493253376,0.9
0.05401350337584396,0.9
0.05405405405405406,0.9
0.054094665664913597,0.9
0.05413533834586466,0.9
0.05417607223476298,0.9
0.05421686746987952,0.9
0.05425772418990203,0.9
0.05429864253393665,0.9
0.05433962264150943,0.9
0.054380664652567974,0.9
0.05442176870748299,0.9
0.05446293494704992,0.9
0.05450416351249054,0.9
0.05454545454545454,0.9
0.05458680818802123,0.9
0.054628224582701064,0.9
0.05466970387243736,0.9
0.0547112462006079,0.9
0.05475285171102662,0.9
0.0547945205479452,0.9
0.05483625285605483,0.9
0.054878048780487805,0.9
0.05491990846681922,0.9
0.0549618320610687,0.9
0.05500381970970206,0.9
0.05504587155963303,0.9
0.05508798775822494,0.9
0.055130168453292494,0.9
0.05517241379310345,0.9
0.05521472392638037,0.9
0.05525709900230238,0.9
0.055299539170506916,0.9
0.05534204458109147,0.9
0.055384615384615386,0.9
0.05542725173210162,0.9
0.05546995377503852,0.9
0.05551272166538165,0.9
0.05555555555555555,0.9
0.055598455598455596,0.9
0.05564142194744977,0.9
0.05568445475638051,0.9
0.05572755417956656,0.9
0.055770720371804805,0.9
0.05581395348837209,0.9
0.055857253685027156,0.9
0.055900621118012424,0.9
0.055944055944055944,0.9
0.05598755832037325,0.9
0.05525291828793774,0.8875
0.05529595015576324,0.8875
0.05533904910366329,0.8875
0.05538221528861154,0.8875
0.05542544886807182,0.8875
0.05546875,0.8875
0.05551211884284597,0.8875
0.05555555555555555,0.8875
0.05559906029757244,0.8875
0.055642633228840124,0.8875
0.05568627450980392,0.8875
0.05572998430141287,0.8875
0.05577376276512176,0.8875
0.05581761006289308,0.8875
0.05586152635719906,0.8875
0.05590551181102362,0.8875
0.05594956658786446,0.8875
0.055993690851735015,0.8875
0.056037884767166535,0.8875
0.05608214849921011,0.8875
0.05612648221343874,0.8875
0.05617088607594937,0.8875
0.056215360253365,0.8875
0.056259904912836764,0.8875
0.056304520222045996,0.8875
0.05634920634920635,0.8875
0.056393963463065924,0.8875
0.05643879173290938,0.8875
0.056483691328560064,0.8875
0.05652866242038217,0.8875
0.05657370517928287,0.8875
0.05661881977671451,0.8875
0.05666400638467677,0.8875
0.05670926517571885,0.8875
0.05675459632294165,0.8875
0.0568,0.8875
0.05684547638110488,0.8875
0.05689102564102564,0.8875
0.05693664795509222,0.8875
0.05698234349919743,0.8875
0.0570281124497992,0.8875
0.05707395498392283,0.8875
0.05711987127916331,0.8875
0.0571658615136876,0.8875
0.057211925866236905,0.8875
0.05725806451612903,0.8875
0.057304277643260695,0.8875
0.05735056542810985,0.8875
0.05739692805173808,0.8875
0.05744336569579288,0.8875
0.05748987854251012,0.8875
0.05753646677471637,0.8875
0.0575831305758313,0.8875
0.05762987012987013,0.8875
0.057676685621445976,0.8875
0.05772357723577236,0.8875
0.05777054515866558,0.8875
0.05781758957654723,0.8875
0.05786471067644662,0.8875
0.05791190864600326,0.8875
0.05714285714285714,0.875
0.05718954248366013,0.875
0.05723630417007359,0.875
0.057283142389525366,0.875
0.05733005733005733,0.875
0.05737704918032787,0.875
0.05742411812961444,0.875
0.05747126436781609,0.875
0.05751848808545604,0.875
0.05756578947368421,0.875
0.05761316872427984,0.875
0.057660626029654036,0.875
0.057708161582852434,0.875
0.057755775577557754,0.875
0.057803468208092484,0.875
0.05785123966942149,0.875
0.05789909015715467,0.875
0.057119205298013245,0.8625
0.05716652858326429,0.8625
0.05721393034825871,0.8625
0.05726141078838174,0.8625
0.057308970099667775,0.8625
0.057356608478802994,0.8625
0.05740432612312812,0.8625
0.05745212323064113,0.8625
0.0575,0.8625
0.057547956630525435,0.8625
0.05759599332220367,0.8625
0.05764411027568922,0.8625
0.057692307692307696,0.8625
0.05774058577405858,0.8625
0.05778894472361809,0.8625
0.057837384744341996,0.8625
0.057885906040268456,0.8625
0.05793450881612091,0.8625
0.05798319327731093,0.8625
0.05803195962994113,0.8625
0.05808080808080808,0.8625
0.05812973883740522,0.8625
0.0581787521079258,0.8625
0.05738396624472574,0.85
0.057432432432432436,0.85
0.057480980557903634,0.85
0.05752961082910321,0.85
0.057578323454699404,0.85
0.0576271186440678,0.85
0.05767599660729432,0.85
0.057724957555178265,0.85
0.05777400169923534,0.85
0.05782312925170068,0.85
0.05787234042553192,0.85
0.05792163543441227,0.85
0.057971014492753624,0.85
0.05802047781569966,0.85
0.05807002561912895,0.85
0.05811965811965812,0.85
0.058169375534645,0.85
0.05821917808219178,0.85
0.05826906598114824,0.85
0.058319039451114926,0.85
0.05836909871244635,0.85
0.058419243986254296,0.85
0.058469475494411005,0.85
0.058519793459552494,0.85
0.05857019810508183,0.85
0.05862068965517241,0.85
0.058671268334771355,0.85
0.05872193436960276,0.85
0.058772687986171135,0.85
0.058823529411764705,0.85
0.05887445887445888,0.85
0.058925476603119586,0.85
0.05897658282740677,0.85
0.059027777777777776,0.85
0.059079061685490875,0.85
0.059130434782608696,0.85
0.05918189730200174,0.85
0.059233449477351915,0.85
0.05928509154315606,0.85
0.05846422338568935,0.8375
0.05851528384279476,0.8375
0.057692307692307696,0.825
0.05774278215223097,0.825
0.05779334500875657,0.825
0.057843996494303246,0.825
0.05789473684210526,0.825
0.05794556628621598,0.825
0.05799648506151142,0.825
0.05804749340369393,0.825
0.058098591549295774,0.825
0.05814977973568282,0.825
0.0582010582010582,0.825
0.05825242718446602,0.825
0.05830388692579505,0.825
0.058355437665782495,0.825
0.0584070796460177,0.825
0.05845881310894597,0.825
0.05851063829787234,0.825
0.05856255545696539,0.825
0.0586145648312611,0.825
0.058666666666666666,0.825
0.05871886120996441,0.825
0.058771148708815675,0.825
0.058823529411764705,0.825
0.058876003568242644,0.825
0.05892857142857143,0.825
0.058981233243967826,0.825
0.059033989266547404,0.825
0.05908683974932856,0.825
0.05913978494623656,0.825
0.059192825112107626,0.825
0.059245960502693,0.825
0.05929919137466307,0.825
0.05935251798561151,0.825
0.05850585058505851,0.8125
0.05855855855855856,0.8125
0.058611361587015326,0.8125
0.058664259927797835,0.8125
0.05871725383920506,0.8125
0.05877034358047016,0.8125
0.058823529411764705,0.8125
0.058876811594202896,0.8125
0.05893019038984588,0.8125
0.05898366606170599,0.8125
0.05903723887375113,0.8125
0.05909090909090909,0.8125
0.059144676979071886,0.8125
0.05919854280510018,0.8125
0.059252506836827715,0.8125
0.05930656934306569,0.8125
0.0593607305936073,0.8125
0.05941499085923217,0.8125
0.059469350411710885,0.8125
0.05952380952380952,0.8125
0.05957836846929423,0.8125
0.05963302752293578,0.8125
0.05968778696051423,0.8125
0.05974264705882353,0.8125
0.05979760809567617,0.8125
0.05985267034990792,0.8125
0.059907834101382486,0.8125
0.05996309963099631,0.8125
0.06001846722068329,0.8125
0.06007393715341959,0.8125
0.060129509713228495,0.8125
0.06018518518518518,0.8125
0.060240963855421686,0.8125
0.06029684601113173,0.8125
0.060352831940575676,0.8125
0.0604089219330855,0.8125
0.06046511627906977,0.8125
0.06052141527001862,0.8125
0.06057781919850885,0.8125
0.06063432835820896,0.8125
0.06069094304388422,0.8125
0.06074766355140187,0.8125
0.0608044901777362,0.8125
0.060861423220973786,0.8125
0.06091846298031865,0.8125
0.06097560975609756,0.8125
0.06103286384976526,0.8125
0.06109022556390977,0.8125
0.06114769520225776,0.8125
0.06120527306967985,0.8125
0.061262959472196045,0.8125
0.06132075471698113,0.8125
0.061378659112370164,0.8125
0.06143667296786389,0.8125
0.06149479659413434,0.8125
0.061553030303030304,0.8125
0.061611374407582936,0.8125
0.061669829222011384,0.8125
0.06172839506172839,0.8125
0.06178707224334601,0.8125
0.06184586108468126,0.8125
0.06190476190476191,0.8125
0.06196377502383222,0.8125
0.06202290076335878,0.8125
0.06208213944603629,0.8125
0.0621414913957935,0.8125
0.06220095693779904,0.8125
0.06226053639846743,0.8125
0.062320230105465,0.8125
0.06238003838771593,0.8125
0.06243996157540826,0.8125
0.0625,0.8125
0.06256015399422522,0.8125
0.0626204238921002,0.8125
0.0626808100289296,0.8125
0.06274131274131274,0.8125
0.06280193236714976,0.8125
0.06286266924564797,0.8125
0.06292352371732816,0.8125
0.06298449612403101,0.8125
0.06304558680892337,0.8125
0.06310679611650485,0.8125
0.06316812439261418,0.8125
0.0632295719844358,0.8125
0.06329113924050633,0.8125
0.06335282651072124,0.8125
0.06341463414634146,0.8125
0.0634765625,0.8125
0.0635386119257087,0.8125
0.06360078277886497,0.8125
0.06366307541625857,0.8125
0.06372549019607843,0.8125
0.06378802747791953,0.8125
0.06385068762278978,0.8125
0.063913470993117,0.8125
0.0639763779527559,0.8125
0.06403940886699508,0.8125
0.0641025641025641,0.8125
0.06416584402764067,0.8125
0.06422924901185771,0.8125
0.06429277942631058,0.8125
0.06435643564356436,0.8125
0.06442021803766106,0.8125
0.06448412698412699,0.8125
0.06454816285998013,0.8125
0.06461232604373758,0.8125
0.06467661691542288,0.8125
0.0647410358565737,0.8125
0.06480558325024925,0.8125
0.06487025948103792,0.8125
0.06493506493506493,0.8125
0.065,0.8125
0.06506506506506507,0.8125
0.06513026052104208,0.8125
0.06519558676028084,0.8125
0.06526104417670683,0.8125
0.06532663316582915,0.8125
0.06539235412474849,0.8125
0.06445115810674723,0.8
0.06451612903225806,0.8
0.06458123107971746,0.8
0.06464646464646465,0.8
0.06471183013144591,0.8
0.06477732793522267,0.8
0.06484295845997974,0.8
0.06490872210953347,0.8
0.0649746192893401,0.8
0.06504065040650407,0.8
0.06510681586978637,0.8
0.06517311608961303,0.8
0.0652395514780836,0.8
0.0653061224489796,0.8
0.06537282941777324,0.8
0.065439672801636,0.8
0.06550665301944729,0.8
0.06557377049180328,0.8
0.06564102564102564,0.8
0.06570841889117043,0.8
0.065775950668037,0.8
0.06584362139917696,0.8
0.06591143151390319,0.8
0.06597938144329897,0.8
0.06604747162022703,0.8
0.06611570247933884,0.8
0.06618407445708377,0.8
0.06625258799171843,0.8
0.06632124352331606,0.8
0.06639004149377593,0.8
0.06645898234683281,0.8
0.06652806652806653,0.8
0.06659729448491156,0.8
0.06666666666666667,0.8
0.0667361835245047,0.8
0.06680584551148225,0.8
0.06687565308254964,0.8
0.06694560669456066,0.8
0.06701570680628273,0.8
0.06708595387840671,0.8
0.06715634837355719,0.8
0.06722689075630252,0.8
0.06729758149316509,0.8
0.06736842105263158,0.8
0.06743940990516333,0.8
0.06751054852320675,0.8
0.0675818373812038,0.8
0.06765327695560254,0.8
0.06772486772486773,0.8
0.06779661016949153,0.8
0.06786850477200425,0.8
0.06794055201698514,0.8
0.06801275239107332,0.8
0.06808510638297872,0.8
0.06815761448349308,0.8
0.06823027718550106,0.8
0.06830309498399147,0.8
0.06837606837606838,0.8
0.06844919786096257,0.8
0.06852248394004283,0.8
0.06859592711682744,0.8
0.06866952789699571,0.8
0.06874328678839957,0.8
0.06881720430107527,0.8
0.06781485468245425,0.7875
0.06788793103448276,0.7875
0.06796116504854369,0.7875
0.06803455723542116,0.7875
0.0681081081081081,0.7875
0.06818181818181818,0.7875
0.06825568797399784,0.7875
0.06832971800433839,0.7875
0.06840390879478828,0.7875
0.06847826086956521,0.7875
0.06855277475516866,0.7875
0.06862745098039216,0.7875
0.06870229007633588,0.7875
0.06877729257641921,0.7875
0.06885245901639345,0.7875
0.06892778993435449,0.7875
0.06900328587075576,0.7875
0.06907894736842106,0.7875
0.06915477497255763,0.7875
0.06923076923076923,0.7875
0.06930693069306931,0.7875
0.06938325991189427,0.7875
0.06945975744211687,0.7875
0.0695364238410596,0.7875
0.06961325966850829,0.7875
0.06969026548672566,0.7875
0.06976744186046512,0.7875
0.06873614190687362,0.775
0.06881243063263041,0.775
0.06888888888888889,0.775
0.06896551724137931,0.775
0.06904231625835189,0.775
0.06911928651059086,0.775
0.06919642857142858,0.775
0.06927374301675977,0.775
0.06935123042505593,0.775
0.06942889137737962,0.775
0.06950672645739911,0.775
0.06958473625140292,0.775
0.0696629213483146,0.775
0.06974128233970754,0.775
0.06981981981981981,0.775
0.06989853438556934,0.775
0.06997742663656885,0.775
0.07005649717514124,0.775
0.07013574660633484,0.775
0.07021517553793885,0.775
0.07029478458049887,0.775
0.07037457434733257,0.775
0.07045454545454545,0.775
0.07053469852104664,0.775
0.07061503416856492,0.775
0.07069555302166476,0.775
0.07077625570776255,0.775
0.07085714285714285,0.775
0.07093821510297482,0.775
0.07101947308132875,0.775
0.07110091743119266,0.775
0.0711825487944891,0.775
0.07126436781609195,0.775
0.0713463751438435,0.775
0.07142857142857142,0.775
0.07151095732410612,0.775
0.07159353348729793,0.775
0.07167630057803469,0.775
0.07175925925925926,0.775
0.07184241019698726,0.775
0.07192575406032482,0.775
0.07200929152148665,0.775
0.07209302325581396,0.775
0.07217694994179279,0.775
0.07226107226107226,0.775
0.07234539089848308,0.775
0.07242990654205607,0.775
0.07251461988304093,0.775
0.07259953161592506,0.775
0.07268464243845252,0.775
0.0715962441314554,0.7625
0.07168037602820211,0.7625
0.07176470588235294,0.7625
0.071849234393404,0.7625
0.07193396226415094,0.7625
0.07201889020070838,0.7625
0.07210401891252956,0.7625
0.07218934911242604,0.7625
0.07227488151658767,0.7625
0.07236061684460261,0.7625
0.07244655581947744,0.7625
0.07253269916765755,0.7625
0.07261904761904762,0.7625
0.07270560190703218,0.7625
0.07279236276849642,0.7625
0.07287933094384708,0.7625
0.0729665071770335,0.7625
0.07305389221556886,0.7625
0.07314148681055156,0.7625
0.07322929171668667,0.7625
0.0733173076923077,0.7625
0.07340553549939831,0.7625
0.07349397590361446,0.7625
0.0735826296743064,0.7625
0.07367149758454106,0.7625
0.07376058041112454,0.7625
0.07384987893462469,0.7625
0.07393939393939394,0.7625
0.07402912621359223,0.7625
0.07411907654921021,0.7625
0.07420924574209246,0.7625
0.07429963459196103,0.7625
0.07439024390243902,0.7625
0.07448107448107448,0.7625
0.0745721271393643,0.7625
0.07466340269277846,0.7625
0.07475490196078431,0.7625
0.07484662576687116,0.7625
0.07493857493857493,0.7625
0.07503075030750307,0.7625
0.07512315270935961,0.7625
0.0752157829839704,0.7625
0.07530864197530865,0.7625
0.0754017305315204,0.7625
0.07549504950495049,0.7625
0.07558859975216853,0.7625
0.07568238213399504,0.7625
0.07577639751552795,0.7625
0.07587064676616916,0.7625
0.0759651307596513,0.7625
0.07605985037406483,0.7625
0.07615480649188515,0.7625
0.07625,0.7625
0.07634543178973717,0.7625
0.07644110275689223,0.7625
0.07653701380175659,0.7625
0.07537688442211055,0.75
0.07547169811320754,0.75
0.07556675062972293,0.75
0.07566204287515763,0.75
0.07575757575757576,0.75
0.07585335018963338,0.75
0.0759493670886076,0.75
0.07604562737642585,0.75
0.07614213197969544,0.75
0.07623888182973317,0.75
0.07506361323155217,0.7375
0.0751592356687898,0.7375
0.07525510204081633,0.7375
0.07535121328224777,0.7375
0.07544757033248081,0.7375
0.07554417413572344,0.7375
0.07564102564102564,0.7375
0.07573812580231065,0.7375
0.07583547557840617,0.7375
0.07593307593307594,0.7375
0.07603092783505154,0.7375
0.07612903225806451,0.7375
0.07493540051679587,0.725
0.07503234152652005,0.725
0.07512953367875648,0.725
0.07522697795071336,0.725
0.07532467532467532,0.725
0.0754226267880364,0.725
0.07552083333333333,0.725
0.07561929595827901,0.725
0.07571801566579635,0.725
0.07581699346405228,0.725
0.07591623036649214,0.725
0.07601572739187418,0.725
0.07611548556430446,0.725
0.07621550591327202,0.725
0.07631578947368421,0.725
0.0764163372859025,0.725
0.07651715039577836,0.725
0.07661822985468957,0.725
0.07671957671957672,0.725
0.07682119205298013,0.725
0.07692307692307693,0.725
0.07702523240371846,0.725
0.07712765957446809,0.725
0.07723035952063914,0.725
0.07733333333333334,0.725
0.0774365821094793,0.725
0.07754010695187166,0.725
0.07764390896921017,0.725
0.0777479892761394,0.725
0.07785234899328859,0.725
0.07795698924731183,0.725
0.07806191117092867,0.725
0.07816711590296496,0.725
0.07827260458839407,0.725
0.07837837837837838,0.725
0.07848443843031123,0.725
0.07723577235772358,0.7125
0.0773405698778833,0.7125
0.07744565217391304,0.7125
0.07755102040816327,0.7125
0.0776566757493188,0.7125
0.07776261937244201,0.7125
0.0778688524590164,0.7125
0.07797537619699042,0.7125
0.07808219178082192,0.7125
0.07818930041152264,0.7125
0.0782967032967033,0.7125
0.07840440165061899,0.7125
0.07851239669421488,0.7125
0.07862068965517241,0.7125
0.0787292817679558,0.7125
0.07883817427385892,0.7125
0.07894736842105263,0.7125
0.07905686546463246,0.7125
0.07916666666666666,0.7125
0.07927677329624479,0.7125
0.07938718662952646,0.7125
0.0794979079497908,0.7125
0.07960893854748603,0.7125
0.07972027972027972,0.7125
0.07983193277310924,0.7125
0.07994389901823282,0.7125
0.0800561797752809,0.7125
0.08016877637130802,0.7125
0.08028169014084507,0.7125
0.08039492242595205,0.7125
0.08050847457627118,0.7125
0.07920792079207921,0.7
0.07932011331444759,0.7
0.07943262411347518,0.7
0.07954545454545454,0.7
0.07965860597439545,0.7
0.07834757834757834,0.6875
0.07845934379457917,0.6875
0.07857142857142857,0.6875
0.07868383404864092,0.6875
0.07879656160458452,0.6875
0.07747489239598278,0.675
0.07758620689655173,0.675
0.0776978417266187,0.675
0.07636887608069164,0.6625
0.07647907647907648,0.6625
0.07658959537572255,0.6625
0.07670043415340087,0.6625
0.07681159420289856,0.6625
0.07692307692307693,0.6625
0.07703488372093023,0.6625
0.07569141193595343,0.65
0.07434402332361516,0.6375
0.07445255474452554,0.6375
0.07456140350877193,0.6375
0.0746705710102489,0.6375
0.0747800586510264,0.6375
0.07488986784140969,0.6375
0.075,0.6375
0.07511045655375552,0.6375
0.0752212389380531,0.6375
0.07533234859675036,0.6375
0.07544378698224852,0.6375
0.07555555555555556,0.6375
0.07566765578635015,0.6375
0.07578008915304606,0.6375
0.07589285714285714,0.6375
0.07600596125186289,0.6375
0.07611940298507462,0.6375
0.07623318385650224,0.6375
0.07634730538922156,0.6375
0.07646176911544228,0.6375
0.07657657657657657,0.6375
0.07669172932330827,0.6375
0.07680722891566265,0.6375
0.07692307692307693,0.6375
0.0770392749244713,0.6375
0.07715582450832073,0.6375
0.07727272727272727,0.6375
0.07738998482549317,0.6375
0.07750759878419453,0.6375
0.0776255707762557,0.6375
0.07774390243902439,0.6375
0.07786259541984733,0.6375
0.0779816513761468,0.6375
0.0781010719754977,0.6375
0.07822085889570553,0.6375
0.07834101382488479,0.6375
0.07846153846153846,0.6375
0.07858243451463791,0.6375
0.0787037037037037,0.6375
0.07882534775888717,0.6375
0.07894736842105263,0.6375
0.07906976744186046,0.6375
0.07919254658385093,0.6375
0.07931570762052877,0.6375
0.0794392523364486,0.6375
0.07956318252730109,0.6375
0.0796875,0.6375
0.07981220657276995,0.6375
0.07993730407523511,0.6375
0.07849293563579278,0.625
0.07861635220125786,0.625
0.07874015748031496,0.625
0.07886435331230283,0.625
0.07898894154818326,0.625
0.07911392405063292,0.625
0.07923930269413629,0.625
0.07936507936507936,0.625
0.0794912559618442,0.625
0.07961783439490445,0.625
0.07974481658692185,0.625
0.07987220447284345,0.625
0.08,0.625
0.08012820512820513,0.625
0.08025682182985554,0.625
0.08038585209003216,0.625
0.08051529790660225,0.625
0.08064516129032258,0.625
0.08077544426494346,0.625
0.08090614886731391,0.625
0.08103727714748785,0.625
0.08116883116883117,0.625
0.08130081300813008,0.625
0.07980456026058631,0.6125
0.0799347471451876,0.6125
0.08006535947712418,0.6125
0.08019639934533551,0.6125
0.08032786885245902,0.6125
0.08045977011494253,0.6125
0.0805921052631579,0.6125
0.08072487644151564,0.6125
0.08085808580858085,0.6125
0.08099173553719008,0.6125
0.08112582781456953,0.6125
0.0812603648424544,0.6125
0.08139534883720931,0.6125
0.08153078202995008,0.6125
0.08166666666666667,0.6125
0.08180300500834725,0.6125
0.08193979933110368,0.6125
0.08040201005025126,0.6
0.08053691275167785,0.6
0.08067226890756303,0.6
0.07912457912457913,0.5875
0.07925801011804384,0.5875
0.07939189189189189,0.5875
0.07952622673434856,0.5875
0.07966101694915254,0.5875
0.07979626485568761,0.5875
0.07993197278911565,0.5875
0.08006814310051108,0.5875
0.08020477815699659,0.5875
0.08034188034188035,0.5875
0.08047945205479452,0.5875
0.07890222984562607,0.575
0.07903780068728522,0.575
0.07917383820998279,0.575
0.07931034482758621,0.575
0.07944732297063903,0.575
0.07958477508650519,0.575
0.07972270363951472,0.575
0.0798611111111111,0.575
0.08,0.575
0.08013937282229965,0.575
0.08027923211169284,0.575
0.08041958041958042,0.575
0.08056042031523643,0.575
0.08070175438596491,0.575
0.08084358523725835,0.575
0.08098591549295775,0.575
0.08112874779541446,0.575
0.0812720848056537,0.575
0.08141592920353982,0.575
0.08156028368794327,0.575
0.08170515097690942,0.575
0.08185053380782918,0.575
0.08021390374331551,0.5625
0.08035714285714286,0.5625
0.07871198568872988,0.55
0.07885304659498207,0.55
0.07719928186714542,0.5375
0.07553956834532374,0.525
0.07387387387387387,0.5125
0.0740072202166065,0.5125
0.07414104882459313,0.5125
0.07427536231884058,0.5125
0.07441016333938294,0.5125
0.07454545454545454,0.5125
0.07468123861566485,0.5125
0.07481751824817519,0.5125
0.07495429616087751,0.5125
0.07509157509157509,0.5125
0.07522935779816514,0.5125
0.07536764705882353,0.5125
0.07550644567219153,0.5125
0.07564575645756458,0.5125
0.07578558225508318,0.5125
0.07592592592592592,0.5125
0.07606679035250463,0.5125
0.0762081784386617,0.5125
0.07635009310986965,0.5125
0.07649253731343283,0.5125
0.07663551401869159,0.5125
0.07677902621722846,0.5125
0.075046904315197,0.5
0.07518796992481203,0.5
0.07532956685499058,0.5
0.07547169811320754,0.5
0.07561436672967864,0.5
0.07575757575757576,0.5
0.07590132827324478,0.5
0.07604562737642585,0.5
0.0761904761904762,0.5
0.07633587786259542,0.5
0.07648183556405354,0.5
0.07662835249042145,0.5
0.07677543186180422,0.5
0.07692307692307693,0.5
0.07707129094412331,0.5
0.07722007722007722,0.5
0.07736943907156674,0.5
0.07751937984496124,0.5
0.07766990291262135,0.5
0.07782101167315175,0.5
0.07797270955165692,0.5
0.078125,0.5
0.07827788649706457,0.5
0.0784313725490196,0.5
0.07858546168958742,0.5
0.07874015748031496,0.5
0.07889546351084813,0.5
0.07905138339920949,0.5
0.07920792079207921,0.5
0.07738095238095238,0.4875
0.0775347912524851,0.4875
0.07768924302788845,0.4875
0.07784431137724551,0.4875
0.078,0.4875
0.0781563126252505,0.4875
0.0783132530120482,0.4875
0.07847082494969819,0.4875
0.07862903225806452,0.4875
0.07878787878787878,0.4875
0.07894736842105263,0.4875
0.07910750507099391,0.4875
0.07926829268292683,0.4875
0.07942973523421588,0.4875
0.07959183673469387,0.4875
0.07975460122699386,0.4875
0.07991803278688525,0.4875
0.08008213552361396,0.4875
0.08024691358024691,0.4875
0.08041237113402062,0.4875
0.08057851239669421,0.4875
0.08074534161490683,0.4875
0.08091286307053942,0.4875
0.08108108108108109,0.4875
0.08125,0.4875
0.081419624217119,0.4875
0.08158995815899582,0.4875
0.08176100628930817,0.4875
0.0819327731092437,0.4875
0.08210526315789474,0.4875
0.08227848101265822,0.4875
0.0824524312896406,0.4875
0.0826271186440678,0.4875
0.08280254777070063,0.4875
0.08297872340425531,0.4875
0.08315565031982942,0.4875
0.08333333333333333,0.4875
0.0835117773019272,0.4875
0.08369098712446352,0.4875
0.08387096774193549,0.4875
0.08405172413793104,0.4875
0.08423326133909287,0.4875
0.08441558441558442,0.4875
0.08459869848156182,0.4875
0.08478260869565217,0.4875
0.08496732026143791,0.4875
0.0851528384279476,0.4875
0.08533916849015317,0.4875
0.08552631578947369,0.4875
0.08571428571428572,0.4875
0.08590308370044053,0.4875
0.08609271523178808,0.4875
0.08628318584070796,0.4875
0.08647450110864745,0.4875
0.08666666666666667,0.4875
0.08685968819599109,0.4875
0.08705357142857142,0.4875
0.087248322147651,0.4875
0.08744394618834081,0.4875
0.08764044943820225,0.4875
0.08783783783783784,0.4875
0.08803611738148984,0.4875
0.08823529411764706,0.4875
0.08843537414965986,0.4875
0.08863636363636364,0.4875
0.0888382687927107,0.4875
0.08904109589041095,0.4875
0.08695652173913043,0.475
0.0871559633027523,0.475
0.08735632183908046,0.475
0.08755760368663594,0.475
0.08775981524249422,0.475
0.08796296296296297,0.475
0.08816705336426914,0.475
0.08837209302325581,0.475
0.08857808857808858,0.475
0.08878504672897196,0.475
0.08665105386416862,0.4625
0.08685446009389672,0.4625
0.08705882352941176,0.4625
0.08726415094339622,0.4625
0.08747044917257683,0.4625
0.08767772511848342,0.4625
0.08788598574821853,0.4625
0.0880952380952381,0.4625
0.0883054892601432,0.4625
0.08851674641148326,0.4625
0.08872901678657075,0.4625
0.0889423076923077,0.4625
0.0891566265060241,0.4625
0.0893719806763285,0.4625
0.08958837772397095,0.4625
0.08980582524271845,0.4625
0.09002433090024331,0.4625
0.09024390243902439,0.4625
0.09046454767726161,0.4625
0.09068627450980392,0.4625
0.09090909090909091,0.4625
0.09113300492610837,0.4625
0.09135802469135802,0.4625
0.09158415841584158,0.4625
0.08933002481389578,0.45
0.08955223880597014,0.45
0.08977556109725686,0.45
0.09,0.45
0.09022556390977443,0.45
0.09045226130653267,0.45
0.0906801007556675,0.45
0.09090909090909091,0.45
0.09113924050632911,0.45
0.09137055837563451,0.45
0.0916030534351145,0.45
0.09183673469387756,0.45
0.09207161125319693,0.45
0.09230769230769231,0.45
0.09254498714652956,0.45
0.09278350515463918,0.45
0.09302325581395349,0.45
0.09326424870466321,0.45
0.09090909090909091,0.4375
0.09114583333333333,0.4375
0.09138381201044386,0.4375
0.09162303664921466,0.4375
0.09186351706036745,0.4375
0.09210526315789473,0.4375
0.09234828496042216,0.4375
0.09259259259259259,0.4375
0.09283819628647215,0.4375
0.09308510638297872,0.4375
0.09333333333333334,0.4375
0.09358288770053476,0.4375
0.0938337801608579,0.4375
0.0913978494623656,0.425
0.09164420485175202,0.425
0.0891891891891892,0.4125
0.08943089430894309,0.4125
0.08967391304347826,0.4125
0.08991825613079019,0.4125
0.09016393442622951,0.4125
0.09041095890410959,0.4125
0.09065934065934066,0.4125
0.09090909090909091,0.4125
0.09116022099447514,0.4125
0.09141274238227147,0.4125
0.09166666666666666,0.4125
0.09192200557103064,0.4125
0.09217877094972067,0.4125
0.09243697478991597,0.4125
0.09269662921348315,0.4125
0.09295774647887324,0.4125
0.09322033898305085,0.4125
0.09348441926345609,0.4125
0.09375,0.4125
0.09401709401709402,0.4125
0.09428571428571429,0.4125
0.09455587392550144,0.4125
0.09482758620689655,0.4125
0.09510086455331412,0.4125
0.0953757225433526,0.4125
0.09565217391304348,0.4125
0.09593023255813954,0.4125
0.09329446064139942,0.4
0.0935672514619883,0.4
0.093841642228739,0.4
0.09411764705882353,0.4
0.0943952802359882,0.4
0.09467455621301775,0.4
0.09495548961424333,0.4
0.09523809523809523,0.4
0.09253731343283582,0.3875
0.09281437125748503,0.3875
0.09309309309309309,0.3875
0.09337349397590361,0.3875
0.09365558912386707,0.3875
0.09393939393939393,0.3875
0.09422492401215805,0.3875
0.09451219512195122,0.3875
0.09480122324159021,0.3875
0.0950920245398773,0.3875
0.09538461538461539,0.3875
0.09567901234567901,0.3875
0.09597523219814241,0.3875
0.09627329192546584,0.3875
0.09657320872274143,0.3875
0.096875,0.3875
0.09404388714733543,0.375
0.09433962264150944,0.375
0.0946372239747634,0.375
0.0949367088607595,0.375
0.09523809523809523,0.375
0.09554140127388536,0.375
0.09584664536741214,0.375
0.09615384615384616,0.375
0.09646302250803858,0.375
0.0967741935483871,0.375
0.0970873786407767,0.375
0.09740259740259741,0.375
0.09771986970684039,0.375
0.09803921568627451,0.375
0.09836065573770492,0.375
0.09868421052631579,0.375
0.09900990099009901,0.375
0.09933774834437085,0.375
0.09966777408637874,0.375
0.1,0.375
0.10033444816053512,0.375
0.10067114093959731,0.375
0.10101010101010101,0.375
0.10135135135135136,0.375
0.1016949152542373,0.375
0.10204081632653061,0.375
0.09897610921501707,0.3625
0.09931506849315068,0.3625
0.09965635738831616,0.3625
0.09655172413793103,0.35
0.09688581314878893,0.35
0.09375,0.3375
0.09407665505226481,0.3375
0.0944055944055944,0.3375
0.09473684210526316,0.3375
0.09507042253521127,0.3375
0.09540636042402827,0.3375
0.09574468085106383,0.3375
0.09608540925266904,0.3375
0.09642857142857143,0.3375
0.0967741935483871,0.3375
0.09712230215827339,0.3375
0.09747292418772563,0.3375
0.09782608695652174,0.3375
0.09818181818181818,0.3375
0.09854014598540146,0.3375
0.0989010989010989,0.3375
0.09926470588235294,0.3375
0.0996309963099631,0.3375
0.1,0.3375
0.10037174721189591,0.3375
0.09701492537313433,0.325
0.09737827715355805,0.325
0.09774436090225563,0.325
0.09811320754716982,0.325
0.09848484848484848,0.325
0.09885931558935361,0.325
0.09923664122137404,0.325
0.09961685823754789,0.325
0.1,0.325
0.10038610038610038,0.325
0.10077519379844961,0.325
0.10116731517509728,0.325
0.1015625,0.325
0.10196078431372549,0.325
0.10236220472440945,0.325
0.10276679841897234,0.325
0.0992063492063492,0.3125
0.099601593625498,0.3125
0.1,0.3125
0.10040160642570281,0.3125
0.10080645161290322,0.3125
0.10121457489878542,0.3125
0.1016260162601626,0.3125
0.10204081632653061,0.3125
0.10245901639344263,0.3125
0.102880658436214,0.3125
0.10330578512396695,0.3125
0.1037344398340249,0.3125
0.10416666666666667,0.3125
0.10460251046025104,0.3125
0.10504201680672269,0.3125
0.10548523206751055,0.3125
0.1059322033898305,0.3125
0.10638297872340426,0.3125
0.10683760683760683,0.3125
0.1072961373390558,0.3125
0.10344827586206896,0.3
0.1038961038961039,0.3
0.10434782608695652,0.3
0.10480349344978165,0.3
0.10526315789473684,0.3
0.10572687224669604,0.3
0.10619469026548672,0.3
0.10666666666666667,0.3
0.10714285714285714,0.3
0.10762331838565023,0.3
0.10810810810810811,0.3
0.1085972850678733,0.3
0.10909090909090909,0.3
0.1095890410958904,0.3
0.10550458715596331,0.2875
0.10599078341013825,0.2875
0.10648148148148148,0.2875
0.10697674418604651,0.2875
0.102803738317757,0.275
0.09859154929577464,0.2625
0.09905660377358491,0.2625
0.0995260663507109,0.2625
0.1,0.2625
0.09569377990430622,0.25
0.09615384615384616,0.25
0.0966183574879227,0.25
0.0970873786407767,0.25
0.0975609756097561,0.25
0.09803921568627451,0.25
0.09359605911330049,0.2375
0.09405940594059406,0.2375
0.0945273631840796,0.2375
0.095,0.2375
0.09547738693467336,0.2375
0.09595959595959595,0.2375
0.09644670050761421,0.2375
0.09693877551020408,0.2375
0.09743589743589744,0.2375
0.0979381443298969,0.2375
0.09844559585492228,0.2375
0.09895833333333333,0.2375
0.09424083769633508,0.225
0.09473684210526316,0.225
0.09523809523809523,0.225
0.09574468085106383,0.225
0.0962566844919786,0.225
0.0913978494623656,0.2125
0.0918918918918919,0.2125
0.09239130434782608,0.2125
0.09289617486338798,0.2125
0.09340659340659341,0.2125
0.08839779005524862,0.2
0.08888888888888889,0.2
0.0893854748603352,0.2
0.0898876404494382,0.2
0.0903954802259887,0.2
0.09090909090909091,0.2
0.09142857142857143,0.2
0.09195402298850575,0.2
0.09248554913294797,0.2
0.09302325581395349,0.2
0.0935672514619883,0.2
0.09411764705882353,0.2
0.09467455621301775,0.2
0.09523809523809523,0.2
0.09580838323353294,0.2
0.0963855421686747,0.2
0.09696969696969697,0.2
0.0975609756097561,0.2
0.09815950920245399,0.2
0.09876543209876543,0.2
0.09316770186335403,0.1875
0.09375,0.1875
0.0880503144654088,0.175
0.08860759493670886,0.175
0.08917197452229299,0.175
0.08974358974358974,0.175
0.09032258064516129,0.175
0.09090909090909091,0.175
0.0915032679738562,0.175
0.09210526315789473,0.175
0.09271523178807947,0.175
0.09333333333333334,0.175
0.09395973154362416,0.175
0.08783783783783784,0.1625
0.08843537414965986,0.1625
0.08904109589041095,0.1625
0.0896551724137931,0.1625
0.09027777777777778,0.1625
0.09090909090909091,0.1625
0.09154929577464789,0.1625
0.09219858156028368,0.1625
0.09285714285714286,0.1625
0.09352517985611511,0.1625
0.09420289855072464,0.1625
0.0948905109489051,0.1625
0.09558823529411764,0.1625
0.0962962962962963,0.1625
0.09701492537313433,0.1625
0.09774436090225563,0.1625
0.09090909090909091,0.15
0.0916030534351145,0.15
0.09230769230769231,0.15
0.09302325581395349,0.15
0.09375,0.15
0.09448818897637795,0.15
0.09523809523809523,0.15
0.096,0.15
0.0967741935483871,0.15
0.0975609756097561,0.15
0.09836065573770492,0.15
0.09917355371900827,0.15
0.1,0.15
0.10084033613445378,0.15
0.1016949152542373,0.15
0.09401709401709402,0.1375
0.09482758620689655,0.1375
0.09565217391304348,0.1375
0.09649122807017543,0.1375
0.09734513274336283,0.1375
0.09821428571428571,0.1375
0.0990990990990991,0.1375
0.1,0.1375
0.10091743119266056,0.1375
0.10185185185185185,0.1375
0.102803738317757,0.1375
0.10377358490566038,0.1375
0.10476190476190476,0.1375
0.09615384615384616,0.125
0.0970873786407767,0.125
0.08823529411764706,0.1125
0.0891089108910891,0.1125
0.09,0.1125
0.09090909090909091,0.1125
0.09183673469387756,0.1125
0.09278350515463918,0.1125
0.09375,0.1125
0.09473684210526316,0.1125
0.09574468085106383,0.1125
0.0967741935483871,0.1125
0.09782608695652174,0.1125
0.0989010989010989,0.1125
0.1,0.1125
0.10112359550561797,0.1125
0.10227272727272728,0.1125
0.10344827586206896,0.1125
0.10465116279069768,0.1125
0.10588235294117647,0.1125
0.10714285714285714,0.1125
0.10843373493975904,0.1125
0.10975609756097561,0.1125
0.09876543209876543,0.1
0.1,0.1
0.10126582278481013,0.1
0.10256410256410256,0.1
0.1038961038961039,0.1
0.10526315789473684,0.1
0.10666666666666667,0.1
0.10810810810810811,0.1
0.0958904109589041,0.0875
0.09722222222222222,0.0875
0.09859154929577464,0.0875
0.1,0.0875
0.10144927536231885,0.0875
0.10294117647058823,0.0875
0.1044776119402985,0.0875
0.10606060606060606,0.0875
0.1076923076923077,0.0875
0.109375,0.0875
0.09523809523809523,0.075
0.0967741935483871,0.075
0.09836065573770492,0.075
0.1,0.075
0.1016949152542373,0.075
0.10344827586206896,0.075
0.10526315789473684,0.075
0.10714285714285714,0.075
0.10909090909090909,0.075
0.1111111111111111,0.075
0.11320754716981132,0.075
0.11538461538461539,0.075
0.11764705882352941,0.075
0.1,0.0625
0.10204081632653061,0.0625
0.10416666666666667,0.0625
0.10638297872340426,0.0625
0.10869565217391304,0.0625
0.1111111111111111,0.0625
0.11363636363636363,0.0625
0.11627906976744186,0.0625
0.11904761904761904,0.0625
0.12195121951219512,0.0625
0.125,0.0625
0.1282051282051282,0.0625
0.13157894736842105,0.0625
0.13513513513513514,0.0625
0.1388888888888889,0.0625
0.14285714285714285,0.0625
0.14705882352941177,0.0625
0.15151515151515152,0.0625
0.15625,0.0625
0.16129032258064516,0.0625
0.16666666666666666,0.0625
0.1724137931034483,0.0625
0.17857142857142858,0.0625
0.14814814814814814,0.05
0.15384615384615385,0.05
0.16,0.05
0.16666666666666666,0.05
0.17391304347826086,0.05
0.13636363636363635,0.0375
0.14285714285714285,0.0375
0.15,0.0375
0.15789473684210525,0.0375
0.16666666666666666,0.0375
0.17647058823529413,0.0375
0.1875,0.0375
0.2,0.0375
0.21428571428571427,0.0375
0.15384615384615385,0.025
0.16666666666666666,0.025
0.18181818181818182,0.025
0.2,0.025
0.1111111111111111,0.0125
0.125,0.0125
0.0,0.0
0.0,0.0
0.0,0.0
0.0,0.0
0.0,0.0
0.0,0.0
0.0,0.0
1.0,0.0
