Precision,Recall
0.03227107704719645,1.0
0.03627180899908173,0.9875
0.03628847037207166,0.9875
0.03630514705882353,0.9875
0.03632183908045977,0.9875
0.03633854645814168,0.9875
0.03635526921306949,0.9875
0.0363720073664825,0.9875
0.03638876093965914,0.9875
0.03640552995391705,0.9875
0.03642231443061319,0.9875
0.03643911439114391,0.9875
0.03645592985694508,0.9875
0.03647276084949215,0.9875
0.03648960739030023,0.9875
0.03650646950092421,0.9875
0.036523347202958856,0.9875
0.03654024051803885,0.9875
0.036557149467838966,0.9875
0.03657407407407407,0.9875
0.036591014358499305,0.9875
0.0366079703429101,0.9875
0.03662494204914233,0.9875
0.036178107606679034,0.975
0.03619489559164733,0.975
0.036211699164345405,0.975
0.036228518346493266,0.975
0.0362453531598513,0.975
0.03626220362622036,0.975
0.03627906976744186,0.975
0.03629595160539786,0.975
0.036312849162011177,0.975
0.036329762459245456,0.975
0.036346691519105315,0.975
0.03636363636363636,0.975
0.036380597014925374,0.975
0.036397573495100324,0.975
0.036414565826330535,0.975
0.03643157403082672,0.975
0.03644859813084112,0.975
0.0364656381486676,0.975
0.03648269410664172,0.975
0.036499766027140855,0.975
0.03651685393258427,0.975
0.03653395784543326,0.975
0.03655107778819119,0.975
0.03656821378340366,0.975
0.036585365853658534,0.975
0.03660253402158611,0.975
0.036619718309859155,0.975
0.03663691874119305,0.975
0.03665413533834586,0.975
0.036671368124118475,0.975
0.036688617121354655,0.975
0.03670588235294118,0.975
0.03672316384180791,0.975
0.036740461610927935,0.975
0.036757775683317624,0.975
0.036775106082036775,0.975
0.03679245283018868,0.975
0.03680981595092025,0.975
0.036827195467422094,0.975
0.03684459140292867,0.975
0.036862003780718335,0.975
0.03687943262411347,0.975
0.036896877956480605,0.975
0.036914339801230475,0.975
0.036931818181818184,0.975
0.03694931312174325,0.975
0.03696682464454976,0.975
0.03698435277382646,0.975
0.03700189753320683,0.975
0.037019458946369245,0.975
0.037037037037037035,0.975
0.03705463182897862,0.975
0.0370722433460076,0.975
0.037089871611982884,0.975
0.037107516650808754,0.975
0.03712517848643503,0.975
0.037142857142857144,0.975
0.037160552644116246,0.975
0.037178265014299335,0.975
0.03719599427753934,0.975
0.03721374045801527,0.975
0.037231503579952266,0.975
0.03724928366762178,0.975
0.037267080745341616,0.975
0.0372848948374761,0.975
0.03730272596843615,0.975
0.03732057416267943,0.975
0.03733843944471039,0.975
0.03735632183908046,0.975
0.037374221370388115,0.975
0.037392138063279005,0.975
0.03741007194244604,0.975
0.03742802303262956,0.975
0.03744599135861738,0.975
0.037463976945244955,0.975
0.03748197981739548,0.975
0.0375,0.975
0.03751803751803752,0.975
0.03753609239653513,0.975
0.03755416466056813,0.975
0.03757225433526012,0.975
0.037590361445783135,0.975
0.037608486017357765,0.975
0.03762662807525326,0.975
0.037644787644787646,0.975
0.03766296475132786,0.975
0.03768115942028986,0.975
0.037699371677138716,0.975
0.037717601547388784,0.975
0.03773584905660377,0.975
0.0377541142303969,0.975
0.03777239709443099,0.975
0.0377906976744186,0.975
0.03780901599612215,0.975
0.037827352085354024,0.975
0.03784570596797671,0.975
0.037864077669902914,0.975
0.03788246721709568,0.975
0.037900874635568516,0.975
0.037919299951385516,0.975
0.037937743190661476,0.975
0.03795620437956204,0.975
0.0379746835443038,0.975
0.03799318071115441,0.975
0.038011695906432746,0.975
0.03803022915650902,0.975
0.03804878048780488,0.975
0.03806734992679356,0.975
0.0380859375,0.975
0.038104543234000976,0.975
0.03812316715542522,0.975
0.038141809290953545,0.975
0.03816046966731898,0.975
0.0381791483113069,0.975
0.03819784524975514,0.975
0.03821656050955414,0.975
0.03823529411764706,0.975
0.038254046101029913,0.975
0.038272816486751716,0.975
0.03829160530191458,0.975
0.03831041257367387,0.975
0.03832923832923833,0.975
0.038348082595870206,0.975
0.038366945400885394,0.975
0.038385826771653545,0.975
0.03840472673559823,0.975
0.03842364532019704,0.975
0.03844258255298177,0.975
0.038461538461538464,0.975
0.038480513073507645,0.975
0.0384995064165844,0.975
0.03851851851851852,0.975
0.038537549407114624,0.975
0.03855659911023233,0.975
0.03857566765578635,0.975
0.03859475507174666,0.975
0.03861386138613861,0.975
0.03863298662704309,0.975
0.03865213082259663,0.975
0.03867129400099157,0.975
0.03869047619047619,0.975
0.03870967741935484,0.975
0.038728897715988087,0.975
0.038748137108792845,0.975
0.03876739562624255,0.975
0.03878667329686723,0.975
0.03880597014925373,0.975
0.03882528621204579,0.975
0.03884462151394422,0.975
0.03886397608370702,0.975
0.038883349950149554,0.975
0.03890274314214464,0.975
0.038922155688622756,0.975
0.038941587618572145,0.975
0.03896103896103896,0.975
0.038980509745127435,0.975
0.039,0.975
0.03901950975487744,0.975
0.03903903903903904,0.975
0.03905858788182273,0.975
0.03907815631262525,0.975
0.039097744360902256,0.975
0.03911735205616851,0.975
0.039136979427997994,0.975
0.0391566265060241,0.975
0.03917629331993973,0.975
0.03919597989949749,0.975
0.0392156862745098,0.975
0.039235412474849095,0.975
0.03925515853044791,0.975
0.03927492447129909,0.975
0.03929471032745592,0.975
0.03931451612903226,0.975
0.039334341906202726,0.975
0.039354187689202826,0.975
0.03937405350832913,0.975
0.03939393939393939,0.975
0.039413845376452754,0.975
0.03943377148634985,0.975
0.03945371775417299,0.975
0.039473684210526314,0.975
0.03949367088607595,0.975
0.03951367781155015,0.975
0.039533705017739486,0.975
0.03955375253549696,0.975
0.0395738203957382,0.975
0.03959390862944162,0.975
0.03961401726764855,0.975
0.039634146341463415,0.975
0.03965429588205389,0.975
0.03967446592065107,0.975
0.03969465648854962,0.975
0.03971486761710794,0.975
0.039735099337748346,0.975
0.039755351681957186,0.975
0.03977562468128506,0.975
0.03979591836734694,0.975
0.039816232771822356,0.975
0.03983656792645557,0.975
0.0398569238630557,0.975
0.03987730061349693,0.975
0.03989769820971867,0.975
0.03991811668372569,0.975
0.039938556067588324,0.975
0.039959016393442626,0.975
0.03997949769349052,0.975
0.04,0.975
0.04002052334530529,0.975
0.04004106776180698,0.975
0.040061633281972264,0.975
0.040082219938335044,0.975
0.04010282776349614,0.975
0.040123456790123455,0.975
0.04014410705095214,0.975
0.04016477857878476,0.975
0.0401854714064915,0.975
0.04020618556701031,0.975
0.040226921093347086,0.975
0.04024767801857585,0.975
0.040268456375838924,0.975
0.040289256198347105,0.975
0.040310077519379844,0.975
0.04033092037228542,0.975
0.04035178479048112,0.975
0.040372670807453416,0.975
0.04039357845675816,0.975
0.04041450777202073,0.975
0.04043545878693624,0.975
0.04045643153526971,0.975
0.040477426050856254,0.975
0.040498442367601244,0.975
0.04051948051948052,0.975
0.04054054054054054,0.975
0.0405616224648986,0.975
0.04058272632674298,0.975
0.04060385216033316,0.975
0.040625,0.975
0.04064616988014591,0.975
0.040667361835245046,0.975
0.0406885758998435,0.975
0.0407098121085595,0.975
0.04073107049608355,0.975
0.04075235109717868,0.975
0.04077365394668061,0.975
0.04079497907949791,0.975
0.04081632653061224,0.975
0.040837696335078534,0.975
0.040859088528025146,0.975
0.040880503144654086,0.975
0.04090194022024122,0.975
0.040923399790136414,0.975
0.04094488188976378,0.975
0.04096638655462185,0.975
0.040987913820283765,0.975
0.04100946372239748,0.975
0.041031036296685953,0.975
0.04105263157894737,0.975
0.04107424960505529,0.975
0.0410958904109589,0.975
0.04111755403268318,0.975
0.04113924050632911,0.975
0.04116094986807388,0.975
0.04118268215417107,0.975
0.04120443740095087,0.975
0.0412262156448203,0.975
0.041248016922263354,0.975
0.04126984126984127,0.975
0.04129168872419269,0.975
0.0413135593220339,0.975
0.04133545310015898,0.975
0.041357370095440084,0.975
0.041379310344827586,0.975
0.041401273885350316,0.975
0.04142326075411577,0.975
0.04144527098831031,0.975
0.04146730462519936,0.975
0.04148936170212766,0.975
0.041511442256519426,0.975
0.04153354632587859,0.975
0.04155567394778902,0.975
0.04157782515991471,0.975
0.0416,0.975
0.0416221985058698,0.975
0.04164442071542979,0.975
0.041666666666666664,0.975
0.04168893639764832,0.975
0.04171122994652406,0.975
0.04173354735152488,0.975
0.0417558886509636,0.975
0.04177825388323514,0.975
0.04180064308681672,0.975
0.0418230563002681,0.975
0.04184549356223176,0.975
0.04186795491143317,0.975
0.04189044038668099,0.975
0.04191295002686728,0.975
0.041935483870967745,0.975
0.04195804195804196,0.975
0.04198062432723358,0.975
0.0420032310177706,0.975
0.04202586206896552,0.975
0.042048517520215635,0.975
0.042071197411003236,0.975
0.042093901780895844,0.975
0.042116630669546434,0.975
0.04213938411669368,0.975
0.04216216216216216,0.975
0.04218496484586263,0.975
0.04220779220779221,0.975
0.04223064428803465,0.975
0.04225352112676056,0.975
0.04227642276422764,0.975
0.04229934924078091,0.975
0.042322300596852956,0.975
0.04234527687296417,0.975
0.042368278109722976,0.975
0.042391304347826085,0.975
0.04241435562805873,0.975
0.042437431991294884,0.975
0.04246053347849755,0.975
0.042483660130718956,0.975
0.04250681198910082,0.975
0.04252998909487459,0.975
0.0425531914893617,0.975
0.0425764192139738,0.975
0.042599672310213,0.975
0.04262295081967213,0.975
0.04264625478403499,0.975
0.04266958424507659,0.975
0.042692939244663386,0.975
0.04271631982475356,0.975
0.042739726027397264,0.975
0.04276315789473684,0.975
0.04278661546900713,0.975
0.042810098792535674,0.975
0.042833607907743,0.975
0.04285714285714286,0.975
0.04288070368334249,0.975
0.0429042904290429,0.975
0.04292790313703908,0.975
0.042951541850220265,0.975
0.04297520661157025,0.975
0.04299889746416759,0.975
0.04302261445118588,0.975
0.04304635761589404,0.975
0.04307012700165654,0.975
0.0430939226519337,0.975
0.04311774461028192,0.975
0.04314159292035398,0.975
0.04316546762589928,0.975
0.04318936877076412,0.975
0.043213296398891966,0.975
0.043237250554323724,0.975
0.04326123128119801,0.975
0.04328523862375139,0.975
0.043309272626318715,0.975
0.043333333333333335,0.975
0.0433574207893274,0.975
0.04338153503893215,0.975
0.04340567612687813,0.975
0.043429844097995544,0.975
0.043454038997214485,0.975
0.043478260869565216,0.975
0.04350250976017847,0.975
0.04352678571428571,0.975
0.04355108877721943,0.975
0.04357541899441341,0.975
0.043599776411403016,0.975
0.0436241610738255,0.975
0.04364857302742026,0.975
0.043673012318029114,0.975
0.043697478991596636,0.975
0.043721973094170405,0.975
0.04374649467190129,0.975
0.04377104377104377,0.975
0.043795620437956206,0.975
0.043820224719101124,0.975
0.04384485666104553,0.975
0.043869516310461196,0.975
0.04389420371412493,0.975
0.04391891891891892,0.975
0.043943661971830986,0.975
0.043968432919954906,0.975
0.043993231810490696,0.975
0.04401805869074492,0.975
0.044042913608131,0.975
0.04406779661016949,0.975
0.04409270774448841,0.975
0.04411764705882353,0.975
0.044142614601018676,0.975
0.044167610419026046,0.975
0.04419263456090652,0.975
0.04421768707482993,0.975
0.04424276800907544,0.975
0.04426787741203178,0.975
0.044293015332197615,0.975
0.04431818181818182,0.975
0.04434337691870381,0.975
0.04436860068259386,0.975
0.0443938531587934,0.975
0.04441913439635535,0.975
0.044444444444444446,0.975
0.04446978335233751,0.975
0.04449515116942385,0.975
0.04452054794520548,0.975
0.04454597372929754,0.975
0.044571428571428574,0.975
0.044596912521440824,0.975
0.04462242562929062,0.975
0.044647967945048654,0.975
0.044673539518900345,0.975
0.04469914040114613,0.975
0.04472477064220184,0.975
0.04475043029259897,0.975
0.04477611940298507,0.975
0.04480183802412407,0.975
0.04482758620689655,0.975
0.044853364002300174,0.975
0.04487917146144994,0.975
0.044905008635578586,0.975
0.044930875576036866,0.975
0.044956772334293946,0.975
0.04498269896193772,0.975
0.04500865551067513,0.975
0.04503464203233257,0.975
0.045060658578856154,0.975
0.04508670520231214,0.975
0.045112781954887216,0.975
0.04513888888888889,0.975
0.0451650260567458,0.975
0.04519119351100811,0.975
0.04521739130434783,0.975
0.04524361948955916,0.975
0.04526987811955891,0.975
0.04529616724738676,0.975
0.0453224869262057,0.975
0.04534883720930233,0.975
0.04537521815008726,0.975
0.04540162980209546,0.975
0.045428072218986607,0.975
0.045454545454545456,0.975
0.045481049562682216,0.975
0.045507584597432905,0.975
0.04553415061295972,0.975
0.0455607476635514,0.975
0.04558737580362361,0.975
0.0456140350877193,0.975
0.04564072557050907,0.975
0.04566744730679157,0.975
0.04569420035149385,0.975
0.04572098475967175,0.975
0.04574780058651026,0.975
0.045774647887323945,0.975
0.04580152671755725,0.975
0.045828437132784956,0.975
0.04585537918871252,0.975
0.04588235294117647,0.975
0.04532077692760447,0.9625
0.04534746760895171,0.9625
0.04537418974661167,0.9625
0.04540094339622641,0.9625
0.04542772861356932,0.9625
0.045454545454545456,0.9625
0.045481393975191964,0.9625
0.04550827423167849,0.9625
0.04553518628030751,0.9625
0.045562130177514794,0.9625
0.045589105979869746,0.9625
0.04561611374407583,0.9625
0.04564315352697095,0.9625
0.045670225385527875,0.9625
0.0456973293768546,0.9625
0.045724465558194774,0.9625
0.0457516339869281,0.9625
0.045778834720570746,0.9625
0.04580606781677573,0.9625
0.04583333333333333,0.9625
0.04586063132817153,0.9625
0.045887961859356376,0.9625
0.045915324985092425,0.9625
0.045942720763723154,0.9625
0.04597014925373134,0.9625
0.045997610513739545,0.9625
0.04602510460251046,0.9625
0.046052631578947366,0.9625
0.04608019150209455,0.9625
0.04610778443113772,0.9625
0.046135410425404436,0.9625
0.046163069544364506,0.9625
0.04619076184763048,0.9625
0.046218487394957986,0.9625
0.04624624624624624,0.9625
0.046274038461538464,0.9625
0.04630186410102225,0.9625
0.04632972322503008,0.9625
0.046357615894039736,0.9625
0.0463855421686747,0.9625
0.046413502109704644,0.9625
0.046441495778045835,0.9625
0.04646952323476162,0.9625
0.0464975845410628,0.9625
0.04652567975830816,0.9625
0.046553808948004836,0.9625
0.04658197217180883,0.9625
0.046610169491525424,0.9625
0.04663840096910963,0.9625
0.04666666666666667,0.9625
0.046694966646452396,0.9625
0.046723300970873786,0.9625
0.046751669702489375,0.9625
0.04678007290400972,0.9625
0.04680851063829787,0.9625
0.04683698296836983,0.9625
0.04686548995739501,0.9625
0.04689403166869671,0.9625
0.04692260816575259,0.9625
0.04695121951219512,0.9625
0.04697986577181208,0.9625
0.04700854700854701,0.9625
0.047037263286499695,0.9625
0.04706601466992665,0.9625
0.04709480122324159,0.9625
0.047123623011015914,0.9625
0.04715248009797918,0.9625
0.04718137254901961,0.9625
0.04721030042918455,0.9625
0.04723926380368098,0.9625
0.047268262737875995,0.9625
0.0472972972972973,0.9625
0.04732636754763368,0.9625
0.047355473554735544,0.9625
0.047384615384615386,0.9625
0.04741379310344827,0.9625
0.0474430067775724,0.9625
0.047472256473489516,0.9625
0.047501542257865514,0.9625
0.047530864197530866,0.9625
0.04756022235948116,0.9625
0.04758961681087762,0.9625
0.047619047619047616,0.9625
0.04764851485148515,0.9625
0.04767801857585139,0.9625
0.04770755885997522,0.9625
0.04773713577185369,0.9625
0.047766749379652605,0.9625
0.04779639975170701,0.9625
0.04782608695652174,0.9625
0.04785581106277191,0.9625
0.04788557213930348,0.9625
0.04791537025513379,0.9625
0.04794520547945205,0.9625
0.047975077881619935,0.9625
0.04800498753117207,0.9625
0.048034934497816595,0.9625
0.048064918851435705,0.9625
0.048094940662086194,0.9625
0.048125,0.9625
0.04815509693558474,0.9625
0.04818523153942428,0.9625
0.048215403882279274,0.9625
0.04824561403508772,0.9625
0.04827586206896552,0.9625
0.04830614805520703,0.9625
0.04833647206528562,0.9625
0.04836683417085427,0.9625
0.04839723444374607,0.9625
0.048427672955974846,0.9625
0.048458149779735685,0.9625
0.04848866498740554,0.9625
0.04788909892879647,0.95
0.04791929382093316,0.95
0.04794952681388013,0.95
0.047979797979797977,0.95
0.04801010739102969,0.95
0.04804045512010114,0.95
0.0480708412397217,0.95
0.04810126582278481,0.95
0.048131728942368585,0.95
0.048162230671736375,0.95
0.04819277108433735,0.95
0.048223350253807105,0.95
0.04825396825396826,0.95
0.048284625158831,0.95
0.04831532104259377,0.95
0.04834605597964377,0.95
0.0483768300445576,0.95
0.048407643312101914,0.95
0.04843849585723391,0.95
0.04846938775510204,0.95
0.048500319081046586,0.95
0.04853128991060025,0.95
0.04856230031948882,0.95
0.04859335038363171,0.95
0.04862444017914268,0.95
0.04865556978233035,0.95
0.04868673926969891,0.95
0.04871794871794872,0.95
0.048749198203976905,0.95
0.04878048780487805,0.95
0.048811817597944764,0.95
0.04884318766066838,0.95
0.04887459807073955,0.95
0.0489060489060489,0.95
0.0489375402446877,0.95
0.04896907216494845,0.95
0.049000644745325596,0.95
0.04903225806451613,0.95
0.04906391220142027,0.95
0.04909560723514212,0.95
0.0491273432449903,0.95
0.04915912031047866,0.95
0.04919093851132686,0.95
0.04922279792746114,0.95
0.0492546986390149,0.95
0.04928664072632944,0.95
0.04931862426995458,0.95
0.04935064935064935,0.95
0.04938271604938271,0.95
0.0494148244473342,0.95
0.0494469746258946,0.95
0.049479166666666664,0.95
0.049511400651465795,0.95
0.04954367666232073,0.95
0.04957599478147423,0.95
0.04960835509138381,0.95
0.049640757674722404,0.95
0.04967320261437908,0.95
0.04970568999345978,0.95
0.049738219895287955,0.95
0.04977079240340537,0.95
0.04980340760157274,0.95
0.049836065573770495,0.95
0.049868766404199474,0.95
0.04990151017728168,0.95
0.04993429697766097,0.95
0.049967126890203814,0.95
0.05,0.95
0.050032916392363395,0.95
0.05006587615283267,0.95
0.05009887936717205,0.95
0.05013192612137203,0.95
0.050165016501650166,0.95
0.05019815059445178,0.95
0.05023132848645076,0.95
0.05026455026455026,0.95
0.05029781601588352,0.95
0.05033112582781457,0.95
0.05036447978793903,0.95
0.050397877984084884,0.95
0.050431320504313204,0.95
0.05046480743691899,0.95
0.0504983388704319,0.95
0.05053191489361702,0.95
0.05056553559547571,0.95
0.05059920106524634,0.95
0.05063291139240506,0.95
0.050666666666666665,0.95
0.050700466977985324,0.95
0.050734312416555405,0.95
0.05076820307281229,0.95
0.05080213903743316,0.95
0.050836120401337795,0.95
0.050870147255689425,0.95
0.050904219691895514,0.95
0.05093833780160858,0.95
0.05097250167672703,0.95
0.05100671140939597,0.95
0.05104096709200806,0.95
0.051075268817204304,0.95
0.05110961667787491,0.95
0.05114401076716016,0.95
0.05117845117845118,0.95
0.05121293800539083,0.95
0.05124747134187458,0.95
0.05128205128205128,0.95
0.05131667792032411,0.95
0.051351351351351354,0.95
0.05138607167004733,0.95
0.05142083897158322,0.95
0.05145565335138795,0.95
0.051490514905149054,0.95
0.05152542372881356,0.95
0.051560379918588875,0.95
0.051595383570943655,0.95
0.051630434782608696,0.95
0.05166553365057784,0.95
0.05170068027210884,0.95
0.051735874744724304,0.95
0.051771117166212535,0.95
0.051806407634628494,0.95
0.05184174624829468,0.95
0.05187713310580205,0.95
0.05191256830601093,0.95
0.05194805194805195,0.95
0.05198358413132695,0.95
0.05201916495550993,0.95
0.052054794520547946,0.95
0.0520904729266621,0.95
0.05212620027434842,0.95
0.05216197666437886,0.95
0.0521978021978022,0.95
0.05223367697594502,0.95
0.052269601100412656,0.95
0.05230557467309016,0.95
0.05234159779614325,0.95
0.052377670572019294,0.95
0.05241379310344828,0.95
0.05244996549344375,0.95
0.052486187845303865,0.95
0.0525224602626123,0.95
0.05255878284923928,0.95
0.05259515570934256,0.95
0.05263157894736842,0.95
0.05266805266805267,0.95
0.052704576976421634,0.95
0.0527411519777932,0.95
0.05277777777777778,0.95
0.05281445448227936,0.95
0.05285118219749652,0.95
0.05288796102992345,0.95
0.052924791086350974,0.95
0.0529616724738676,0.95
0.05299860529986053,0.95
0.05303558967201675,0.95
0.05307262569832402,0.95
0.053109713487071976,0.95
0.05314685314685315,0.95
0.05318404478656403,0.95
0.05322128851540616,0.95
0.053258584442887176,0.95
0.05329593267882188,0.95
0.05333333333333334,0.95
0.05337078651685393,0.95
0.05340829234012649,0.95
0.053445850914205346,0.95
0.05348346235045742,0.95
0.05352112676056338,0.95
0.053558844256518676,0.95
0.0535966149506347,0.95
0.053634438955539876,0.95
0.05367231638418079,0.95
0.05371024734982332,0.95
0.05374823196605375,0.95
0.0537862703467799,0.95
0.053824362606232294,0.95
0.05386250885896527,0.95
0.05390070921985816,0.95
0.0539389638041164,0.95
0.05397727272727273,0.95
0.05401563610518834,0.95
0.05405405405405406,0.95
0.05409252669039146,0.95
0.05413105413105413,0.95
0.0541696364932288,0.95
0.05420827389443652,0.95
0.05424696645253391,0.95
0.054285714285714284,0.95
0.054324517512508934,0.95
0.05436337625178827,0.95
0.05440229062276306,0.95
0.054441260744985676,0.95
0.05448028673835126,0.95
0.054519368723098996,0.95
0.054558506819813356,0.95
0.05459770114942529,0.95
0.054636951833213515,0.95
0.05467625899280575,0.95
0.054715622750179986,0.95
0.05475504322766571,0.95
0.0547945205479452,0.95
0.05483405483405483,0.95
0.054873646209386284,0.95
0.05491329479768786,0.95
0.0549530007230658,0.95
0.05499276410998553,0.95
0.05503258508327299,0.95
0.05507246376811594,0.95
0.05511240029006526,0.95
0.055152394775036286,0.95
0.05519244734931009,0.95
0.055232558139534885,0.95
0.05527272727272727,0.95
0.055312954876273655,0.95
0.055353241077931534,0.95
0.05539358600583091,0.95
0.055433989788475566,0.95
0.05547445255474453,0.95
0.05551497443389335,0.95
0.05555555555555555,0.95
0.055596196049743966,0.95
0.055636896046852125,0.95
0.05567765567765568,0.95
0.05571847507331378,0.95
0.05575935436537051,0.95
0.055800293685756244,0.95
0.055841293166789124,0.95
0.05588235294117647,0.95
0.05592347314201619,0.95
0.055964653902798235,0.95
0.05600589535740604,0.95
0.05604719764011799,0.95
0.05608856088560885,0.95
0.056129985228951254,0.95
0.05617147080561715,0.95
0.05621301775147929,0.95
0.056254626202812734,0.95
0.05555555555555555,0.9375
0.05559673832468495,0.9375
0.055637982195845696,0.9375
0.0556792873051225,0.9375
0.05572065378900446,0.9375
0.055762081784386616,0.9375
0.05580357142857143,0.9375
0.05584512285927029,0.9375
0.05588673621460507,0.9375
0.05592841163310962,0.9375
0.055970149253731345,0.9375
0.05601194921583271,0.9375
0.05605381165919283,0.9375
0.05609573672400898,0.9375
0.0561377245508982,0.9375
0.056179775280898875,0.9375
0.05622188905547226,0.9375
0.056264066016504126,0.9375
0.05630630630630631,0.9375
0.056348610067618335,0.9375
0.05639097744360902,0.9375
0.056433408577878104,0.9375
0.05647590361445783,0.9375
0.05651846269781462,0.9375
0.05656108597285068,0.9375
0.05660377358490566,0.9375
0.05664652567975831,0.9375
0.05668934240362812,0.9375
0.056732223903177004,0.9375
0.05677517032551098,0.9375
0.056818181818181816,0.9375
0.05686125852918878,0.9375
0.05690440060698027,0.9375
0.05618830675778284,0.925
0.05623100303951368,0.925
0.05627376425855513,0.925
0.0563165905631659,0.925
0.05635948210205636,0.925
0.056402439024390245,0.925
0.05644546147978642,0.925
0.05648854961832061,0.925
0.05653170359052712,0.925
0.05657492354740061,0.925
0.056618209640397855,0.925
0.05666156202143951,0.925
0.056704980842911874,0.925
0.05674846625766871,0.925
0.056792018419033,0.925
0.05683563748079877,0.925
0.0568793235972329,0.925
0.05692307692307692,0.925
0.05696689761354888,0.925
0.05701078582434515,0.925
0.05705474171164225,0.925
0.05709876543209876,0.925
0.05714285714285714,0.925
0.0571870170015456,0.925
0.05723124516627997,0.925
0.05727554179566564,0.925
0.05731990704879938,0.925
0.05736434108527132,0.925
0.057408844065166796,0.925
0.05745341614906832,0.925
0.057498057498057496,0.925
0.05754276827371695,0.925
0.05758754863813229,0.925
0.05763239875389408,0.925
0.05767731878409977,0.925
0.057722308892355696,0.925
0.05776736924277908,0.925
0.0578125,0.925
0.05785770132916341,0.925
0.057902973395931145,0.925
0.05794831636648395,0.925
0.05799373040752351,0.925
0.05803921568627451,0.925
0.058084772370486655,0.925
0.05813040062843677,0.925
0.05817610062893082,0.925
0.058221872541306056,0.925
0.05826771653543307,0.925
0.05831363278171789,0.925
0.0583596214511041,0.925
0.05840568271507498,0.925
0.05845181674565561,0.925
0.05849802371541502,0.925
0.058544303797468354,0.925
0.05859065716547902,0.925
0.058637083993660855,0.925
0.05868358445678033,0.925
0.05873015873015873,0.925
0.05877680698967434,0.925
0.058823529411764705,0.925
0.0588703261734288,0.925
0.0589171974522293,0.925
0.05896414342629482,0.925
0.05901116427432217,0.925
0.05905826017557861,0.925
0.05910543130990415,0.925
0.05915267785771383,0.925
0.0592,0.925
0.059247397918334666,0.925
0.05929487179487179,0.925
0.05934242181234964,0.925
0.0593900481540931,0.925
0.05943775100401606,0.925
0.0594855305466238,0.925
0.05953338696701529,0.925
0.05958132045088567,0.925
0.05962933118452861,0.925
0.05967741935483871,0.925
0.05972558514931396,0.925
0.05977382875605816,0.925
0.05982215036378335,0.925
0.059870550161812294,0.925
0.05991902834008097,0.925
0.059967585089141004,0.925
0.06001622060016221,0.925
0.060064935064935064,0.925
0.06011372867587327,0.925
0.06016260162601626,0.925
0.060211554109031735,0.925
0.06026058631921824,0.925
0.06030969845150774,0.925
0.06035889070146819,0.925
0.060408163265306125,0.925
0.06045751633986928,0.925
0.06050695012264922,0.925
0.060556464811783964,0.925
0.06060606060606061,0.925
0.060655737704918035,0.925
0.06070549630844955,0.925
0.060755336617405585,0.925
0.06080525883319639,0.925
0.06085526315789474,0.925
0.060905349794238686,0.925
0.060955518945634266,0.925
0.06100577081615829,0.925
0.06105610561056106,0.925
0.0611065235342692,0.925
0.06115702479338843,0.925
0.06120760959470637,0.925
0.061258278145695365,0.925
0.061309030654515324,0.925
0.06135986733001658,0.925
0.061410788381742736,0.925
0.061461794019933555,0.925
0.06151288445552785,0.925
0.06156405990016639,0.925
0.061615320566194835,0.925
0.06166666666666667,0.925
0.061718098415346125,0.925
0.06176961602671119,0.925
0.061821219715956555,0.925
0.061872909698996656,0.925
0.06192468619246862,0.925
0.06197654941373534,0.925
0.06202849958088852,0.925
0.06208053691275168,0.925
0.06213266162888329,0.925
0.06218487394957983,0.925
0.06223717409587889,0.925
0.06228956228956229,0.925
0.062342038753159225,0.925
0.06239460370994941,0.925
0.06244725738396625,0.925
0.0625,0.925
0.06255283178360102,0.925
0.06260575296108291,0.925
0.06265876375952582,0.925
0.06271186440677966,0.925
0.06276505513146735,0.925
0.06281833616298811,0.925
0.06287170773152082,0.925
0.06292517006802721,0.925
0.06297872340425532,0.925
0.06303236797274275,0.925
0.06308610400682012,0.925
0.06313993174061433,0.925
0.0631938514090521,0.925
0.06324786324786325,0.925
0.06330196749358426,0.925
0.06335616438356165,0.925
0.06341045415595545,0.925
0.0634648370497427,0.925
0.06351931330472103,0.925
0.06357388316151202,0.925
0.06362854686156492,0.925
0.06368330464716007,0.925
0.06373815676141258,0.925
0.06379310344827586,0.925
0.0638481449525453,0.925
0.06390328151986183,0.925
0.06395851339671564,0.925
0.06401384083044982,0.925
0.06406926406926407,0.925
0.06412478336221837,0.925
0.06418039895923677,0.925
0.0642361111111111,0.925
0.06429192006950478,0.925
0.06434782608695652,0.925
0.06440382941688425,0.925
0.06445993031358885,0.925
0.06451612903225806,0.925
0.06457242582897033,0.925
0.06462882096069869,0.925
0.06468531468531469,0.925
0.0647419072615923,0.925
0.0647985989492119,0.925
0.06485539000876424,0.925
0.06491228070175438,0.925
0.0649692712906058,0.925
0.06502636203866433,0.925
0.06508355321020229,0.925
0.06514084507042253,0.925
0.06519823788546256,0.925
0.06525573192239859,0.925
0.06531332744924978,0.925
0.06537102473498234,0.925
0.06542882404951371,0.925
0.06460176991150443,0.9125
0.06465899025686449,0.9125
0.06471631205673758,0.9125
0.064773735581189,0.9125
0.06483126110124333,0.9125
0.06488888888888888,0.9125
0.06494661921708185,0.9125
0.06500445235975066,0.9125
0.06506238859180036,0.9125
0.06512042818911686,0.9125
0.06517857142857143,0.9125
0.06523681858802502,0.9125
0.06529516994633273,0.9125
0.06535362578334826,0.9125
0.06541218637992832,0.9125
0.06547085201793722,0.9125
0.06463195691202872,0.9
0.0646900269541779,0.9
0.06384892086330936,0.8875
0.0639063906390639,0.8875
0.06396396396396396,0.8875
0.06402164111812443,0.8875
0.06407942238267147,0.8875
0.06413730803974707,0.8875
0.06419529837251356,0.8875
0.06425339366515836,0.8875
0.0643699002719855,0.8875
0.06442831215970962,0.8875
0.06448683015440508,0.8875
0.06454545454545454,0.8875
0.0646041856232939,0.8875
0.06466302367941712,0.8875
0.06472196900638104,0.8875
0.06478102189781022,0.8875
0.06484018264840183,0.8875
0.06489945155393052,0.8875
0.06495882891125343,0.8875
0.06507791017415215,0.8875
0.06513761467889909,0.8875
0.06519742883379247,0.8875
0.06525735294117647,0.8875
0.06531738730450783,0.8875
0.06537753222836096,0.8875
0.06543778801843318,0.8875
0.06549815498154982,0.8875
0.06555863342566944,0.8875
0.06567992599444958,0.8875
0.06580166821130677,0.8875
0.06586270871985157,0.8875
0.06592386258124419,0.8875
0.06598513011152417,0.8875
0.06604651162790698,0.8875
0.06610800744878957,0.8875
0.06616961789375582,0.8875
0.06623134328358209,0.8875
0.06629318394024276,0.8875
0.06647940074906367,0.8875
0.06654170571696345,0.8875
0.06660412757973734,0.8875
0.06672932330827068,0.8875
0.06679209783631232,0.8875
0.06685499058380415,0.8875
0.06691800188501414,0.8875
0.0669811320754717,0.8875
0.0671077504725898,0.8875
0.06717123935666983,0.8875
0.0675547098001903,0.8875
0.06768350810295519,0.8875
0.06787762906309751,0.8875
0.06794258373205742,0.8875
0.06813819577735125,0.8875
0.06826923076923076,0.8875
0.068334937439846,0.8875
0.06776379477250725,0.875
0.06809338521400778,0.875
0.0684931506849315,0.875
0.06784660766961652,0.8625
0.068,0.85
0.06854838709677419,0.85
1.0,0.0
