Precision,Recall
0.02230259192284509,1.0
0.021712907117008445,0.972972972972973
0.02172601086300543,0.972972972972973
0.021739130434782608,0.972972972972973
0.02175226586102719,0.972972972972973
0.02176541717049577,0.972972972972973
0.021778584392014518,0.972972972972973
0.021791767554479417,0.972972972972973
0.021804966686856452,0.972972972972973
0.02181818181818182,0.972972972972973
0.021831412977562158,0.972972972972973
0.021844660194174758,0.972972972972973
0.02185792349726776,0.972972972972973
0.02187120291616039,0.972972972972973
0.02188449848024316,0.972972972972973
0.021897810218978103,0.972972972972973
0.021911138161898967,0.972972972972973
0.02192448233861145,0.972972972972973
0.021937842778793418,0.972972972972973
0.02195121951219512,0.972972972972973
0.021964612568639415,0.972972972972973
0.02197802197802198,0.972972972972973
0.021991447770311544,0.972972972972973
0.022004889975550123,0.972972972972973
0.022018348623853212,0.972972972972973
0.022031823745410038,0.972972972972973
0.02204531537048377,0.972972972972973
0.022058823529411766,0.972972972972973
0.022072348252605765,0.972972972972973
0.022085889570552148,0.972972972972973
0.022099447513812154,0.972972972972973
0.022113022113022112,0.972972972972973
0.022126613398893668,0.972972972972973
0.02214022140221402,0.972972972972973
0.022153846153846152,0.972972972972973
0.022167487684729065,0.972972972972973
0.022181146025878003,0.972972972972973
0.02219482120838471,0.972972972972973
0.022208513263417645,0.972972972972973
0.022222222222222223,0.972972972972973
0.022235948116121063,0.972972972972973
0.022249690976514216,0.972972972972973
0.022263450834879406,0.972972972972973
0.022277227722772276,0.972972972972973
0.022291021671826627,0.972972972972973
0.022304832713754646,0.972972972972973
0.022318660880347178,0.972972972972973
0.022332506203473945,0.972972972972973
0.0223463687150838,0.972972972972973
0.02236024844720497,0.972972972972973
0.022374145431945307,0.972972972972973
0.022388059701492536,0.972972972972973
0.0224019912881145,0.972972972972973
0.0224159402241594,0.972972972972973
0.022429906542056073,0.972972972972973
0.022443890274314215,0.972972972972973
0.022457891453524642,0.972972972972973
0.02247191011235955,0.972972972972973
0.022485946283572766,0.972972972972973
0.0225,0.972972972972973
0.0225140712945591,0.972972972972973
0.02252816020025031,0.972972972972973
0.022542266750156543,0.972972972972973
0.022556390977443608,0.972972972972973
0.0225705329153605,0.972972972972973
0.02258469259723965,0.972972972972973
0.022598870056497175,0.972972972972973
0.022613065326633167,0.972972972972973
0.02262727844123193,0.972972972972973
0.022641509433962263,0.972972972972973
0.022655758338577723,0.972972972972973
0.022670025188916875,0.972972972972973
0.022684310018903593,0.972972972972973
0.02269861286254729,0.972972972972973
0.022712933753943218,0.972972972972973
0.022727272727272728,0.972972972972973
0.022741629816803537,0.972972972972973
0.022756005056890013,0.972972972972973
0.022770398481973434,0.972972972972973
0.02278481012658228,0.972972972972973
0.022799240025332488,0.972972972972973
0.022813688212927757,0.972972972972973
0.022828154724159798,0.972972972972973
0.02284263959390863,0.972972972972973
0.022857142857142857,0.972972972972973
0.022871664548919948,0.972972972972973
0.02288620470438652,0.972972972972973
0.022900763358778626,0.972972972972973
0.022915340547422024,0.972972972972973
0.022929936305732482,0.972972972972973
0.022944550669216062,0.972972972972973
0.02295918367346939,0.972972972972973
0.02297383535417996,0.972972972972973
0.022988505747126436,0.972972972972973
0.023003194888178913,0.972972972972973
0.023017902813299233,0.972972972972973
0.023032629558541268,0.972972972972973
0.023047375160051217,0.972972972972973
0.023062139654067906,0.972972972972973
0.023076923076923078,0.972972972972973
0.023091725465041693,0.972972972972973
0.023106546854942234,0.972972972972973
0.023121387283236993,0.972972972972973
0.02313624678663239,0.972972972972973
0.02315112540192926,0.972972972972973
0.023166023166023165,0.972972972972973
0.0231809401159047,0.972972972972973
0.023195876288659795,0.972972972972973
0.02321083172147002,0.972972972972973
0.023225806451612905,0.972972972972973
0.023240800516462233,0.972972972972973
0.023255813953488372,0.972972972972973
0.023270846800258566,0.972972972972973
0.02328589909443726,0.972972972972973
0.02330097087378641,0.972972972972973
0.023316062176165803,0.972972972972973
0.023331173039533377,0.972972972972973
0.023346303501945526,0.972972972972973
0.02336145360155743,0.972972972972973
0.023376623376623377,0.972972972972973
0.023391812865497075,0.972972972972973
0.02340702210663199,0.972972972972973
0.02342225113858165,0.972972972972973
0.0234375,0.972972972972973
0.023452768729641693,0.972972972972973
0.022816166883963495,0.9459459459459459
0.0228310502283105,0.9459459459459459
0.022845953002610966,0.9459459459459459
0.022860875244937948,0.9459459459459459
0.02287581699346405,0.9459459459459459
0.02289077828646174,0.9459459459459459
0.022905759162303665,0.9459459459459459
0.022920759659463,0.9459459459459459
0.022935779816513763,0.9459459459459459
0.022950819672131147,0.9459459459459459
0.022965879265091863,0.9459459459459459
0.02298095863427446,0.9459459459459459
0.022996057818659658,0.9459459459459459
0.023011176857330704,0.9459459459459459
0.023026315789473683,0.9459459459459459
0.02304147465437788,0.9459459459459459
0.0230566534914361,0.9459459459459459
0.023071852340145024,0.9459459459459459
0.02308707124010554,0.9459459459459459
0.0231023102310231,0.9459459459459459
0.023117569352708058,0.9459459459459459
0.023132848645076007,0.9459459459459459
0.023148148148148147,0.9459459459459459
0.02316346790205162,0.9459459459459459
0.023178807947019868,0.9459459459459459
0.023194168323392977,0.9459459459459459
0.023209549071618037,0.9459459459459459
0.023224950232249502,0.9459459459459459
0.023240371845949535,0.9459459459459459
0.023255813953488372,0.9459459459459459
0.02327127659574468,0.9459459459459459
0.023286759813705923,0.9459459459459459
0.02330226364846871,0.9459459459459459
0.023317788141239172,0.9459459459459459
0.023333333333333334,0.9459459459459459
0.02334889926617745,0.9459459459459459
0.02336448598130841,0.9459459459459459
0.02338009352037408,0.9459459459459459
0.02339572192513369,0.9459459459459459
0.023411371237458192,0.9459459459459459
0.023427041499330656,0.9459459459459459
0.02344273275284662,0.9459459459459459
0.023458445040214475,0.9459459459459459
0.023474178403755867,0.9459459459459459
0.02348993288590604,0.9459459459459459
0.02350570852921424,0.9459459459459459
0.023521505376344086,0.9459459459459459
0.023537323470073975,0.9459459459459459
0.023553162853297442,0.9459459459459459
0.02356902356902357,0.9459459459459459
0.02358490566037736,0.9459459459459459
0.023600809170600135,0.9459459459459459
0.023616734143049933,0.9459459459459459
0.02363268062120189,0.9459459459459459
0.02364864864864865,0.9459459459459459
0.023664638269100743,0.9459459459459459
0.02368064952638701,0.9459459459459459
0.023696682464454975,0.9459459459459459
0.023712737127371274,0.9459459459459459
0.023728813559322035,0.9459459459459459
0.023744911804613297,0.9459459459459459
0.02376103190767142,0.9459459459459459
0.02377717391304348,0.9459459459459459
0.02379333786539769,0.9459459459459459
0.023809523809523808,0.9459459459459459
0.023825731790333562,0.9459459459459459
0.023841961852861037,0.9459459459459459
0.023858214042263123,0.9459459459459459
0.023874488403819918,0.9459459459459459
0.023890784982935155,0.9459459459459459
0.02390710382513661,0.9459459459459459
0.023923444976076555,0.9459459459459459
0.023939808481532147,0.9459459459459459
0.023956194387405885,0.9459459459459459
0.023972602739726026,0.9459459459459459
0.023989033584647018,0.9459459459459459
0.02400548696844993,0.9459459459459459
0.024021962937542895,0.9459459459459459
0.02403846153846154,0.9459459459459459
0.024054982817869417,0.9459459459459459
0.024071526822558458,0.9459459459459459
0.024088093599449415,0.9459459459459459
0.024104683195592287,0.9459459459459459
0.024121295658166782,0.9459459459459459
0.02413793103448276,0.9459459459459459
0.024154589371980676,0.9459459459459459
0.024171270718232045,0.9459459459459459
0.024187975120939877,0.9459459459459459
0.024204702627939143,0.9459459459459459
0.02422145328719723,0.9459459459459459
0.024238227146814405,0.9459459459459459
0.024255024255024255,0.9459459459459459
0.024271844660194174,0.9459459459459459
0.024288688410825817,0.9459459459459459
0.024305555555555556,0.9459459459459459
0.024322446143154968,0.9459459459459459
0.024339360222531293,0.9459459459459459
0.024356297842727904,0.9459459459459459
0.02437325905292479,0.9459459459459459
0.024390243902439025,0.9459459459459459
0.024407252440725245,0.9459459459459459
0.024424284717376135,0.9459459459459459
0.024441340782122904,0.9459459459459459
0.02445842068483578,0.9459459459459459
0.024475524475524476,0.9459459459459459
0.0244926522043387,0.9459459459459459
0.024509803921568627,0.9459459459459459
0.02452697967764541,0.9459459459459459
0.024544179523141654,0.9459459459459459
0.02456140350877193,0.9459459459459459
0.02457865168539326,0.9459459459459459
0.024595924104005622,0.9459459459459459
0.02461322081575246,0.9459459459459459
0.024630541871921183,0.9459459459459459
0.02464788732394366,0.9459459459459459
0.02466525722339676,0.9459459459459459
0.02468265162200282,0.9459459459459459
0.024700070571630206,0.9459459459459459
0.024717514124293787,0.9459459459459459
0.024734982332155476,0.9459459459459459
0.024752475247524754,0.9459459459459459
0.024769992922859165,0.9459459459459459
0.024787535410764873,0.9459459459459459
0.024805102763997167,0.9459459459459459
0.024822695035460994,0.9459459459459459
0.0248403122782115,0.9459459459459459
0.024857954545454544,0.9459459459459459
0.024875621890547265,0.9459459459459459
0.024893314366998577,0.9459459459459459
0.02491103202846975,0.9459459459459459
0.02492877492877493,0.9459459459459459
0.024946543121881683,0.9459459459459459
0.024964336661911554,0.9459459459459459
0.024982155603140613,0.9459459459459459
0.025,0.9459459459459459
0.02501786990707648,0.9459459459459459
0.02503576537911302,0.9459459459459459
0.025053686471009307,0.9459459459459459
0.025071633237822348,0.9459459459459459
0.025089605734767026,0.9459459459459459
0.025107604017216643,0.9459459459459459
0.02512562814070352,0.9459459459459459
0.02514367816091954,0.9459459459459459
0.02516175413371675,0.9459459459459459
0.025179856115107913,0.9459459459459459
0.0251979841612671,0.9459459459459459
0.02521613832853026,0.9459459459459459
0.025234318673395817,0.9459459459459459
0.025252525252525252,0.9459459459459459
0.02527075812274368,0.9459459459459459
0.025289017341040464,0.9459459459459459
0.025307302964569775,0.9459459459459459
0.02532561505065123,0.9459459459459459
0.025343953656770456,0.9459459459459459
0.025362318840579712,0.9459459459459459
0.025380710659898477,0.9459459459459459
0.02539912917271408,0.9459459459459459
0.025417574437182282,0.9459459459459459
0.025436046511627907,0.9459459459459459
0.025454545454545455,0.9459459459459459
0.025473071324599708,0.9459459459459459
0.025491624180626365,0.9459459459459459
0.025510204081632654,0.9459459459459459
0.025528811086797956,0.9459459459459459
0.025547445255474453,0.9459459459459459
0.02556610664718773,0.9459459459459459
0.025584795321637425,0.9459459459459459
0.025603511338697878,0.9459459459459459
0.02562225475841874,0.9459459459459459
0.02564102564102564,0.9459459459459459
0.025659824046920823,0.9459459459459459
0.025678650036683785,0.9459459459459459
0.02569750367107195,0.9459459459459459
0.025716385011021307,0.9459459459459459
0.025735294117647058,0.9459459459459459
0.025754231052244298,0.9459459459459459
0.02577319587628866,0.9459459459459459
0.025792188651436992,0.9459459459459459
0.025811209439528023,0.9459459459459459
0.025830258302583026,0.9459459459459459
0.0258493353028065,0.9459459459459459
0.025868440502586843,0.9459459459459459
0.025887573964497042,0.9459459459459459
0.025906735751295335,0.9459459459459459
0.025925925925925925,0.9459459459459459
0.025945144551519646,0.9459459459459459
0.02596439169139466,0.9459459459459459
0.025983667409057165,0.9459459459459459
0.02600297176820208,0.9459459459459459
0.026022304832713755,0.9459459459459459
0.026041666666666668,0.9459459459459459
0.026061057334326135,0.9459459459459459
0.02608047690014903,0.9459459459459459
0.02609992542878449,0.9459459459459459
0.026119402985074626,0.9459459459459459
0.026138909634055265,0.9459459459459459
0.026158445440956652,0.9459459459459459
0.02617801047120419,0.9459459459459459
0.02619760479041916,0.9459459459459459
0.026217228464419477,0.9459459459459459
0.02623688155922039,0.9459459459459459
0.02625656414103526,0.9459459459459459
0.026276276276276277,0.9459459459459459
0.02629601803155522,0.9459459459459459
0.02631578947368421,0.9459459459459459
0.02633559066967645,0.9459459459459459
0.02635542168674699,0.9459459459459459
0.02637528259231349,0.9459459459459459
0.026395173453996983,0.9459459459459459
0.026415094339622643,0.9459459459459459
0.026435045317220542,0.9459459459459459
0.026455026455026454,0.9459459459459459
0.0264750378214826,0.9459459459459459
0.026495079485238455,0.9459459459459459
0.026515151515151516,0.9459459459459459
0.026535253980288095,0.9459459459459459
0.026555386949924126,0.9459459459459459
0.026575550493545937,0.9459459459459459
0.026595744680851064,0.9459459459459459
0.026615969581749048,0.9459459459459459
0.02663622526636225,0.9459459459459459
0.026656511805026657,0.9459459459459459
0.026676829268292682,0.9459459459459459
0.02669717772692601,0.9459459459459459
0.026717557251908396,0.9459459459459459
0.026737967914438502,0.9459459459459459
0.026758409785932722,0.9459459459459459
0.026778882938026015,0.9459459459459459
0.02679938744257274,0.9459459459459459
0.02681992337164751,0.9459459459459459
0.026840490797546013,0.9459459459459459
0.02686108979278588,0.9459459459459459
0.026881720430107527,0.9459459459459459
0.026902382782475018,0.9459459459459459
0.026923076923076925,0.9459459459459459
0.026943802925327175,0.9459459459459459
0.026964560862865947,0.9459459459459459
0.026985350809560524,0.9459459459459459
0.02700617283950617,0.9459459459459459
0.02702702702702703,0.9459459459459459
0.02704791344667697,0.9459459459459459
0.027068832173240527,0.9459459459459459
0.027089783281733747,0.9459459459459459
0.027110766847405113,0.9459459459459459
0.027131782945736434,0.9459459459459459
0.027152831652443754,0.9459459459459459
0.02717391304347826,0.9459459459459459
0.027195027195027196,0.9459459459459459
0.027216174183514776,0.9459459459459459
0.027237354085603113,0.9459459459459459
0.027258566978193146,0.9459459459459459
0.027279812938425563,0.9459459459459459
0.027301092043681748,0.9459459459459459
0.0273224043715847,0.9459459459459459
0.02734375,0.9459459459459459
0.027365129007036748,0.9459459459459459
0.027386541471048513,0.9459459459459459
0.0274079874706343,0.9459459459459459
0.0274294670846395,0.9459459459459459
0.027450980392156862,0.9459459459459459
0.027472527472527472,0.9459459459459459
0.02749410840534171,0.9459459459459459
0.027515723270440252,0.9459459459459459
0.02753737214791503,0.9459459459459459
0.027559055118110236,0.9459459459459459
0.027580772261623327,0.9459459459459459
0.027602523659305992,0.9459459459459459
0.027624309392265192,0.9459459459459459
0.02764612954186414,0.9459459459459459
0.02766798418972332,0.9459459459459459
0.027689873417721517,0.9459459459459459
0.027711797307996833,0.9459459459459459
0.0277337559429477,0.9459459459459459
0.02775574940523394,0.9459459459459459
0.027777777777777776,0.9459459459459459
0.02779984114376489,0.9459459459459459
0.02782193958664547,0.9459459459459459
0.02784407319013524,0.9459459459459459
0.02786624203821656,0.9459459459459459
0.027888446215139442,0.9459459459459459
0.027910685805422646,0.9459459459459459
0.027932960893854747,0.9459459459459459
0.027955271565495207,0.9459459459459459
0.027977617905675458,0.9459459459459459
0.028,0.9459459459459459
0.02802241793434748,0.9459459459459459
0.028044871794871796,0.9459459459459459
0.028067361668003207,0.9459459459459459
0.028089887640449437,0.9459459459459459
0.028112449799196786,0.9459459459459459
0.028135048231511254,0.9459459459459459
0.02815768302493966,0.9459459459459459
0.02818035426731079,0.9459459459459459
0.028203062046736505,0.9459459459459459
0.028225806451612902,0.9459459459459459
0.02824858757062147,0.9459459459459459
0.027463651050080775,0.918918918918919
0.0274858528698464,0.918918918918919
0.02750809061488673,0.918918918918919
0.027530364372469637,0.918918918918919
0.027552674230145867,0.918918918918919
0.027575020275750203,0.918918918918919
0.027597402597402596,0.918918918918919
0.02761982128350934,0.918918918918919
0.027642276422764227,0.918918918918919
0.027664768104149716,0.918918918918919
0.02768729641693811,0.918918918918919
0.027709861450692746,0.918918918918919
0.02773246329526917,0.918918918918919
0.027755102040816326,0.918918918918919
0.027777777777777776,0.918918918918919
0.027800490596892886,0.918918918918919
0.027823240589198037,0.918918918918919
0.027846027846027847,0.918918918918919
0.027868852459016394,0.918918918918919
0.02789171452009844,0.918918918918919
0.027914614121510674,0.918918918918919
0.027937551355792935,0.918918918918919
0.027960526315789474,0.918918918918919
0.027983539094650206,0.918918918918919
0.02800658978583196,0.918918918918919
0.028029678483099753,0.918918918918919
0.028052805280528052,0.918918918918919
0.028075970272502065,0.918918918918919
0.02809917355371901,0.918918918918919
0.028122415219189414,0.918918918918919
0.028145695364238412,0.918918918918919
0.028169014084507043,0.918918918918919
0.028192371475953566,0.918918918918919
0.028215767634854772,0.918918918918919
0.02823920265780731,0.918918918918919
0.02826267664172901,0.918918918918919
0.028286189683860232,0.918918918918919
0.028309741881765195,0.918918918918919
0.028333333333333332,0.918918918918919
0.02835696413678065,0.918918918918919
0.028380634390651086,0.918918918918919
0.028404344193817876,0.918918918918919
0.028428093645484948,0.918918918918919
0.028451882845188285,0.918918918918919
0.02847571189279732,0.918918918918919
0.028499580888516344,0.918918918918919
0.028523489932885907,0.918918918918919
0.028547439126784216,0.918918918918919
0.02857142857142857,0.918918918918919
0.028595458368376788,0.918918918918919
0.02861952861952862,0.918918918918919
0.02864363942712721,0.918918918918919
0.02866779089376054,0.918918918918919
0.02869198312236287,0.918918918918919
0.028716216216216218,0.918918918918919
0.028740490278951817,0.918918918918919
0.028764805414551606,0.918918918918919
0.028789161727349702,0.918918918918919
0.0288135593220339,0.918918918918919
0.02883799830364716,0.918918918918919
0.028862478777589132,0.918918918918919
0.02888700084961767,0.918918918918919
0.02891156462585034,0.918918918918919
0.02893617021276596,0.918918918918919
0.028960817717206135,0.918918918918919
0.028985507246376812,0.918918918918919
0.02901023890784983,0.918918918918919
0.029035012809564473,0.918918918918919
0.02905982905982906,0.918918918918919
0.0290846877673225,0.918918918918919
0.02910958904109589,0.918918918918919
0.02913453299057412,0.918918918918919
0.029159519725557463,0.918918918918919
0.029184549356223177,0.918918918918919
0.029209621993127148,0.918918918918919
0.029234737747205503,0.918918918918919
0.029259896729776247,0.918918918918919
0.029285099052540915,0.918918918918919
0.029310344827586206,0.918918918918919
0.029335634167385678,0.918918918918919
0.02936096718480138,0.918918918918919
0.029386343993085567,0.918918918918919
0.029411764705882353,0.918918918918919
0.02943722943722944,0.918918918918919
0.029462738301559793,0.918918918918919
0.029488291413703384,0.918918918918919
0.029513888888888888,0.918918918918919
0.029539530842745437,0.918918918918919
0.029565217391304348,0.918918918918919
0.02959094865100087,0.918918918918919
0.029616724738675958,0.918918918918919
0.02964254577157803,0.918918918918919
0.029668411867364748,0.918918918918919
0.029694323144104803,0.918918918918919
0.02972027972027972,0.918918918918919
0.02974628171478565,0.918918918918919
0.0297723292469352,0.918918918918919
0.029798422436459245,0.918918918918919
0.02982456140350877,0.918918918918919
0.029850746268656716,0.918918918918919
0.029876977152899824,0.918918918918919
0.02990325417766051,0.918918918918919
0.02992957746478873,0.918918918918919
0.029955947136563875,0.918918918918919
0.029982363315696647,0.918918918918919
0.03000882612533098,0.918918918918919
0.030035335689045935,0.918918918918919
0.030061892130857647,0.918918918918919
0.03008849557522124,0.918918918918919
0.030115146147032774,0.918918918918919
0.030141843971631204,0.918918918918919
0.030168589174800354,0.918918918918919
0.03019538188277087,0.918918918918919
0.030222222222222223,0.918918918918919
0.030249110320284697,0.918918918918919
0.030276046304541407,0.918918918918919
0.030303030303030304,0.918918918918919
0.030330062444246207,0.918918918918919
0.030357142857142857,0.918918918918919
0.03038427167113494,0.918918918918919
0.03041144901610018,0.918918918918919
0.03043867502238138,0.918918918918919
0.03046594982078853,0.918918918918919
0.030493273542600896,0.918918918918919
0.03052064631956912,0.918918918918919
0.030548068283917342,0.918918918918919
0.030575539568345324,0.918918918918919
0.0306030603060306,0.918918918918919
0.03063063063063063,0.918918918918919
0.030658250676284943,0.918918918918919
0.030685920577617327,0.918918918918919
0.03071364046973803,0.918918918918919
0.03074141048824593,0.918918918918919
0.03076923076923077,0.918918918918919
0.030797101449275364,0.918918918918919
0.030825022665457842,0.918918918918919
0.030852994555353903,0.918918918918919
0.030881017257039057,0.918918918918919
0.03090909090909091,0.918918918918919
0.030937215650591446,0.918918918918919
0.030965391621129327,0.918918918918919
0.03099361896080219,0.918918918918919
0.03102189781021898,0.918918918918919
0.031050228310502283,0.918918918918919
0.031078610603290677,0.918918918918919
0.03110704483074108,0.918918918918919
0.031135531135531136,0.918918918918919
0.031164069660861594,0.918918918918919
0.031192660550458717,0.918918918918919
0.031221303948576674,0.918918918918919
0.03125,0.918918918918919
0.031278748850046,0.918918918918919
0.03130755064456722,0.918918918918919
0.03133640552995392,0.918918918918919
0.03136531365313653,0.918918918918919
0.03139427516158818,0.918918918918919
0.031423290203327174,0.918918918918919
0.030527289546716005,0.8918918918918919
0.030555555555555555,0.8918918918918919
0.030583873957367932,0.8918918918918919
0.030612244897959183,0.8918918918918919
0.03064066852367688,0.8918918918918919
0.03066914498141264,0.8918918918918919
0.030697674418604652,0.8918918918918919
0.030726256983240222,0.8918918918918919
0.03075489282385834,0.8918918918918919
0.030783582089552237,0.8918918918918919
0.03081232492997199,0.8918918918918919
0.0308411214953271,0.8918918918918919
0.03086997193638915,0.8918918918918919
0.03089887640449438,0.8918918918918919
0.030927835051546393,0.8918918918918919
0.03095684803001876,0.8918918918918919
0.030985915492957747,0.8918918918918919
0.03101503759398496,0.8918918918918919
0.031044214487300093,0.8918918918918919
0.031073446327683617,0.8918918918918919
0.03110273327049953,0.8918918918918919
0.031132075471698113,0.8918918918918919
0.031161473087818695,0.8918918918918919
0.031190926275992438,0.8918918918918919
0.03122043519394513,0.8918918918918919
0.03125,0.8918918918918919
0.031279620853080566,0.8918918918918919
0.031309297912713474,0.8918918918918919
0.03133903133903134,0.8918918918918919
0.03136882129277566,0.8918918918918919
0.03139866793529972,0.8918918918918919
0.03142857142857143,0.8918918918918919
0.03145853193517636,0.8918918918918919
0.03148854961832061,0.8918918918918919
0.03151862464183381,0.8918918918918919
0.03154875717017208,0.8918918918918919
0.031578947368421054,0.8918918918918919
0.031609195402298854,0.8918918918918919
0.031639501438159155,0.8918918918918919
0.03166986564299424,0.8918918918918919
0.03170028818443804,0.8918918918918919
0.03173076923076923,0.8918918918918919
0.03176130895091434,0.8918918918918919
0.031791907514450865,0.8918918918918919
0.03182256509161042,0.8918918918918919
0.03185328185328185,0.8918918918918919
0.03188405797101449,0.8918918918918919
0.031914893617021274,0.8918918918918919
0.031945788964181994,0.8918918918918919
0.03197674418604651,0.8918918918918919
0.03200775945683802,0.8918918918918919
0.03203883495145631,0.8918918918918919
0.03206997084548105,0.8918918918918919
0.032101167315175094,0.8918918918918919
0.03213242453748783,0.8918918918918919
0.03216374269005848,0.8918918918918919
0.03219512195121951,0.8918918918918919
0.0322265625,0.8918918918918919
0.03225806451612903,0.8918918918918919
0.03228962818003914,0.8918918918918919
0.03232125367286973,0.8918918918918919
0.03235294117647059,0.8918918918918919
0.0323846908734053,0.8918918918918919
0.03241650294695481,0.8918918918918919
0.032448377581120944,0.8918918918918919
0.03248031496062992,0.8918918918918919
0.03251231527093596,0.8918918918918919
0.03254437869822485,0.8918918918918919
0.03257650542941757,0.8918918918918919
0.03260869565217391,0.8918918918918919
0.032640949554896145,0.8918918918918919
0.032673267326732675,0.8918918918918919
0.03270564915758176,0.8918918918918919
0.03273809523809524,0.8918918918918919
0.03277060575968222,0.8918918918918919
0.032803180914512925,0.8918918918918919
0.03283582089552239,0.8918918918918919
0.03286852589641434,0.8918918918918919
0.03290129611166501,0.8918918918918919
0.03293413173652695,0.8918918918918919
0.03296703296703297,0.8918918918918919
0.033,0.8918918918918919
0.03303303303303303,0.8918918918918919
0.033066132264529056,0.8918918918918919
0.033099297893681046,0.8918918918918919
0.03313253012048193,0.8918918918918919
0.033165829145728645,0.8918918918918919
0.03319919517102616,0.8918918918918919
0.03323262839879154,0.8918918918918919
0.03326612903225806,0.8918918918918919
0.033299697275479316,0.8918918918918919
0.03333333333333333,0.8918918918918919
0.033367037411526794,0.8918918918918919
0.03340080971659919,0.8918918918918919
0.03343465045592705,0.8918918918918919
0.033468559837728194,0.8918918918918919
0.03350253807106599,0.8918918918918919
0.03353658536585366,0.8918918918918919
0.0335707019328586,0.8918918918918919
0.03360488798370672,0.8918918918918919
0.03363914373088685,0.8918918918918919
0.0336734693877551,0.8918918918918919
0.033707865168539325,0.8918918918918919
0.03374233128834356,0.8918918918918919
0.033776867963152504,0.8918918918918919
0.03381147540983607,0.8918918918918919
0.033846153846153845,0.8918918918918919
0.033880903490759756,0.8918918918918919
0.03391572456320658,0.8918918918918919
0.033950617283950615,0.8918918918918919
0.03398558187435633,0.8918918918918919
0.03402061855670103,0.8918918918918919
0.034055727554179564,0.8918918918918919
0.03409090909090909,0.8918918918918919
0.03412616339193381,0.8918918918918919
0.034161490683229816,0.8918918918918919
0.03419689119170984,0.8918918918918919
0.03423236514522822,0.8918918918918919
0.03426791277258567,0.8918918918918919
0.034303534303534305,0.8918918918918919
0.03433922996878252,0.8918918918918919
0.034375,0.8918918918918919
0.03441084462982273,0.8918918918918919
0.03444676409185804,0.8918918918918919
0.034482758620689655,0.8918918918918919
0.034518828451882845,0.8918918918918919
0.03455497382198953,0.8918918918918919
0.03459119496855346,0.8918918918918919
0.03462749213011543,0.8918918918918919
0.03466386554621849,0.8918918918918919
0.03470031545741325,0.8918918918918919
0.034736842105263156,0.8918918918918919
0.03477344573234984,0.8918918918918919
0.03481012658227848,0.8918918918918919
0.03484688489968321,0.8918918918918919
0.03488372093023256,0.8918918918918919
0.03492063492063492,0.8918918918918919
0.034957627118644065,0.8918918918918919
0.03499469777306469,0.8918918918918919
0.03503184713375796,0.8918918918918919
0.03506907545164718,0.8918918918918919
0.035106382978723406,0.8918918918918919
0.03514376996805112,0.8918918918918919
0.035181236673773986,0.8918918918918919
0.035218783351120594,0.8918918918918919
0.035256410256410256,0.8918918918918919
0.03529411764705882,0.8918918918918919
0.035331905781584586,0.8918918918918919
0.03536977491961415,0.8918918918918919
0.03540772532188841,0.8918918918918919
0.03544575725026853,0.8918918918918919
0.035483870967741936,0.8918918918918919
0.03552206673842842,0.8918918918918919
0.03556034482758621,0.8918918918918919
0.03559870550161812,0.8918918918918919
0.035637149028077755,0.8918918918918919
0.03567567567567568,0.8918918918918919
0.03571428571428571,0.8918918918918919
0.035752979414951244,0.8918918918918919
0.03579175704989154,0.8918918918918919
0.035830618892508145,0.8918918918918919
0.035869565217391305,0.8918918918918919
0.035908596300326445,0.8918918918918919
0.034858387799564274,0.8648648648648649
0.03489640130861505,0.8648648648648649
0.034934497816593885,0.8648648648648649
0.034972677595628415,0.8648648648648649
0.0350109409190372,0.8648648648648649
0.03504928806133625,0.8648648648648649
0.03508771929824561,0.8648648648648649
0.03512623490669594,0.8648648648648649
0.035164835164835165,0.8648648648648649
0.0352035203520352,0.8648648648648649
0.03524229074889868,0.8648648648648649
0.03528114663726571,0.8648648648648649
0.03532008830022075,0.8648648648648649
0.03535911602209945,0.8648648648648649
0.035398230088495575,0.8648648648648649
0.035437430786267994,0.8648648648648649
0.03547671840354767,0.8648648648648649
0.03551609322974473,0.8648648648648649
0.035555555555555556,0.8648648648648649
0.035595105672969966,0.8648648648648649
0.035634743875278395,0.8648648648648649
0.03567447045707915,0.8648648648648649
0.03571428571428571,0.8648648648648649
0.035754189944134075,0.8648648648648649
0.035794183445190156,0.8648648648648649
0.03583426651735722,0.8648648648648649
0.03587443946188341,0.8648648648648649
0.03591470258136925,0.8648648648648649
0.035955056179775284,0.8648648648648649
0.0359955005624297,0.8648648648648649
0.036036036036036036,0.8648648648648649
0.036076662908680945,0.8648648648648649
0.03611738148984198,0.8648648648648649
0.03615819209039548,0.8648648648648649
0.03619909502262444,0.8648648648648649
0.0362400906002265,0.8648648648648649
0.036281179138321996,0.8648648648648649
0.036322360953461974,0.8648648648648649
0.03636363636363636,0.8648648648648649
0.03640500568828214,0.8648648648648649
0.03644646924829157,0.8648648648648649
0.036488027366020526,0.8648648648648649
0.0365296803652968,0.8648648648648649
0.036571428571428574,0.8648648648648649
0.036613272311212815,0.8648648648648649
0.03665521191294387,0.8648648648648649
0.03669724770642202,0.8648648648648649
0.03559127439724455,0.8378378378378378
0.035632183908045977,0.8378378378378378
0.03567318757192175,0.8378378378378378
0.03571428571428571,0.8378378378378378
0.03575547866205306,0.8378378378378378
0.03579676674364896,0.8378378378378378
0.035838150289017344,0.8378378378378378
0.03587962962962963,0.8378378378378378
0.03592120509849363,0.8378378378378378
0.03596287703016241,0.8378378378378378
0.036004645760743324,0.8378378378378378
0.03604651162790698,0.8378378378378378
0.03608847497089639,0.8378378378378378
0.03613053613053613,0.8378378378378378
0.03617269544924154,0.8378378378378378
0.036214953271028034,0.8378378378378378
0.03625730994152047,0.8378378378378378
0.03629976580796253,0.8378378378378378
0.03634232121922626,0.8378378378378378
0.036384976525821594,0.8378378378378378
0.036427732079905996,0.8378378378378378
0.036470588235294116,0.8378378378378378
0.03651354534746761,0.8378378378378378
0.036556603773584904,0.8378378378378378
0.03659976387249114,0.8378378378378378
0.03664302600472813,0.8378378378378378
0.036686390532544376,0.8378378378378378
0.03672985781990521,0.8378378378378378
0.036773428232502965,0.8378378378378378
0.03681710213776722,0.8378378378378378
0.036860879904875146,0.8378378378378378
0.036904761904761905,0.8378378378378378
0.03694874851013111,0.8378378378378378
0.03699284009546539,0.8378378378378378
0.037037037037037035,0.8378378378378378
0.03708133971291866,0.8378378378378378
0.037125748502994015,0.8378378378378378
0.03717026378896882,0.8378378378378378
0.03721488595438175,0.8378378378378378
0.037259615384615384,0.8378378378378378
0.03730445246690734,0.8378378378378378
0.03734939759036145,0.8378378378378378
0.03739445114595899,0.8378378378378378
0.03743961352657005,0.8378378378378378
0.037484885126964934,0.8378378378378378
0.03753026634382567,0.8378378378378378
0.037575757575757575,0.8378378378378378
0.03762135922330097,0.8378378378378378
0.03766707168894289,0.8378378378378378
0.0364963503649635,0.8108108108108109
0.03654080389768575,0.8108108108108109
0.036585365853658534,0.8108108108108109
0.03663003663003663,0.8108108108108109
0.03667481662591687,0.8108108108108109
0.03671970624235006,0.8108108108108109
0.03676470588235294,0.8108108108108109
0.03680981595092025,0.8108108108108109
0.036855036855036855,0.8108108108108109
0.03690036900369004,0.8108108108108109
0.03694581280788178,0.8108108108108109
0.036991368680641186,0.8108108108108109
0.037037037037037035,0.8108108108108109
0.037082818294190356,0.8108108108108109
0.03712871287128713,0.8108108108108109
0.03717472118959108,0.8108108108108109
0.03722084367245657,0.8108108108108109
0.037267080745341616,0.8108108108108109
0.03731343283582089,0.8108108108108109
0.037359900373599,0.8108108108108109
0.03740648379052369,0.8108108108108109
0.03745318352059925,0.8108108108108109
0.0375,0.8108108108108109
0.03754693366708386,0.8108108108108109
0.03759398496240601,0.8108108108108109
0.037641154328732745,0.8108108108108109
0.03768844221105527,0.8108108108108109
0.03773584905660377,0.8108108108108109
0.037783375314861464,0.8108108108108109
0.03783102143757881,0.8108108108108109
0.03787878787878788,0.8108108108108109
0.03792667509481669,0.8108108108108109
0.0379746835443038,0.8108108108108109
0.03802281368821293,0.8108108108108109
0.03807106598984772,0.8108108108108109
0.03811944091486658,0.8108108108108109
0.03816793893129771,0.8108108108108109
0.03821656050955414,0.8108108108108109
0.03826530612244898,0.8108108108108109
0.038314176245210725,0.8108108108108109
0.03836317135549872,0.8108108108108109
0.03841229193341869,0.8108108108108109
0.038461538461538464,0.8108108108108109
0.038510911424903725,0.8108108108108109
0.038560411311053984,0.8108108108108109
0.03861003861003861,0.8108108108108109
0.03865979381443299,0.8108108108108109
0.03870967741935484,0.8108108108108109
0.03875968992248062,0.8108108108108109
0.03880983182406209,0.8108108108108109
0.038860103626943004,0.8108108108108109
0.038910505836575876,0.8108108108108109
0.03896103896103896,0.8108108108108109
0.03901170351105332,0.8108108108108109
0.0390625,0.8108108108108109
0.03911342894393742,0.8108108108108109
0.0391644908616188,0.8108108108108109
0.0392156862745098,0.8108108108108109
0.03926701570680628,0.8108108108108109
0.039318479685452164,0.8108108108108109
0.03937007874015748,0.8108108108108109
0.03942181340341656,0.8108108108108109
0.039473684210526314,0.8108108108108109
0.039525691699604744,0.8108108108108109
0.0395778364116095,0.8108108108108109
0.03963011889035667,0.8108108108108109
0.03968253968253968,0.8108108108108109
0.039735099337748346,0.8108108108108109
0.03978779840848806,0.8108108108108109
0.0398406374501992,0.8108108108108109
0.0398936170212766,0.8108108108108109
0.03994673768308921,0.8108108108108109
0.04,0.8108108108108109
0.04005340453938585,0.8108108108108109
0.040106951871657755,0.8108108108108109
0.040160642570281124,0.8108108108108109
0.040214477211796246,0.8108108108108109
0.040268456375838924,0.8108108108108109
0.04032258064516129,0.8108108108108109
0.040376850605652756,0.8108108108108109
0.04043126684636118,0.8108108108108109
0.04048582995951417,0.8108108108108109
0.04054054054054054,0.8108108108108109
0.04059539918809202,0.8108108108108109
0.04065040650406504,0.8108108108108109
0.0407055630936228,0.8108108108108109
0.04076086956521739,0.8108108108108109
0.04081632653061224,0.8108108108108109
0.04087193460490463,0.8108108108108109
0.040927694406548434,0.8108108108108109
0.040983606557377046,0.8108108108108109
0.04103967168262654,0.8108108108108109
0.0410958904109589,0.8108108108108109
0.0411522633744856,0.8108108108108109
0.04120879120879121,0.8108108108108109
0.04126547455295736,0.8108108108108109
0.04132231404958678,0.8108108108108109
0.041379310344827586,0.8108108108108109
0.04143646408839779,0.8108108108108109
0.04149377593360996,0.8108108108108109
0.04155124653739612,0.8108108108108109
0.04160887656033287,0.8108108108108109
0.041666666666666664,0.8108108108108109
0.04033379694019471,0.7837837837837838
0.0403899721448468,0.7837837837837838
0.040446304044630406,0.7837837837837838
0.040502793296089384,0.7837837837837838
0.04055944055944056,0.7837837837837838
0.04061624649859944,0.7837837837837838
0.04067321178120617,0.7837837837837838
0.04073033707865169,0.7837837837837838
0.040787623066104076,0.7837837837837838
0.04084507042253521,0.7837837837837838
0.04090267983074753,0.7837837837837838
0.04096045197740113,0.7837837837837838
0.04101838755304102,0.7837837837837838
0.04107648725212465,0.7837837837837838
0.04113475177304964,0.7837837837837838
0.041193181818181816,0.7837837837837838
0.041251778093883355,0.7837837837837838
0.04131054131054131,0.7837837837837838
0.04136947218259629,0.7837837837837838
0.041428571428571426,0.7837837837837838
0.04148783977110158,0.7837837837837838
0.04154727793696275,0.7837837837837838
0.04160688665710186,0.7837837837837838
0.041666666666666664,0.7837837837837838
0.041726618705035974,0.7837837837837838
0.04178674351585014,0.7837837837837838
0.04184704184704185,0.7837837837837838
0.04190751445086705,0.7837837837837838
0.041968162083936326,0.7837837837837838
0.042028985507246375,0.7837837837837838
0.0420899854862119,0.7837837837837838
0.04215116279069767,0.7837837837837838
0.042212518195050945,0.7837837837837838
0.04227405247813411,0.7837837837837838
0.042335766423357665,0.7837837837837838
0.04239766081871345,0.7837837837837838
0.0424597364568082,0.7837837837837838
0.04252199413489736,0.7837837837837838
0.042584434654919234,0.7837837837837838
0.04264705882352941,0.7837837837837838
0.042709867452135494,0.7837837837837838
0.04277286135693215,0.7837837837837838
0.04283604135893648,0.7837837837837838
0.042899408284023666,0.7837837837837838
0.04296296296296296,0.7837837837837838
0.04302670623145401,0.7837837837837838
0.04309063893016345,0.7837837837837838
0.043154761904761904,0.7837837837837838
0.043219076005961254,0.7837837837837838
0.04328358208955224,0.7837837837837838
0.043348281016442454,0.7837837837837838
0.04341317365269461,0.7837837837837838
0.043478260869565216,0.7837837837837838
0.04354354354354354,0.7837837837837838
0.04360902255639098,0.7837837837837838
0.043674698795180725,0.7837837837837838
0.043740573152337855,0.7837837837837838
0.04380664652567976,0.7837837837837838
0.04387291981845688,0.7837837837837838
0.04393939393939394,0.7837837837837838
0.04400606980273141,0.7837837837837838
0.044072948328267476,0.7837837837837838
0.0441400304414003,0.7837837837837838
0.04420731707317073,0.7837837837837838
0.044274809160305344,0.7837837837837838
0.04434250764525994,0.7837837837837838
0.0444104134762634,0.7837837837837838
0.04447852760736196,0.7837837837837838
0.0445468509984639,0.7837837837837838
0.04461538461538461,0.7837837837837838
0.04468412942989214,0.7837837837837838
0.044753086419753084,0.7837837837837838
0.04482225656877898,0.7837837837837838
0.04489164086687306,0.7837837837837838
0.04496124031007752,0.7837837837837838
0.04503105590062112,0.7837837837837838
0.04510108864696734,0.7837837837837838
0.045171339563862926,0.7837837837837838
0.0452418096723869,0.7837837837837838
0.0453125,0.7837837837837838
0.04538341158059468,0.7837837837837838
0.045454545454545456,0.7837837837837838
0.04552590266875981,0.7837837837837838
0.04559748427672956,0.7837837837837838
0.04566929133858268,0.7837837837837838
0.04574132492113565,0.7837837837837838
0.045813586097946286,0.7837837837837838
0.04588607594936709,0.7837837837837838
0.04595879556259905,0.7837837837837838
0.046031746031746035,0.7837837837837838
0.046104928457869634,0.7837837837837838
0.04617834394904458,0.7837837837837838
0.046251993620414676,0.7837837837837838
0.0463258785942492,0.7837837837837838
0.0464,0.7837837837837838
0.046474358974358976,0.7837837837837838
0.04654895666131621,0.7837837837837838
0.04662379421221865,0.7837837837837838
0.04669887278582931,0.7837837837837838
0.0467741935483871,0.7837837837837838
0.046849757673667204,0.7837837837837838
0.04692556634304207,0.7837837837837838
0.04700162074554295,0.7837837837837838
0.04707792207792208,0.7837837837837838
0.04715447154471545,0.7837837837837838
0.04723127035830619,0.7837837837837838
0.04730831973898858,0.7837837837837838
0.04738562091503268,0.7837837837837838
0.04746317512274959,0.7837837837837838
0.047540983606557376,0.7837837837837838
0.047619047619047616,0.7837837837837838
0.047697368421052634,0.7837837837837838
0.047775947281713346,0.7837837837837838
0.04785478547854786,0.7837837837837838
0.047933884297520664,0.7837837837837838
0.048013245033112585,0.7837837837837838
0.04809286898839138,0.7837837837837838
0.04817275747508306,0.7837837837837838
0.048252911813643926,0.7837837837837838
0.04833333333333333,0.7837837837837838
0.048414023372287146,0.7837837837837838
0.048494983277591976,0.7837837837837838
0.048576214405360134,0.7837837837837838
0.04865771812080537,0.7837837837837838
0.04873949579831933,0.7837837837837838
0.04882154882154882,0.7837837837837838
0.048903878583473864,0.7837837837837838
0.048986486486486486,0.7837837837837838
0.049069373942470386,0.7837837837837838
0.04915254237288136,0.7837837837837838
0.04923599320882852,0.7837837837837838
0.04931972789115646,0.7837837837837838
0.049403747870528106,0.7837837837837838
0.04948805460750853,0.7837837837837838
0.04957264957264957,0.7837837837837838
0.04965753424657534,0.7837837837837838
0.04974271012006861,0.7837837837837838
0.04982817869415808,0.7837837837837838
0.04991394148020654,0.7837837837837838
0.05,0.7837837837837838
0.05008635578583765,0.7837837837837838
0.050173010380622836,0.7837837837837838
0.05025996533795494,0.7837837837837838
0.050347222222222224,0.7837837837837838
0.050434782608695654,0.7837837837837838
0.050522648083623695,0.7837837837837838
0.0506108202443281,0.7837837837837838
0.050699300699300696,0.7837837837837838
0.050788091068301226,0.7837837837837838
0.05087719298245614,0.7837837837837838
0.050966608084358524,0.7837837837837838
0.051056338028169015,0.7837837837837838
0.05114638447971781,0.7837837837837838
0.05123674911660778,0.7837837837837838
0.05132743362831858,0.7837837837837838
0.051418439716312055,0.7837837837837838
0.05150976909413854,0.7837837837837838
0.051601423487544484,0.7837837837837838
0.05169340463458111,0.7837837837837838
0.05178571428571429,0.7837837837837838
0.0518783542039356,0.7837837837837838
0.05197132616487455,0.7837837837837838
0.05206463195691203,0.7837837837837838
0.052158273381294966,0.7837837837837838
0.05045045045045045,0.7567567567567568
0.05054151624548736,0.7567567567567568
0.05063291139240506,0.7567567567567568
0.050724637681159424,0.7567567567567568
0.050816696914700546,0.7567567567567568
0.05090909090909091,0.7567567567567568
0.051001821493624776,0.7567567567567568
0.051094890510948905,0.7567567567567568
0.051188299817184646,0.7567567567567568
0.05128205128205128,0.7567567567567568
0.05137614678899083,0.7567567567567568
0.051470588235294115,0.7567567567567568
0.049723756906077346,0.7297297297297297
0.04981549815498155,0.7297297297297297
0.04990757855822551,0.7297297297297297
0.05,0.7297297297297297
0.05009276437847866,0.7297297297297297
0.05018587360594796,0.7297297297297297
0.05027932960893855,0.7297297297297297
0.05037313432835821,0.7297297297297297
0.05046728971962617,0.7297297297297297
0.05056179775280899,0.7297297297297297
0.05065666041275797,0.7297297297297297
0.04887218045112782,0.7027027027027027
0.04896421845574388,0.7027027027027027
0.04905660377358491,0.7027027027027027
0.04914933837429111,0.7027027027027027
0.04924242424242424,0.7027027027027027
0.04933586337760911,0.7027027027027027
0.049429657794676805,0.7027027027027027
0.049523809523809526,0.7027027027027027
0.04961832061068702,0.7027027027027027
0.0497131931166348,0.7027027027027027
0.04980842911877394,0.7027027027027027
0.04990403071017274,0.7027027027027027
0.05,0.7027027027027027
0.05009633911368015,0.7027027027027027
0.05019305019305019,0.7027027027027027
0.05029013539651837,0.7027027027027027
0.050387596899224806,0.7027027027027027
0.05048543689320388,0.7027027027027027
0.05058365758754864,0.7027027027027027
0.050682261208576995,0.7027027027027027
0.05078125,0.7027027027027027
0.050880626223091974,0.7027027027027027
0.050980392156862744,0.7027027027027027
0.05108055009823183,0.7027027027027027
0.051181102362204724,0.7027027027027027
0.05128205128205128,0.7027027027027027
0.05138339920948617,0.7027027027027027
0.05148514851485148,0.7027027027027027
0.051587301587301584,0.7027027027027027
0.05168986083499006,0.7027027027027027
0.05179282868525897,0.7027027027027027
0.05189620758483034,0.7027027027027027
0.052,0.7027027027027027
0.052104208416833664,0.7027027027027027
0.05220883534136546,0.7027027027027027
0.052313883299798795,0.7027027027027027
0.05241935483870968,0.7027027027027027
0.052525252525252523,0.7027027027027027
0.05263157894736842,0.7027027027027027
0.05273833671399594,0.7027027027027027
0.052845528455284556,0.7027027027027027
0.05295315682281059,0.7027027027027027
0.053061224489795916,0.7027027027027027
0.053169734151329244,0.7027027027027027
0.05327868852459016,0.7027027027027027
0.053388090349075976,0.7027027027027027
0.053497942386831275,0.7027027027027027
0.05360824742268041,0.7027027027027027
0.05371900826446281,0.7027027027027027
0.053830227743271224,0.7027027027027027
0.05394190871369295,0.7027027027027027
0.05405405405405406,0.7027027027027027
0.05416666666666667,0.7027027027027027
0.054279749478079335,0.7027027027027027
0.05439330543933055,0.7027027027027027
0.05450733752620545,0.7027027027027027
0.0546218487394958,0.7027027027027027
0.05473684210526316,0.7027027027027027
0.05485232067510549,0.7027027027027027
0.05496828752642706,0.7027027027027027
0.05508474576271186,0.7027027027027027
0.055201698513800426,0.7027027027027027
0.05531914893617021,0.7027027027027027
0.05543710021321962,0.7027027027027027
0.05555555555555555,0.7027027027027027
0.055674518201284794,0.7027027027027027
0.055793991416309016,0.7027027027027027
0.05591397849462366,0.7027027027027027
0.05603448275862069,0.7027027027027027
0.056155507559395246,0.7027027027027027
0.05627705627705628,0.7027027027027027
0.05639913232104121,0.7027027027027027
0.05652173913043478,0.7027027027027027
0.05664488017429194,0.7027027027027027
0.056768558951965066,0.7027027027027027
0.05689277899343545,0.7027027027027027
0.05701754385964912,0.7027027027027027
0.05714285714285714,0.7027027027027027
0.05726872246696035,0.7027027027027027
0.05739514348785872,0.7027027027027027
0.05752212389380531,0.7027027027027027
0.057649667405764965,0.7027027027027027
0.057777777777777775,0.7027027027027027
0.05790645879732739,0.7027027027027027
0.05803571428571429,0.7027027027027027
0.058165548098434,0.7027027027027027
0.05829596412556054,0.7027027027027027
0.058426966292134834,0.7027027027027027
0.05855855855855856,0.7027027027027027
0.05869074492099323,0.7027027027027027
0.058823529411764705,0.7027027027027027
0.05895691609977324,0.7027027027027027
0.05909090909090909,0.7027027027027027
0.05922551252847381,0.7027027027027027
0.0593607305936073,0.7027027027027027
0.059496567505720827,0.7027027027027027
0.05963302752293578,0.7027027027027027
0.059770114942528735,0.7027027027027027
0.059907834101382486,0.7027027027027027
0.06004618937644342,0.7027027027027027
0.06018518518518518,0.7027027027027027
0.060324825986078884,0.7027027027027027
0.06046511627906977,0.7027027027027027
0.06060606060606061,0.7027027027027027
0.06074766355140187,0.7027027027027027
0.06088992974238876,0.7027027027027027
0.06103286384976526,0.7027027027027027
0.0611764705882353,0.7027027027027027
0.06132075471698113,0.7027027027027027
0.061465721040189124,0.7027027027027027
0.061611374407582936,0.7027027027027027
0.06175771971496437,0.7027027027027027
0.06190476190476191,0.7027027027027027
0.06205250596658711,0.7027027027027027
0.06220095693779904,0.7027027027027027
0.06235011990407674,0.7027027027027027
0.0625,0.7027027027027027
0.06265060240963856,0.7027027027027027
0.06280193236714976,0.7027027027027027
0.06295399515738499,0.7027027027027027
0.06310679611650485,0.7027027027027027
0.06326034063260341,0.7027027027027027
0.06341463414634146,0.7027027027027027
0.06356968215158924,0.7027027027027027
0.06372549019607843,0.7027027027027027
0.06388206388206388,0.7027027027027027
0.06403940886699508,0.7027027027027027
0.06419753086419754,0.7027027027027027
0.06435643564356436,0.7027027027027027
0.06451612903225806,0.7027027027027027
0.06467661691542288,0.7027027027027027
0.06483790523690773,0.7027027027027027
0.065,0.7027027027027027
0.06516290726817042,0.7027027027027027
0.06532663316582915,0.7027027027027027
0.0654911838790932,0.7027027027027027
0.06565656565656566,0.7027027027027027
0.06582278481012659,0.7027027027027027
0.06598984771573604,0.7027027027027027
0.06615776081424936,0.7027027027027027
0.0663265306122449,0.7027027027027027
0.06649616368286446,0.7027027027027027
0.06666666666666667,0.7027027027027027
0.06683804627249357,0.7027027027027027
0.06701030927835051,0.7027027027027027
0.06718346253229975,0.7027027027027027
0.06735751295336788,0.7027027027027027
0.06753246753246753,0.7027027027027027
0.06770833333333333,0.7027027027027027
0.06788511749347259,0.7027027027027027
0.06806282722513089,0.7027027027027027
0.06824146981627296,0.7027027027027027
0.06842105263157895,0.7027027027027027
0.06860158311345646,0.7027027027027027
0.06878306878306878,0.7027027027027027
0.06896551724137931,0.7027027027027027
0.06914893617021277,0.7027027027027027
0.06933333333333333,0.7027027027027027
0.06951871657754011,0.7027027027027027
0.06970509383378017,0.7027027027027027
0.06989247311827956,0.7027027027027027
0.07008086253369272,0.7027027027027027
0.07027027027027027,0.7027027027027027
0.07046070460704607,0.7027027027027027
0.07065217391304347,0.7027027027027027
0.07084468664850137,0.7027027027027027
0.07103825136612021,0.7027027027027027
0.07123287671232877,0.7027027027027027
0.07142857142857142,0.7027027027027027
0.07162534435261708,0.7027027027027027
0.0718232044198895,0.7027027027027027
0.07202216066481995,0.7027027027027027
0.07222222222222222,0.7027027027027027
0.07242339832869081,0.7027027027027027
0.07262569832402235,0.7027027027027027
0.07282913165266107,0.7027027027027027
0.07303370786516854,0.7027027027027027
0.07323943661971831,0.7027027027027027
0.07344632768361582,0.7027027027027027
0.07365439093484419,0.7027027027027027
0.07386363636363637,0.7027027027027027
0.07407407407407407,0.7027027027027027
0.07428571428571429,0.7027027027027027
0.07449856733524356,0.7027027027027027
0.07471264367816093,0.7027027027027027
0.07492795389048991,0.7027027027027027
0.07514450867052024,0.7027027027027027
0.07536231884057971,0.7027027027027027
0.0755813953488372,0.7027027027027027
0.07580174927113703,0.7027027027027027
0.07602339181286549,0.7027027027027027
0.07624633431085044,0.7027027027027027
0.07647058823529412,0.7027027027027027
0.07669616519174041,0.7027027027027027
0.07692307692307693,0.7027027027027027
0.0771513353115727,0.7027027027027027
0.07738095238095238,0.7027027027027027
0.07761194029850746,0.7027027027027027
0.07784431137724551,0.7027027027027027
0.07807807807807808,0.7027027027027027
0.07530120481927711,0.6756756756756757
0.0755287009063444,0.6756756756756757
0.07575757575757576,0.6756756756756757
0.07598784194528875,0.6756756756756757
0.07621951219512195,0.6756756756756757
0.0764525993883792,0.6756756756756757
0.07668711656441718,0.6756756756756757
0.07692307692307693,0.6756756756756757
0.07716049382716049,0.6756756756756757
0.07739938080495357,0.6756756756756757
0.07763975155279502,0.6756756756756757
0.0778816199376947,0.6756756756756757
0.078125,0.6756756756756757
0.07836990595611286,0.6756756756756757
0.07861635220125786,0.6756756756756757
0.07886435331230283,0.6756756756756757
0.07911392405063292,0.6756756756756757
0.07936507936507936,0.6756756756756757
0.07961783439490445,0.6756756756756757
0.07987220447284345,0.6756756756756757
0.08012820512820513,0.6756756756756757
0.08038585209003216,0.6756756756756757
0.08064516129032258,0.6756756756756757
0.08090614886731391,0.6756756756756757
0.08116883116883117,0.6756756756756757
0.08143322475570032,0.6756756756756757
0.08169934640522876,0.6756756756756757
0.08196721311475409,0.6756756756756757
0.08223684210526316,0.6756756756756757
0.08250825082508251,0.6756756756756757
0.08278145695364239,0.6756756756756757
0.08305647840531562,0.6756756756756757
0.08333333333333333,0.6756756756756757
0.08361204013377926,0.6756756756756757
0.08389261744966443,0.6756756756756757
0.08417508417508418,0.6756756756756757
0.08445945945945946,0.6756756756756757
0.0847457627118644,0.6756756756756757
0.08503401360544217,0.6756756756756757
0.08532423208191127,0.6756756756756757
0.08561643835616438,0.6756756756756757
0.0859106529209622,0.6756756756756757
0.08620689655172414,0.6756756756756757
0.08650519031141868,0.6756756756756757
0.08680555555555555,0.6756756756756757
0.08362369337979095,0.6486486486486487
0.08391608391608392,0.6486486486486487
0.08421052631578947,0.6486486486486487
0.08450704225352113,0.6486486486486487
0.08480565371024736,0.6486486486486487
0.0851063829787234,0.6486486486486487
0.08540925266903915,0.6486486486486487
0.08571428571428572,0.6486486486486487
0.08602150537634409,0.6486486486486487
0.08633093525179857,0.6486486486486487
0.08664259927797834,0.6486486486486487
0.08695652173913043,0.6486486486486487
0.08727272727272728,0.6486486486486487
0.08759124087591241,0.6486486486486487
0.08791208791208792,0.6486486486486487
0.08823529411764706,0.6486486486486487
0.08856088560885608,0.6486486486486487
0.08888888888888889,0.6486486486486487
0.08921933085501858,0.6486486486486487
0.08955223880597014,0.6486486486486487
0.0898876404494382,0.6486486486486487
0.09022556390977443,0.6486486486486487
0.09056603773584905,0.6486486486486487
0.09090909090909091,0.6486486486486487
0.09125475285171103,0.6486486486486487
0.0916030534351145,0.6486486486486487
0.09195402298850575,0.6486486486486487
0.09230769230769231,0.6486486486486487
0.09266409266409266,0.6486486486486487
0.09302325581395349,0.6486486486486487
0.0933852140077821,0.6486486486486487
0.09375,0.6486486486486487
0.09411764705882353,0.6486486486486487
0.09448818897637795,0.6486486486486487
0.09486166007905138,0.6486486486486487
0.09523809523809523,0.6486486486486487
0.09561752988047809,0.6486486486486487
0.096,0.6486486486486487
0.0963855421686747,0.6486486486486487
0.0967741935483871,0.6486486486486487
0.09716599190283401,0.6486486486486487
0.0975609756097561,0.6486486486486487
0.09795918367346938,0.6486486486486487
0.09836065573770492,0.6486486486486487
0.09876543209876543,0.6486486486486487
0.09917355371900827,0.6486486486486487
0.0995850622406639,0.6486486486486487
0.1,0.6486486486486487
0.100418410041841,0.6486486486486487
0.10084033613445378,0.6486486486486487
0.10126582278481013,0.6486486486486487
0.1016949152542373,0.6486486486486487
0.10212765957446808,0.6486486486486487
0.10256410256410256,0.6486486486486487
0.10300429184549356,0.6486486486486487
0.10344827586206896,0.6486486486486487
0.1038961038961039,0.6486486486486487
0.10434782608695652,0.6486486486486487
0.10480349344978165,0.6486486486486487
0.10526315789473684,0.6486486486486487
0.10572687224669604,0.6486486486486487
0.10619469026548672,0.6486486486486487
0.10666666666666667,0.6486486486486487
0.10714285714285714,0.6486486486486487
0.10762331838565023,0.6486486486486487
0.10810810810810811,0.6486486486486487
0.1085972850678733,0.6486486486486487
0.10909090909090909,0.6486486486486487
0.1095890410958904,0.6486486486486487
0.11009174311926606,0.6486486486486487
0.11059907834101383,0.6486486486486487
0.1111111111111111,0.6486486486486487
0.11162790697674418,0.6486486486486487
0.11214953271028037,0.6486486486486487
0.11267605633802817,0.6486486486486487
0.11320754716981132,0.6486486486486487
0.11374407582938388,0.6486486486486487
0.11428571428571428,0.6486486486486487
0.11483253588516747,0.6486486486486487
0.11538461538461539,0.6486486486486487
0.11594202898550725,0.6486486486486487
0.11650485436893204,0.6486486486486487
0.11707317073170732,0.6486486486486487
0.11764705882352941,0.6486486486486487
0.11822660098522167,0.6486486486486487
0.1188118811881188,0.6486486486486487
0.11940298507462686,0.6486486486486487
0.12,0.6486486486486487
0.12060301507537688,0.6486486486486487
0.12121212121212122,0.6486486486486487
0.1218274111675127,0.6486486486486487
0.12244897959183673,0.6486486486486487
0.12307692307692308,0.6486486486486487
0.12371134020618557,0.6486486486486487
0.12435233160621761,0.6486486486486487
0.125,0.6486486486486487
0.1256544502617801,0.6486486486486487
0.12631578947368421,0.6486486486486487
0.12698412698412698,0.6486486486486487
0.1276595744680851,0.6486486486486487
0.12834224598930483,0.6486486486486487
0.12903225806451613,0.6486486486486487
0.12972972972972974,0.6486486486486487
0.13043478260869565,0.6486486486486487
0.13114754098360656,0.6486486486486487
0.13186813186813187,0.6486486486486487
0.13259668508287292,0.6486486486486487
0.13333333333333333,0.6486486486486487
0.1340782122905028,0.6486486486486487
0.1348314606741573,0.6486486486486487
0.13559322033898305,0.6486486486486487
0.13636363636363635,0.6486486486486487
0.13714285714285715,0.6486486486486487
0.13793103448275862,0.6486486486486487
0.13872832369942195,0.6486486486486487
0.13953488372093023,0.6486486486486487
0.14035087719298245,0.6486486486486487
0.1411764705882353,0.6486486486486487
0.14201183431952663,0.6486486486486487
0.14285714285714285,0.6486486486486487
0.1437125748502994,0.6486486486486487
0.14457831325301204,0.6486486486486487
0.14545454545454545,0.6486486486486487
0.14634146341463414,0.6486486486486487
0.147239263803681,0.6486486486486487
0.14814814814814814,0.6486486486486487
0.14906832298136646,0.6486486486486487
0.15,0.6486486486486487
0.1509433962264151,0.6486486486486487
0.1518987341772152,0.6486486486486487
0.15286624203821655,0.6486486486486487
0.15384615384615385,0.6486486486486487
0.15483870967741936,0.6486486486486487
0.15584415584415584,0.6486486486486487
0.1568627450980392,0.6486486486486487
0.15789473684210525,0.6486486486486487
0.15894039735099338,0.6486486486486487
0.16,0.6486486486486487
0.1610738255033557,0.6486486486486487
0.1554054054054054,0.6216216216216216
0.1564625850340136,0.6216216216216216
0.15753424657534246,0.6216216216216216
0.15862068965517243,0.6216216216216216
0.1597222222222222,0.6216216216216216
0.16083916083916083,0.6216216216216216
0.1619718309859155,0.6216216216216216
0.16312056737588654,0.6216216216216216
0.16428571428571428,0.6216216216216216
0.16546762589928057,0.6216216216216216
0.16666666666666666,0.6216216216216216
0.1678832116788321,0.6216216216216216
0.16911764705882354,0.6216216216216216
0.17037037037037037,0.6216216216216216
0.17164179104477612,0.6216216216216216
0.17293233082706766,0.6216216216216216
0.17424242424242425,0.6216216216216216
0.17557251908396945,0.6216216216216216
0.17692307692307693,0.6216216216216216
0.17829457364341086,0.6216216216216216
0.1796875,0.6216216216216216
0.18110236220472442,0.6216216216216216
0.18253968253968253,0.6216216216216216
0.184,0.6216216216216216
0.18548387096774194,0.6216216216216216
0.18699186991869918,0.6216216216216216
0.1885245901639344,0.6216216216216216
0.19008264462809918,0.6216216216216216
0.19166666666666668,0.6216216216216216
0.19327731092436976,0.6216216216216216
0.19491525423728814,0.6216216216216216
0.19658119658119658,0.6216216216216216
0.19827586206896552,0.6216216216216216
0.2,0.6216216216216216
0.20175438596491227,0.6216216216216216
0.20353982300884957,0.6216216216216216
0.20535714285714285,0.6216216216216216
0.2072072072072072,0.6216216216216216
0.20909090909090908,0.6216216216216216
0.21100917431192662,0.6216216216216216
0.21296296296296297,0.6216216216216216
0.21495327102803738,0.6216216216216216
0.2169811320754717,0.6216216216216216
0.21904761904761905,0.6216216216216216
0.22115384615384615,0.6216216216216216
0.22330097087378642,0.6216216216216216
0.22549019607843138,0.6216216216216216
0.22772277227722773,0.6216216216216216
0.23,0.6216216216216216
0.23232323232323232,0.6216216216216216
0.23469387755102042,0.6216216216216216
0.23711340206185566,0.6216216216216216
0.23958333333333334,0.6216216216216216
0.24210526315789474,0.6216216216216216
0.24468085106382978,0.6216216216216216
0.24731182795698925,0.6216216216216216
0.25,0.6216216216216216
0.25274725274725274,0.6216216216216216
0.25555555555555554,0.6216216216216216
0.25842696629213485,0.6216216216216216
0.26136363636363635,0.6216216216216216
0.25287356321839083,0.5945945945945946
0.2558139534883721,0.5945945945945946
0.25882352941176473,0.5945945945945946
0.2619047619047619,0.5945945945945946
0.26506024096385544,0.5945945945945946
0.2682926829268293,0.5945945945945946
0.2716049382716049,0.5945945945945946
0.275,0.5945945945945946
0.27848101265822783,0.5945945945945946
0.28205128205128205,0.5945945945945946
0.2857142857142857,0.5945945945945946
0.2894736842105263,0.5945945945945946
0.29333333333333333,0.5945945945945946
0.2972972972972973,0.5945945945945946
0.3013698630136986,0.5945945945945946
0.3055555555555556,0.5945945945945946
0.30985915492957744,0.5945945945945946
0.3142857142857143,0.5945945945945946
0.3188405797101449,0.5945945945945946
0.3235294117647059,0.5945945945945946
0.3283582089552239,0.5945945945945946
0.3333333333333333,0.5945945945945946
0.3384615384615385,0.5945945945945946
0.34375,0.5945945945945946
0.3492063492063492,0.5945945945945946
0.3548387096774194,0.5945945945945946
0.36065573770491804,0.5945945945945946
0.36666666666666664,0.5945945945945946
0.3728813559322034,0.5945945945945946
0.3793103448275862,0.5945945945945946
0.38596491228070173,0.5945945945945946
0.39285714285714285,0.5945945945945946
0.4,0.5945945945945946
0.4074074074074074,0.5945945945945946
0.41509433962264153,0.5945945945945946
0.4230769230769231,0.5945945945945946
0.43137254901960786,0.5945945945945946
0.44,0.5945945945945946
0.4489795918367347,0.5945945945945946
0.4375,0.5675675675675675
0.44680851063829785,0.5675675675675675
0.43478260869565216,0.5405405405405406
0.4444444444444444,0.5405405405405406
0.45454545454545453,0.5405405405405406
0.46511627906976744,0.5405405405405406
0.47619047619047616,0.5405405405405406
0.4878048780487805,0.5405405405405406
0.5,0.5405405405405406
0.5128205128205128,0.5405405405405406
0.5263157894736842,0.5405405405405406
0.5135135135135135,0.5135135135135135
0.5,0.4864864864864865
0.5142857142857142,0.4864864864864865
0.5294117647058824,0.4864864864864865
0.5151515151515151,0.4594594594594595
0.53125,0.4594594594594595
0.5483870967741935,0.4594594594594595
0.5666666666666667,0.4594594594594595
0.5517241379310345,0.43243243243243246
0.5714285714285714,0.43243243243243246
0.5925925925925926,0.43243243243243246
0.5769230769230769,0.40540540540540543
0.56,0.3783783783783784
0.5833333333333334,0.3783783783783784
0.6086956521739131,0.3783783783783784
0.6363636363636364,0.3783783783783784
0.6190476190476191,0.35135135135135137
0.65,0.35135135135135137
0.6842105263157895,0.35135135135135137
0.6666666666666666,0.32432432432432434
0.7058823529411765,0.32432432432432434
0.6875,0.2972972972972973
0.6666666666666666,0.2702702702702703
0.7142857142857143,0.2702702702702703
0.7692307692307693,0.2702702702702703
0.8333333333333334,0.2702702702702703
0.9090909090909091,0.2702702702702703
0.9,0.24324324324324326
0.8888888888888888,0.21621621621621623
0.875,0.1891891891891892
0.8571428571428571,0.16216216216216217
0.8333333333333334,0.13513513513513514
1.0,0.13513513513513514
1.0,0.10810810810810811
1.0,0.08108108108108109
1.0,0.05405405405405406
1.0,0.02702702702702703
1.0,0.0
