Precision,Recall
0.022560975609756097,1.0
0.021964612568639415,0.972972972972973
0.02197802197802198,0.972972972972973
0.021991447770311544,0.972972972972973
0.022004889975550123,0.972972972972973
0.022018348623853212,0.972972972972973
0.022031823745410038,0.972972972972973
0.02204531537048377,0.972972972972973
0.022058823529411766,0.972972972972973
0.022072348252605765,0.972972972972973
0.022085889570552148,0.972972972972973
0.022099447513812154,0.972972972972973
0.022113022113022112,0.972972972972973
0.022126613398893668,0.972972972972973
0.02214022140221402,0.972972972972973
0.022153846153846152,0.972972972972973
0.022167487684729065,0.972972972972973
0.022181146025878003,0.972972972972973
0.02219482120838471,0.972972972972973
0.022208513263417645,0.972972972972973
0.022222222222222223,0.972972972972973
0.022235948116121063,0.972972972972973
0.022249690976514216,0.972972972972973
0.022263450834879406,0.972972972972973
0.022277227722772276,0.972972972972973
0.022291021671826627,0.972972972972973
0.022304832713754646,0.972972972972973
0.022318660880347178,0.972972972972973
0.022332506203473945,0.972972972972973
0.0223463687150838,0.972972972972973
0.02236024844720497,0.972972972972973
0.022374145431945307,0.972972972972973
0.022388059701492536,0.972972972972973
0.0224019912881145,0.972972972972973
0.0224159402241594,0.972972972972973
0.022429906542056073,0.972972972972973
0.022443890274314215,0.972972972972973
0.022457891453524642,0.972972972972973
0.02247191011235955,0.972972972972973
0.022485946283572766,0.972972972972973
0.0225,0.972972972972973
0.0225140712945591,0.972972972972973
0.02252816020025031,0.972972972972973
0.022542266750156543,0.972972972972973
0.022556390977443608,0.972972972972973
0.0225705329153605,0.972972972972973
0.02258469259723965,0.972972972972973
0.022598870056497175,0.972972972972973
0.022613065326633167,0.972972972972973
0.02262727844123193,0.972972972972973
0.022641509433962263,0.972972972972973
0.022655758338577723,0.972972972972973
0.022670025188916875,0.972972972972973
0.022684310018903593,0.972972972972973
0.02269861286254729,0.972972972972973
0.022712933753943218,0.972972972972973
0.022727272727272728,0.972972972972973
0.022741629816803537,0.972972972972973
0.022756005056890013,0.972972972972973
0.022770398481973434,0.972972972972973
0.02278481012658228,0.972972972972973
0.022799240025332488,0.972972972972973
0.022813688212927757,0.972972972972973
0.022828154724159798,0.972972972972973
0.02284263959390863,0.972972972972973
0.022857142857142857,0.972972972972973
0.022871664548919948,0.972972972972973
0.02288620470438652,0.972972972972973
0.022900763358778626,0.972972972972973
0.022915340547422024,0.972972972972973
0.022929936305732482,0.972972972972973
0.022944550669216062,0.972972972972973
0.02295918367346939,0.972972972972973
0.02297383535417996,0.972972972972973
0.022988505747126436,0.972972972972973
0.023003194888178913,0.972972972972973
0.023017902813299233,0.972972972972973
0.023032629558541268,0.972972972972973
0.023047375160051217,0.972972972972973
0.023062139654067906,0.972972972972973
0.023076923076923078,0.972972972972973
0.023091725465041693,0.972972972972973
0.023106546854942234,0.972972972972973
0.023121387283236993,0.972972972972973
0.02313624678663239,0.972972972972973
0.02315112540192926,0.972972972972973
0.023166023166023165,0.972972972972973
0.0231809401159047,0.972972972972973
0.023195876288659795,0.972972972972973
0.02321083172147002,0.972972972972973
0.023225806451612905,0.972972972972973
0.023240800516462233,0.972972972972973
0.023255813953488372,0.972972972972973
0.023270846800258566,0.972972972972973
0.02328589909443726,0.972972972972973
0.02330097087378641,0.972972972972973
0.023316062176165803,0.972972972972973
0.023331173039533377,0.972972972972973
0.023346303501945526,0.972972972972973
0.02336145360155743,0.972972972972973
0.023376623376623377,0.972972972972973
0.023391812865497075,0.972972972972973
0.02340702210663199,0.972972972972973
0.02342225113858165,0.972972972972973
0.0234375,0.972972972972973
0.023452768729641693,0.972972972972973
0.02346805736636245,0.972972972972973
0.023483365949119372,0.972972972972973
0.02349869451697128,0.972972972972973
0.023514043109079032,0.972972972972973
0.023529411764705882,0.972972972972973
0.02354480052321779,0.972972972972973
0.02356020942408377,0.972972972972973
0.023575638506876228,0.972972972972973
0.023591087811271297,0.972972972972973
0.02360655737704918,0.972972972972973
0.023622047244094488,0.972972972972973
0.023637557452396585,0.972972972972973
0.023653088042049936,0.972972972972973
0.023668639053254437,0.972972972972973
0.02368421052631579,0.972972972972973
0.02369980250164582,0.972972972972973
0.023715415019762844,0.972972972972973
0.023731048121292023,0.972972972972973
0.023746701846965697,0.972972972972973
0.023762376237623763,0.972972972972973
0.023778071334214,0.972972972972973
0.023793787177792465,0.972972972972973
0.023809523809523808,0.972972972972973
0.02382528127068167,0.972972972972973
0.02384105960264901,0.972972972972973
0.02385685884691849,0.972972972972973
0.023872679045092837,0.972972972972973
0.023888520238885203,0.972972972972973
0.02390438247011952,0.972972972972973
0.023920265780730896,0.972972972972973
0.023936170212765957,0.972972972972973
0.023952095808383235,0.972972972972973
0.023968042609853527,0.972972972972973
0.023984010659560292,0.972972972972973
0.024,0.972972972972973
0.02401601067378252,0.972972972972973
0.02403204272363151,0.972972972972973
0.02404809619238477,0.972972972972973
0.02406417112299465,0.972972972972973
0.024080267558528427,0.972972972972973
0.024096385542168676,0.972972972972973
0.024112525117213665,0.972972972972973
0.024128686327077747,0.972972972972973
0.02414486921529175,0.972972972972973
0.024161073825503355,0.972972972972973
0.0241773002014775,0.972972972972973
0.024193548387096774,0.972972972972973
0.0242098184263618,0.972972972972973
0.024226110363391656,0.972972972972973
0.024242424242424242,0.972972972972973
0.02425876010781671,0.972972972972973
0.024275118004045852,0.972972972972973
0.024291497975708502,0.972972972972973
0.024307900067521943,0.972972972972973
0.024324324324324326,0.972972972972973
0.02434077079107505,0.972972972972973
0.02435723951285521,0.972972972972973
0.024373730534867976,0.972972972972973
0.024390243902439025,0.972972972972973
0.02440677966101695,0.972972972972973
0.024423337856173677,0.972972972972973
0.024439918533604887,0.972972972972973
0.024456521739130436,0.972972972972973
0.024473147518694765,0.972972972972973
0.024489795918367346,0.972972972972973
0.02450646698434309,0.972972972972973
0.02452316076294278,0.972972972972973
0.024539877300613498,0.972972972972973
0.02455661664392906,0.972972972972973
0.024573378839590442,0.972972972972973
0.02459016393442623,0.972972972972973
0.02460697197539303,0.972972972972973
0.024623803009575923,0.972972972972973
0.024640657084188913,0.972972972972973
0.024657534246575342,0.972972972972973
0.02467443454420836,0.972972972972973
0.024691358024691357,0.972972972972973
0.024708304735758406,0.972972972972973
0.024725274725274724,0.972972972972973
0.024742268041237112,0.972972972972973
0.024759284731774415,0.972972972972973
0.02477632484514797,0.972972972972973
0.024793388429752067,0.972972972972973
0.024810475534114404,0.972972972972973
0.02482758620689655,0.972972972972973
0.024844720496894408,0.972972972972973
0.024861878453038673,0.972972972972973
0.0248790601243953,0.972972972972973
0.024896265560165973,0.972972972972973
0.02491349480968858,0.972972972972973
0.024930747922437674,0.972972972972973
0.02494802494802495,0.972972972972973
0.024965325936199722,0.972972972972973
0.02498265093684941,0.972972972972973
0.025,0.972972972972973
0.02501737317581654,0.972972972972973
0.025034770514603615,0.972972972972973
0.025052192066805846,0.972972972972973
0.025069637883008356,0.972972972972973
0.025087108013937282,0.972972972972973
0.02510460251046025,0.972972972972973
0.02512212142358688,0.972972972972973
0.025139664804469275,0.972972972972973
0.025157232704402517,0.972972972972973
0.025174825174825177,0.972972972972973
0.025192442267319804,0.972972972972973
0.025210084033613446,0.972972972972973
0.025227750525578137,0.972972972972973
0.025245441795231416,0.972972972972973
0.02526315789473684,0.972972972972973
0.025280898876404494,0.972972972972973
0.025298664792691498,0.972972972972973
0.02531645569620253,0.972972972972973
0.025334271639690358,0.972972972972973
0.02535211267605634,0.972972972972973
0.02536997885835095,0.972972972972973
0.02538787023977433,0.972972972972973
0.025405786873676783,0.972972972972973
0.025423728813559324,0.972972972972973
0.025441696113074206,0.972972972972973
0.02545968882602546,0.972972972972973
0.025477707006369428,0.972972972972973
0.025495750708215296,0.972972972972973
0.025513819985825654,0.972972972972973
0.02553191489361702,0.972972972972973
0.0255500354861604,0.972972972972973
0.02556818181818182,0.972972972972973
0.0255863539445629,0.972972972972973
0.025604551920341393,0.972972972972973
0.025622775800711744,0.972972972972973
0.02564102564102564,0.972972972972973
0.02565930149679259,0.972972972972973
0.025677603423680456,0.972972972972973
0.02569593147751606,0.972972972972973
0.025714285714285714,0.972972972972973
0.02573266619013581,0.972972972972973
0.02575107296137339,0.972972972972973
0.025769506084466716,0.972972972972973
0.025787965616045846,0.972972972972973
0.025806451612903226,0.972972972972973
0.02582496413199426,0.972972972972973
0.025843503230437905,0.972972972972973
0.02586206896551724,0.972972972972973
0.025880661394680086,0.972972972972973
0.025899280575539568,0.972972972972973
0.02591792656587473,0.972972972972973
0.025936599423631124,0.972972972972973
0.02595529920692141,0.972972972972973
0.025974025974025976,0.972972972972973
0.025992779783393503,0.972972972972973
0.02601156069364162,0.972972972972973
0.026030368763557483,0.972972972972973
0.02604920405209841,0.972972972972973
0.02606806661839247,0.972972972972973
0.02608695652173913,0.972972972972973
0.02610587382160986,0.972972972972973
0.026124818577648767,0.972972972972973
0.026143790849673203,0.972972972972973
0.02616279069767442,0.972972972972973
0.02618181818181818,0.972972972972973
0.026200873362445413,0.972972972972973
0.026219956300072834,0.972972972972973
0.026239067055393587,0.972972972972973
0.0262582056892779,0.972972972972973
0.026277372262773723,0.972972972972973
0.026296566837107377,0.972972972972973
0.02631578947368421,0.972972972972973
0.026335040234089245,0.972972972972973
0.02635431918008785,0.972972972972973
0.026373626373626374,0.972972972972973
0.025659824046920823,0.9459459459459459
0.025678650036683785,0.9459459459459459
0.02569750367107195,0.9459459459459459
0.025716385011021307,0.9459459459459459
0.025735294117647058,0.9459459459459459
0.025754231052244298,0.9459459459459459
0.02577319587628866,0.9459459459459459
0.025792188651436992,0.9459459459459459
0.025811209439528023,0.9459459459459459
0.025830258302583026,0.9459459459459459
0.0258493353028065,0.9459459459459459
0.025868440502586843,0.9459459459459459
0.025887573964497042,0.9459459459459459
0.025906735751295335,0.9459459459459459
0.025925925925925925,0.9459459459459459
0.025945144551519646,0.9459459459459459
0.02596439169139466,0.9459459459459459
0.025983667409057165,0.9459459459459459
0.02600297176820208,0.9459459459459459
0.026022304832713755,0.9459459459459459
0.026041666666666668,0.9459459459459459
0.026061057334326135,0.9459459459459459
0.02608047690014903,0.9459459459459459
0.02609992542878449,0.9459459459459459
0.026119402985074626,0.9459459459459459
0.026138909634055265,0.9459459459459459
0.026158445440956652,0.9459459459459459
0.02617801047120419,0.9459459459459459
0.02619760479041916,0.9459459459459459
0.026217228464419477,0.9459459459459459
0.02623688155922039,0.9459459459459459
0.02625656414103526,0.9459459459459459
0.026276276276276277,0.9459459459459459
0.02629601803155522,0.9459459459459459
0.02631578947368421,0.9459459459459459
0.02633559066967645,0.9459459459459459
0.02635542168674699,0.9459459459459459
0.02637528259231349,0.9459459459459459
0.026395173453996983,0.9459459459459459
0.026415094339622643,0.9459459459459459
0.026435045317220542,0.9459459459459459
0.026455026455026454,0.9459459459459459
0.0264750378214826,0.9459459459459459
0.026495079485238455,0.9459459459459459
0.026515151515151516,0.9459459459459459
0.026535253980288095,0.9459459459459459
0.026555386949924126,0.9459459459459459
0.026575550493545937,0.9459459459459459
0.026595744680851064,0.9459459459459459
0.026615969581749048,0.9459459459459459
0.02663622526636225,0.9459459459459459
0.026656511805026657,0.9459459459459459
0.026676829268292682,0.9459459459459459
0.02669717772692601,0.9459459459459459
0.026717557251908396,0.9459459459459459
0.026737967914438502,0.9459459459459459
0.026758409785932722,0.9459459459459459
0.026778882938026015,0.9459459459459459
0.02679938744257274,0.9459459459459459
0.02681992337164751,0.9459459459459459
0.026840490797546013,0.9459459459459459
0.02686108979278588,0.9459459459459459
0.026881720430107527,0.9459459459459459
0.026902382782475018,0.9459459459459459
0.026923076923076925,0.9459459459459459
0.026943802925327175,0.9459459459459459
0.026964560862865947,0.9459459459459459
0.026985350809560524,0.9459459459459459
0.02700617283950617,0.9459459459459459
0.02702702702702703,0.9459459459459459
0.02704791344667697,0.9459459459459459
0.027068832173240527,0.9459459459459459
0.027089783281733747,0.9459459459459459
0.027110766847405113,0.9459459459459459
0.027131782945736434,0.9459459459459459
0.027152831652443754,0.9459459459459459
0.02717391304347826,0.9459459459459459
0.027195027195027196,0.9459459459459459
0.027216174183514776,0.9459459459459459
0.027237354085603113,0.9459459459459459
0.027258566978193146,0.9459459459459459
0.027279812938425563,0.9459459459459459
0.027301092043681748,0.9459459459459459
0.0273224043715847,0.9459459459459459
0.02734375,0.9459459459459459
0.027365129007036748,0.9459459459459459
0.027386541471048513,0.9459459459459459
0.0274079874706343,0.9459459459459459
0.0274294670846395,0.9459459459459459
0.027450980392156862,0.9459459459459459
0.027472527472527472,0.9459459459459459
0.02749410840534171,0.9459459459459459
0.027515723270440252,0.9459459459459459
0.02753737214791503,0.9459459459459459
0.027559055118110236,0.9459459459459459
0.027580772261623327,0.9459459459459459
0.027602523659305992,0.9459459459459459
0.027624309392265192,0.9459459459459459
0.02764612954186414,0.9459459459459459
0.02766798418972332,0.9459459459459459
0.027689873417721517,0.9459459459459459
0.027711797307996833,0.9459459459459459
0.0277337559429477,0.9459459459459459
0.02775574940523394,0.9459459459459459
0.027777777777777776,0.9459459459459459
0.02779984114376489,0.9459459459459459
0.02782193958664547,0.9459459459459459
0.02784407319013524,0.9459459459459459
0.02786624203821656,0.9459459459459459
0.027888446215139442,0.9459459459459459
0.027910685805422646,0.9459459459459459
0.027932960893854747,0.9459459459459459
0.027955271565495207,0.9459459459459459
0.027977617905675458,0.9459459459459459
0.028,0.9459459459459459
0.02802241793434748,0.9459459459459459
0.028044871794871796,0.9459459459459459
0.028067361668003207,0.9459459459459459
0.028089887640449437,0.9459459459459459
0.028112449799196786,0.9459459459459459
0.028135048231511254,0.9459459459459459
0.02815768302493966,0.9459459459459459
0.02818035426731079,0.9459459459459459
0.028203062046736505,0.9459459459459459
0.028225806451612902,0.9459459459459459
0.02824858757062147,0.9459459459459459
0.02827140549273021,0.9459459459459459
0.028294260307194827,0.9459459459459459
0.02831715210355987,0.9459459459459459
0.02834008097165992,0.9459459459459459
0.028363047001620744,0.9459459459459459
0.028386050283860504,0.9459459459459459
0.028409090909090908,0.9459459459459459
0.02843216896831844,0.9459459459459459
0.028455284552845527,0.9459459459459459
0.028478437754271765,0.9459459459459459
0.028501628664495113,0.9459459459459459
0.02852485737571312,0.9459459459459459
0.028548123980424143,0.9459459459459459
0.02857142857142857,0.9459459459459459
0.028594771241830064,0.9459459459459459
0.028618152085036794,0.9459459459459459
0.028641571194762683,0.9459459459459459
0.028665028665028666,0.9459459459459459
0.028688524590163935,0.9459459459459459
0.02871205906480722,0.9459459459459459
0.028735632183908046,0.9459459459459459
0.02875924404272802,0.9459459459459459
0.028782894736842105,0.9459459459459459
0.02880658436213992,0.9459459459459459
0.028830313014827018,0.9459459459459459
0.028854080791426217,0.9459459459459459
0.028877887788778877,0.9459459459459459
0.028901734104046242,0.9459459459459459
0.028925619834710745,0.9459459459459459
0.028949545078577336,0.9459459459459459
0.028973509933774833,0.9459459459459459
0.02899751449875725,0.9459459459459459
0.02902155887230514,0.9459459459459459
0.029045643153526972,0.9459459459459459
0.029069767441860465,0.9459459459459459
0.029093931837073983,0.9459459459459459
0.029118136439267885,0.9459459459459459
0.029142381348875937,0.9459459459459459
0.029166666666666667,0.9459459459459459
0.029190992493744787,0.9459459459459459
0.02921535893155259,0.9459459459459459
0.029239766081871343,0.9459459459459459
0.029264214046822744,0.9459459459459459
0.029288702928870293,0.9459459459459459
0.02931323283082077,0.9459459459459459
0.02933780385582565,0.9459459459459459
0.02936241610738255,0.9459459459459459
0.02938706968933669,0.9459459459459459
0.029411764705882353,0.9459459459459459
0.02943650126156434,0.9459459459459459
0.029461279461279462,0.9459459459459459
0.02948609941027801,0.9459459459459459
0.02951096121416526,0.9459459459459459
0.029535864978902954,0.9459459459459459
0.02956081081081081,0.9459459459459459
0.029585798816568046,0.9459459459459459
0.02961082910321489,0.9459459459459459
0.029635901778154106,0.9459459459459459
0.029661016949152543,0.9459459459459459
0.029686174724342665,0.9459459459459459
0.029711375212224108,0.9459459459459459
0.029736618521665252,0.9459459459459459
0.02976190476190476,0.9459459459459459
0.029787234042553193,0.9459459459459459
0.029812606473594547,0.9459459459459459
0.029838022165387893,0.9459459459459459
0.029863481228668942,0.9459459459459459
0.029888983774551667,0.9459459459459459
0.029914529914529916,0.9459459459459459
0.029940119760479042,0.9459459459459459
0.029965753424657533,0.9459459459459459
0.029991431019708654,0.9459459459459459
0.030017152658662092,0.9459459459459459
0.030042918454935622,0.9459459459459459
0.03006872852233677,0.9459459459459459
0.03009458297506449,0.9459459459459459
0.030120481927710843,0.9459459459459459
0.030146425495262703,0.9459459459459459
0.03017241379310345,0.9459459459459459
0.030198446937014668,0.9459459459459459
0.030224525043177894,0.9459459459459459
0.03025064822817632,0.9459459459459459
0.03027681660899654,0.9459459459459459
0.030303030303030304,0.9459459459459459
0.030329289428076257,0.9459459459459459
0.030355594102341718,0.9459459459459459
0.030381944444444444,0.9459459459459459
0.030408340573414423,0.9459459459459459
0.030434782608695653,0.9459459459459459
0.030461270670147953,0.9459459459459459
0.03048780487804878,0.9459459459459459
0.03051438535309503,0.9459459459459459
0.030541012216404886,0.9459459459459459
0.03056768558951965,0.9459459459459459
0.030594405594405596,0.9459459459459459
0.03062117235345582,0.9459459459459459
0.03064798598949212,0.9459459459459459
0.03067484662576687,0.9459459459459459
0.03070175438596491,0.9459459459459459
0.030728709394205442,0.9459459459459459
0.030755711775043937,0.9459459459459459
0.030782761653474055,0.9459459459459459
0.030809859154929578,0.9459459459459459
0.030837004405286344,0.9459459459459459
0.030864197530864196,0.9459459459459459
0.03089143865842895,0.9459459459459459
0.030918727915194347,0.9459459459459459
0.03094606542882405,0.9459459459459459
0.030973451327433628,0.9459459459459459
0.03100088573959256,0.9459459459459459
0.03102836879432624,0.9459459459459459
0.031055900621118012,0.9459459459459459
0.03108348134991119,0.9459459459459459
0.03111111111111111,0.9459459459459459
0.03113879003558719,0.9459459459459459
0.031166518254674976,0.9459459459459459
0.031194295900178252,0.9459459459459459
0.031222123104371096,0.9459459459459459
0.03125,0.9459459459459459
0.03127792672028597,0.9459459459459459
0.03130590339892665,0.9459459459459459
0.03133393017009848,0.9459459459459459
0.03136200716845878,0.9459459459459459
0.03139013452914798,0.9459459459459459
0.03141831238779174,0.9459459459459459
0.031446540880503145,0.9459459459459459
0.03147482014388489,0.9459459459459459
0.0315031503150315,0.9459459459459459
0.03153153153153153,0.9459459459459459
0.031559963931469794,0.9459459459459459
0.0315884476534296,0.9459459459459459
0.031616982836495035,0.9459459459459459
0.03164556962025317,0.9459459459459459
0.03167420814479638,0.9459459459459459
0.03170289855072464,0.9459459459459459
0.03173164097914778,0.9459459459459459
0.03176043557168784,0.9459459459459459
0.03178928247048138,0.9459459459459459
0.031818181818181815,0.9459459459459459
0.03184713375796178,0.9459459459459459
0.031876138433515486,0.9459459459459459
0.03190519598906107,0.9459459459459459
0.03193430656934307,0.9459459459459459
0.0319634703196347,0.9459459459459459
0.031992687385740404,0.9459459459459459
0.03202195791399817,0.9459459459459459
0.03205128205128205,0.9459459459459459
0.032080659945004586,0.9459459459459459
0.03211009174311927,0.9459459459459459
0.03213957759412305,0.9459459459459459
0.03216911764705882,0.9459459459459459
0.03219871205151794,0.9459459459459459
0.03222836095764273,0.9459459459459459
0.03225806451612903,0.9459459459459459
0.03228782287822878,0.9459459459459459
0.032317636195752536,0.9459459459459459
0.03234750462107209,0.9459459459459459
0.032377428307123035,0.9459459459459459
0.032407407407407406,0.9459459459459459
0.03243744207599629,0.9459459459459459
0.032467532467532464,0.9459459459459459
0.032497678737233054,0.9459459459459459
0.032527881040892194,0.9459459459459459
0.03255813953488372,0.9459459459459459
0.032588454376163874,0.9459459459459459
0.032618825722273995,0.9459459459459459
0.03264925373134328,0.9459459459459459
0.032679738562091505,0.9459459459459459
0.03271028037383177,0.9459459459459459
0.03274087932647334,0.9459459459459459
0.03277153558052434,0.9459459459459459
0.03280224929709466,0.9459459459459459
0.03283302063789869,0.9459459459459459
0.03286384976525822,0.9459459459459459
0.03289473684210526,0.9459459459459459
0.03292568203198495,0.9459459459459459
0.03295668549905838,0.9459459459459459
0.03298774740810556,0.9459459459459459
0.0330188679245283,0.9459459459459459
0.033050047214353166,0.9459459459459459
0.0330812854442344,0.9459459459459459
0.033112582781456956,0.9459459459459459
0.03314393939393939,0.9459459459459459
0.03317535545023697,0.9459459459459459
0.03320683111954459,0.9459459459459459
0.03323836657169991,0.9459459459459459
0.03326996197718631,0.9459459459459459
0.03330161750713606,0.9459459459459459
0.03333333333333333,0.9459459459459459
0.03336510962821735,0.9459459459459459
0.033396946564885496,0.9459459459459459
0.033428844317096466,0.9459459459459459
0.033460803059273424,0.9459459459459459
0.03349282296650718,0.9459459459459459
0.033524904214559385,0.9459459459459459
0.03355704697986577,0.9459459459459459
0.03358925143953935,0.9459459459459459
0.03362151777137368,0.9459459459459459
0.03365384615384615,0.9459459459459459
0.03368623676612127,0.9459459459459459
0.03371868978805395,0.9459459459459459
0.033751205400192864,0.9459459459459459
0.033783783783783786,0.9459459459459459
0.033816425120772944,0.9459459459459459
0.033849129593810444,0.9459459459459459
0.03388189738625363,0.9459459459459459
0.03391472868217054,0.9459459459459459
0.03394762366634336,0.9459459459459459
0.03398058252427184,0.9459459459459459
0.034013605442176874,0.9459459459459459
0.03404669260700389,0.9459459459459459
0.034079844206426485,0.9459459459459459
0.0341130604288499,0.9459459459459459
0.03414634146341464,0.9459459459459459
0.0341796875,0.9459459459459459
0.03421309872922776,0.9459459459459459
0.03424657534246575,0.9459459459459459
0.034280117531831536,0.9459459459459459
0.03431372549019608,0.9459459459459459
0.03434739941118744,0.9459459459459459
0.0343811394891945,0.9459459459459459
0.0344149459193707,0.9459459459459459
0.0344488188976378,0.9459459459459459
0.034482758620689655,0.9459459459459459
0.03451676528599606,0.9459459459459459
0.034550839091806514,0.9459459459459459
0.03458498023715415,0.9459459459459459
0.03461918892185954,0.9459459459459459
0.034653465346534656,0.9459459459459459
0.03468780971258672,0.9459459459459459
0.034722222222222224,0.9459459459459459
0.03475670307845084,0.9459459459459459
0.03479125248508946,0.9459459459459459
0.03482587064676617,0.9459459459459459
0.0348605577689243,0.9459459459459459
0.03489531405782652,0.9459459459459459
0.03493013972055888,0.9459459459459459
0.03496503496503497,0.9459459459459459
0.035,0.9459459459459459
0.035035035035035036,0.9459459459459459
0.03507014028056112,0.9459459459459459
0.03510531594784353,0.9459459459459459
0.035140562248995984,0.9459459459459459
0.035175879396984924,0.9459459459459459
0.035211267605633804,0.9459459459459459
0.035246727089627394,0.9459459459459459
0.03528225806451613,0.9459459459459459
0.035317860746720484,0.9459459459459459
0.03535353535353535,0.9459459459459459
0.03538928210313448,0.9459459459459459
0.0354251012145749,0.9459459459459459
0.03546099290780142,0.9459459459459459
0.035496957403651115,0.9459459459459459
0.03553299492385787,0.9459459459459459
0.03556910569105691,0.9459459459459459
0.03560528992878942,0.9459459459459459
0.035641547861507125,0.9459459459459459
0.03567787971457696,0.9459459459459459
0.03571428571428571,0.9459459459459459
0.03575076608784474,0.9459459459459459
0.03578732106339468,0.9459459459459459
0.03582395087001024,0.9459459459459459
0.035860655737704916,0.9459459459459459
0.035897435897435895,0.9459459459459459
0.03593429158110883,0.9459459459459459
0.03597122302158273,0.9459459459459459
0.0360082304526749,0.9459459459459459
0.03604531410916581,0.9459459459459459
0.03608247422680412,0.9459459459459459
0.03611971104231166,0.9459459459459459
0.03615702479338843,0.9459459459459459
0.03619441571871768,0.9459459459459459
0.036231884057971016,0.9459459459459459
0.03626943005181347,0.9459459459459459
0.03630705394190872,0.9459459459459459
0.036344755970924195,0.9459459459459459
0.036382536382536385,0.9459459459459459
0.036420395421436005,0.9459459459459459
0.036458333333333336,0.9459459459459459
0.0364963503649635,0.9459459459459459
0.03653444676409186,0.9459459459459459
0.03657262277951933,0.9459459459459459
0.036610878661087864,0.9459459459459459
0.03664921465968586,0.9459459459459459
0.03668763102725367,0.9459459459459459
0.03672612801678909,0.9459459459459459
0.03676470588235294,0.9459459459459459
0.03680336487907466,0.9459459459459459
0.03684210526315789,0.9459459459459459
0.0368809272918862,0.9459459459459459
0.03691983122362869,0.9459459459459459
0.03695881731784583,0.9459459459459459
0.03699788583509514,0.9459459459459459
0.037037037037037035,0.9459459459459459
0.037076271186440676,0.9459459459459459
0.03711558854718982,0.9459459459459459
0.037154989384288746,0.9459459459459459
0.03719447396386823,0.9459459459459459
0.03723404255319149,0.9459459459459459
0.03727369542066028,0.9459459459459459
0.03731343283582089,0.9459459459459459
0.03735325506937033,0.9459459459459459
0.03739316239316239,0.9459459459459459
0.0374331550802139,0.9459459459459459
0.03747323340471092,0.9459459459459459
0.03751339764201501,0.9459459459459459
0.03755364806866953,0.9459459459459459
0.03759398496240601,0.9459459459459459
0.03763440860215054,0.9459459459459459
0.03767491926803014,0.9459459459459459
0.03771551724137931,0.9459459459459459
0.037756202804746494,0.9459459459459459
0.03779697624190065,0.9459459459459459
0.03783783783783784,0.9459459459459459
0.03787878787878788,0.9459459459459459
0.03791982665222102,0.9459459459459459
0.03796095444685466,0.9459459459459459
0.038002171552660155,0.9459459459459459
0.03804347826086957,0.9459459459459459
0.03808487486398259,0.9459459459459459
0.03812636165577342,0.9459459459459459
0.03816793893129771,0.9459459459459459
0.03820960698689956,0.9459459459459459
0.03825136612021858,0.9459459459459459
0.038293216630196934,0.9459459459459459
0.038335158817086525,0.9459459459459459
0.03837719298245614,0.9459459459459459
0.038419319429198684,0.9459459459459459
0.038461538461538464,0.9459459459459459
0.03850385038503851,0.9459459459459459
0.03854625550660793,0.9459459459459459
0.03858875413450937,0.9459459459459459
0.03863134657836645,0.9459459459459459
0.03867403314917127,0.9459459459459459
0.03871681415929203,0.9459459459459459
0.03875968992248062,0.9459459459459459
0.038802660753880266,0.9459459459459459
0.038845726970033294,0.9459459459459459
0.03888888888888889,0.9459459459459459
0.0389321468298109,0.9459459459459459
0.03897550111358575,0.9459459459459459
0.03901895206243032,0.9459459459459459
0.0390625,0.9459459459459459
0.03910614525139665,0.9459459459459459
0.039149888143176735,0.9459459459459459
0.03919372900335946,0.9459459459459459
0.03923766816143498,0.9459459459459459
0.03928170594837262,0.9459459459459459
0.03932584269662921,0.9459459459459459
0.03937007874015748,0.9459459459459459
0.039414414414414414,0.9459459459459459
0.03945885005636979,0.9459459459459459
0.039503386004514675,0.9459459459459459
0.03954802259887006,0.9459459459459459
0.03959276018099547,0.9459459459459459
0.039637599093997736,0.9459459459459459
0.03968253968253968,0.9459459459459459
0.039727582292849034,0.9459459459459459
0.03977272727272727,0.9459459459459459
0.03981797497155859,0.9459459459459459
0.03986332574031891,0.9459459459459459
0.039908779931584946,0.9459459459459459
0.03995433789954338,0.9459459459459459
0.04,0.9459459459459459
0.04004576659038902,0.9459459459459459
0.04009163802978236,0.9459459459459459
0.040137614678899085,0.9459459459459459
0.040183696900114814,0.9459459459459459
0.040229885057471264,0.9459459459459459
0.04027617951668585,0.9459459459459459
0.04032258064516129,0.9459459459459459
0.040369088811995385,0.9459459459459459
0.04041570438799076,0.9459459459459459
0.04046242774566474,0.9459459459459459
0.04050925925925926,0.9459459459459459
0.04055619930475087,0.9459459459459459
0.04060324825986079,0.9459459459459459
0.04065040650406504,0.9459459459459459
0.040697674418604654,0.9459459459459459
0.04074505238649592,0.9459459459459459
0.04079254079254079,0.9459459459459459
0.040840140023337225,0.9459459459459459
0.04088785046728972,0.9459459459459459
0.04093567251461988,0.9459459459459459
0.040983606557377046,0.9459459459459459
0.041031652989449004,0.9459459459459459
0.04107981220657277,0.9459459459459459
0.041128084606345476,0.9459459459459459
0.041176470588235294,0.9459459459459459
0.04122497055359246,0.9459459459459459
0.041273584905660375,0.9459459459459459
0.04014167650531287,0.918918918918919
0.04018912529550828,0.918918918918919
0.040236686390532544,0.918918918918919
0.04028436018957346,0.918918918918919
0.04033214709371293,0.918918918918919
0.040380047505938245,0.918918918918919
0.04042806183115339,0.918918918918919
0.04047619047619048,0.918918918918919
0.04052443384982122,0.918918918918919
0.0405727923627685,0.918918918918919
0.04062126642771804,0.918918918918919
0.04066985645933014,0.918918918918919
0.0407185628742515,0.918918918918919
0.0407673860911271,0.918918918918919
0.04081632653061224,0.918918918918919
0.040865384615384616,0.918918918918919
0.04091456077015644,0.918918918918919
0.04096385542168675,0.918918918918919
0.04101326899879373,0.918918918918919
0.04106280193236715,0.918918918918919
0.041112454655380895,0.918918918918919
0.04116222760290557,0.918918918918919
0.041212121212121214,0.918918918918919
0.0412621359223301,0.918918918918919
0.041312272174969626,0.918918918918919
0.0413625304136253,0.918918918918919
0.040194884287454324,0.8918918918918919
0.04024390243902439,0.8918918918918919
0.040293040293040296,0.8918918918918919
0.040342298288508556,0.8918918918918919
0.04039167686658507,0.8918918918918919
0.04044117647058824,0.8918918918918919
0.04049079754601227,0.8918918918918919
0.04054054054054054,0.8918918918918919
0.04059040590405904,0.8918918918918919
0.04064039408866995,0.8918918918918919
0.040690505548705305,0.8918918918918919
0.040740740740740744,0.8918918918918919
0.0407911001236094,0.8918918918918919
0.04084158415841584,0.8918918918918919
0.040892193308550186,0.8918918918918919
0.04094292803970223,0.8918918918918919
0.040993788819875775,0.8918918918918919
0.041044776119402986,0.8918918918918919
0.0410958904109589,0.8918918918918919
0.04114713216957606,0.8918918918918919
0.04119850187265917,0.8918918918918919
0.04125,0.8918918918918919
0.04130162703379224,0.8918918918918919
0.041353383458646614,0.8918918918918919
0.04140526976160602,0.8918918918918919
0.0414572864321608,0.8918918918918919
0.04150943396226415,0.8918918918918919
0.041561712846347604,0.8918918918918919
0.0416141235813367,0.8918918918918919
0.041666666666666664,0.8918918918918919
0.041719342604298354,0.8918918918918919
0.04177215189873418,0.8918918918918919
0.04182509505703422,0.8918918918918919
0.04187817258883249,0.8918918918918919
0.04193138500635324,0.8918918918918919
0.04198473282442748,0.8918918918918919
0.04203821656050955,0.8918918918918919
0.042091836734693876,0.8918918918918919
0.0421455938697318,0.8918918918918919
0.04219948849104859,0.8918918918918919
0.04225352112676056,0.8918918918918919
0.04230769230769231,0.8918918918918919
0.04236200256739409,0.8918918918918919
0.042416452442159386,0.8918918918918919
0.04247104247104247,0.8918918918918919
0.04252577319587629,0.8918918918918919
0.04258064516129032,0.8918918918918919
0.04263565891472868,0.8918918918918919
0.042690815006468305,0.8918918918918919
0.042746113989637305,0.8918918918918919
0.042801556420233464,0.8918918918918919
0.04285714285714286,0.8918918918918919
0.04291287386215865,0.8918918918918919
0.04296875,0.8918918918918919
0.04302477183833116,0.8918918918918919
0.04308093994778068,0.8918918918918919
0.043137254901960784,0.8918918918918919
0.04319371727748691,0.8918918918918919
0.04325032765399738,0.8918918918918919
0.04330708661417323,0.8918918918918919
0.04336399474375821,0.8918918918918919
0.04342105263157895,0.8918918918918919
0.043478260869565216,0.8918918918918919
0.04353562005277045,0.8918918918918919
0.043593130779392336,0.8918918918918919
0.04365079365079365,0.8918918918918919
0.04370860927152318,0.8918918918918919
0.04376657824933687,0.8918918918918919
0.043824701195219126,0.8918918918918919
0.043882978723404256,0.8918918918918919
0.043941411451398134,0.8918918918918919
0.044,0.8918918918918919
0.044058744993324434,0.8918918918918919
0.04411764705882353,0.8918918918918919
0.04417670682730924,0.8918918918918919
0.04423592493297587,0.8918918918918919
0.04429530201342282,0.8918918918918919
0.04435483870967742,0.8918918918918919
0.04441453566621804,0.8918918918918919
0.0444743935309973,0.8918918918918919
0.044534412955465584,0.8918918918918919
0.0445945945945946,0.8918918918918919
0.044654939106901215,0.8918918918918919
0.044715447154471545,0.8918918918918919
0.04477611940298507,0.8918918918918919
0.04483695652173913,0.8918918918918919
0.044897959183673466,0.8918918918918919
0.04495912806539509,0.8918918918918919
0.045020463847203276,0.8918918918918919
0.045081967213114756,0.8918918918918919
0.04514363885088919,0.8918918918918919
0.045205479452054796,0.8918918918918919
0.04526748971193416,0.8918918918918919
0.04532967032967033,0.8918918918918919
0.0453920220082531,0.8918918918918919
0.045454545454545456,0.8918918918918919
0.04551724137931035,0.8918918918918919
0.04558011049723757,0.8918918918918919
0.04564315352697095,0.8918918918918919
0.045706371191135735,0.8918918918918919
0.04576976421636616,0.8918918918918919
0.04583333333333333,0.8918918918918919
0.0458970792767733,0.8918918918918919
0.04596100278551532,0.8918918918918919
0.04602510460251046,0.8918918918918919
0.046089385474860335,0.8918918918918919
0.046153846153846156,0.8918918918918919
0.046218487394957986,0.8918918918918919
0.04628330995792426,0.8918918918918919
0.046348314606741575,0.8918918918918919
0.046413502109704644,0.8918918918918919
0.04647887323943662,0.8918918918918919
0.0465444287729196,0.8918918918918919
0.046610169491525424,0.8918918918918919
0.04667609618104668,0.8918918918918919
0.046742209631728045,0.8918918918918919
0.04539007092198582,0.8648648648648649
0.045454545454545456,0.8648648648648649
0.04551920341394026,0.8648648648648649
0.045584045584045586,0.8648648648648649
0.0456490727532097,0.8648648648648649
0.045714285714285714,0.8648648648648649
0.045779685264663805,0.8648648648648649
0.045845272206303724,0.8648648648648649
0.04591104734576758,0.8648648648648649
0.04597701149425287,0.8648648648648649
0.0460431654676259,0.8648648648648649
0.04610951008645533,0.8648648648648649
0.046176046176046176,0.8648648648648649
0.046242774566473986,0.8648648648648649
0.04630969609261939,0.8648648648648649
0.0463768115942029,0.8648648648648649
0.04644412191582003,0.8648648648648649
0.046511627906976744,0.8648648648648649
0.046579330422125184,0.8648648648648649
0.04664723032069971,0.8648648648648649
0.04671532846715328,0.8648648648648649
0.04678362573099415,0.8648648648648649
0.04685212298682284,0.8648648648648649
0.0469208211143695,0.8648648648648649
0.04698972099853157,0.8648648648648649
0.047058823529411764,0.8648648648648649
0.047128129602356406,0.8648648648648649
0.0471976401179941,0.8648648648648649
0.047267355982274745,0.8648648648648649
0.047337278106508875,0.8648648648648649
0.047407407407407405,0.8648648648648649
0.04747774480712166,0.8648648648648649
0.0475482912332838,0.8648648648648649
0.047619047619047616,0.8648648648648649
0.04769001490312966,0.8648648648648649
0.04776119402985075,0.8648648648648649
0.04783258594917788,0.8648648648648649
0.04790419161676647,0.8648648648648649
0.047976011994003,0.8648648648648649
0.04804804804804805,0.8648648648648649
0.0481203007518797,0.8648648648648649
0.04819277108433735,0.8648648648648649
0.048265460030165915,0.8648648648648649
0.04833836858006042,0.8648648648648649
0.048411497730711045,0.8648648648648649
0.048484848484848485,0.8648648648648649
0.048558421851289835,0.8648648648648649
0.0486322188449848,0.8648648648648649
0.0487062404870624,0.8648648648648649
0.04878048780487805,0.8648648648648649
0.04885496183206107,0.8648648648648649
0.04892966360856269,0.8648648648648649
0.04900459418070444,0.8648648648648649
0.049079754601226995,0.8648648648648649
0.04915514592933948,0.8648648648648649
0.04923076923076923,0.8648648648648649
0.04930662557781202,0.8648648648648649
0.04938271604938271,0.8648648648648649
0.04945904173106646,0.8648648648648649
0.04953560371517028,0.8648648648648649
0.04961240310077519,0.8648648648648649
0.049689440993788817,0.8648648648648649
0.049766718506998445,0.8648648648648649
0.04984423676012461,0.8648648648648649
0.0499219968798752,0.8648648648648649
0.05,0.8648648648648649
0.050078247261345854,0.8648648648648649
0.050156739811912224,0.8648648648648649
0.05023547880690738,0.8648648648648649
0.050314465408805034,0.8648648648648649
0.050393700787401574,0.8648648648648649
0.050473186119873815,0.8648648648648649
0.05055292259083728,0.8648648648648649
0.05063291139240506,0.8648648648648649
0.05071315372424723,0.8648648648648649
0.050793650793650794,0.8648648648648649
0.05087440381558029,0.8648648648648649
0.04936305732484077,0.8378378378378378
0.049441786283891544,0.8378378378378378
0.04952076677316294,0.8378378378378378
0.0496,0.8378378378378378
0.049679487179487176,0.8378378378378378
0.04975922953451043,0.8378378378378378
0.04983922829581994,0.8378378378378378
0.0499194847020934,0.8378378378378378
0.05,0.8378378378378378
0.050080775444264945,0.8378378378378378
0.05016181229773463,0.8378378378378378
0.050243111831442464,0.8378378378378378
0.05032467532467533,0.8378378378378378
0.05040650406504065,0.8378378378378378
0.050488599348534204,0.8378378378378378
0.05057096247960848,0.8378378378378378
0.05065359477124183,0.8378378378378378
0.05073649754500818,0.8378378378378378
0.05081967213114754,0.8378378378378378
0.05090311986863711,0.8378378378378378
0.05098684210526316,0.8378378378378378
0.051070840197693576,0.8378378378378378
0.05115511551155116,0.8378378378378378
0.0512396694214876,0.8378378378378378
0.05132450331125828,0.8378378378378378
0.05140961857379768,0.8378378378378378
0.05149501661129568,0.8378378378378378
0.051580698835274545,0.8378378378378378
0.051666666666666666,0.8378378378378378
0.05175292153589316,0.8378378378378378
0.051839464882943144,0.8378378378378378
0.051926298157453935,0.8378378378378378
0.05201342281879195,0.8378378378378378
0.052100840336134456,0.8378378378378378
0.05218855218855219,0.8378378378378378
0.05227655986509275,0.8378378378378378
0.052364864864864864,0.8378378378378378
0.05245346869712352,0.8378378378378378
0.05254237288135593,0.8378378378378378
0.05263157894736842,0.8378378378378378
0.05272108843537415,0.8378378378378378
0.05281090289608177,0.8378378378378378
0.052901023890784986,0.8378378378378378
0.05299145299145299,0.8378378378378378
0.053082191780821915,0.8378378378378378
0.05317324185248713,0.8378378378378378
0.05326460481099656,0.8378378378378378
0.05335628227194492,0.8378378378378378
0.05344827586206897,0.8378378378378378
0.0535405872193437,0.8378378378378378
0.05363321799307959,0.8378378378378378
0.053726169844020795,0.8378378378378378
0.05381944444444445,0.8378378378378378
0.05391304347826087,0.8378378378378378
0.05400696864111498,0.8378378378378378
0.05410122164048865,0.8378378378378378
0.05419580419580419,0.8378378378378378
0.0542907180385289,0.8378378378378378
0.054385964912280704,0.8378378378378378
0.054481546572934976,0.8378378378378378
0.05457746478873239,0.8378378378378378
0.054673721340388004,0.8378378378378378
0.054770318021201414,0.8378378378378378
0.05486725663716814,0.8378378378378378
0.0549645390070922,0.8378378378378378
0.055062166962699825,0.8378378378378378
0.05516014234875445,0.8378378378378378
0.05525846702317291,0.8378378378378378
0.055357142857142855,0.8378378378378378
0.055456171735241505,0.8378378378378378
0.05555555555555555,0.8378378378378378
0.05565529622980251,0.8378378378378378
0.05575539568345324,0.8378378378378378
0.055855855855855854,0.8378378378378378
0.05595667870036101,0.8378378378378378
0.05605786618444846,0.8378378378378378
0.05615942028985507,0.8378378378378378
0.056261343012704176,0.8378378378378378
0.056363636363636366,0.8378378378378378
0.056466302367941715,0.8378378378378378
0.05656934306569343,0.8378378378378378
0.056672760511883,0.8378378378378378
0.056776556776556776,0.8378378378378378
0.05688073394495413,0.8378378378378378
0.05698529411764706,0.8378378378378378
0.0570902394106814,0.8378378378378378
0.05719557195571956,0.8378378378378378
0.05730129390018484,0.8378378378378378
0.05740740740740741,0.8378378378378378
0.0575139146567718,0.8378378378378378
0.05762081784386617,0.8378378378378378
0.05772811918063315,0.8378378378378378
0.05783582089552239,0.8378378378378378
0.05794392523364486,0.8378378378378378
0.05805243445692884,0.8378378378378378
0.058161350844277676,0.8378378378378378
0.05827067669172932,0.8378378378378378
0.0583804143126177,0.8378378378378378
0.05849056603773585,0.8378378378378378
0.05860113421550094,0.8378378378378378
0.058712121212121215,0.8378378378378378
0.058823529411764705,0.8378378378378378
0.058935361216730035,0.8378378378378378
0.05904761904761905,0.8378378378378378
0.05916030534351145,0.8378378378378378
0.05927342256214149,0.8378378378378378
0.05938697318007663,0.8378378378378378
0.05950095969289827,0.8378378378378378
0.05961538461538462,0.8378378378378378
0.05973025048169557,0.8378378378378378
0.059845559845559844,0.8378378378378378
0.059961315280464215,0.8378378378378378
0.060077519379844964,0.8378378378378378
0.06019417475728155,0.8378378378378378
0.06031128404669261,0.8378378378378378
0.06042884990253411,0.8378378378378378
0.060546875,0.8378378378378378
0.060665362035225046,0.8378378378378378
0.060784313725490195,0.8378378378378378
0.060903732809430254,0.8378378378378378
0.0610236220472441,0.8378378378378378
0.0611439842209073,0.8378378378378378
0.06126482213438735,0.8378378378378378
0.061386138613861385,0.8378378378378378
0.061507936507936505,0.8378378378378378
0.061630218687872766,0.8378378378378378
0.061752988047808766,0.8378378378378378
0.06187624750499002,0.8378378378378378
0.062,0.8378378378378378
0.06212424849699399,0.8378378378378378
0.06224899598393574,0.8378378378378378
0.06237424547283702,0.8378378378378378
0.0625,0.8378378378378378
0.06262626262626263,0.8378378378378378
0.06072874493927125,0.8108108108108109
0.060851926977687626,0.8108108108108109
0.06097560975609756,0.8108108108108109
0.06109979633401222,0.8108108108108109
0.061224489795918366,0.8108108108108109
0.06134969325153374,0.8108108108108109
0.06147540983606557,0.8108108108108109
0.061601642710472276,0.8108108108108109
0.06172839506172839,0.8108108108108109
0.061855670103092786,0.8108108108108109
0.06198347107438017,0.8108108108108109
0.062111801242236024,0.8108108108108109
0.06224066390041494,0.8108108108108109
0.062370062370062374,0.8108108108108109
0.0625,0.8108108108108109
0.06263048016701461,0.8108108108108109
0.06276150627615062,0.8108108108108109
0.06289308176100629,0.8108108108108109
0.06302521008403361,0.8108108108108109
0.06315789473684211,0.8108108108108109
0.06329113924050633,0.8108108108108109
0.06342494714587738,0.8108108108108109
0.0635593220338983,0.8108108108108109
0.06369426751592357,0.8108108108108109
0.06382978723404255,0.8108108108108109
0.06396588486140725,0.8108108108108109
0.0641025641025641,0.8108108108108109
0.06423982869379015,0.8108108108108109
0.06437768240343347,0.8108108108108109
0.06451612903225806,0.8108108108108109
0.06465517241379311,0.8108108108108109
0.06479481641468683,0.8108108108108109
0.06493506493506493,0.8108108108108109
0.0650759219088937,0.8108108108108109
0.06521739130434782,0.8108108108108109
0.06535947712418301,0.8108108108108109
0.06550218340611354,0.8108108108108109
0.06564551422319474,0.8108108108108109
0.06578947368421052,0.8108108108108109
0.06593406593406594,0.8108108108108109
0.06607929515418502,0.8108108108108109
0.0640176600441501,0.7837837837837838
0.06415929203539823,0.7837837837837838
0.06430155210643015,0.7837837837837838
0.06222222222222222,0.7567567567567568
0.062360801781737196,0.7567567567567568
0.0625,0.7567567567567568
0.06263982102908278,0.7567567567567568
0.06278026905829596,0.7567567567567568
0.06292134831460675,0.7567567567567568
0.06306306306306306,0.7567567567567568
0.06320541760722348,0.7567567567567568
0.06334841628959276,0.7567567567567568
0.06349206349206349,0.7567567567567568
0.06363636363636363,0.7567567567567568
0.06378132118451026,0.7567567567567568
0.0639269406392694,0.7567567567567568
0.06407322654462243,0.7567567567567568
0.06422018348623854,0.7567567567567568
0.06436781609195402,0.7567567567567568
0.06451612903225806,0.7567567567567568
0.06466512702078522,0.7567567567567568
0.06481481481481481,0.7567567567567568
0.06496519721577726,0.7567567567567568
0.06511627906976744,0.7567567567567568
0.06526806526806526,0.7567567567567568
0.06542056074766354,0.7567567567567568
0.06557377049180328,0.7567567567567568
0.06572769953051644,0.7567567567567568
0.06588235294117648,0.7567567567567568
0.0660377358490566,0.7567567567567568
0.06619385342789598,0.7567567567567568
0.06635071090047394,0.7567567567567568
0.0665083135391924,0.7567567567567568
0.06666666666666667,0.7567567567567568
0.06682577565632458,0.7567567567567568
0.06698564593301436,0.7567567567567568
0.0671462829736211,0.7567567567567568
0.0673076923076923,0.7567567567567568
0.06746987951807229,0.7567567567567568
0.06763285024154589,0.7567567567567568
0.06779661016949153,0.7567567567567568
0.06796116504854369,0.7567567567567568
0.06569343065693431,0.7297297297297297
0.06585365853658537,0.7297297297297297
0.06601466992665037,0.7297297297297297
0.06372549019607843,0.7027027027027027
0.06388206388206388,0.7027027027027027
0.06403940886699508,0.7027027027027027
0.06419753086419754,0.7027027027027027
0.06435643564356436,0.7027027027027027
0.06451612903225806,0.7027027027027027
0.06467661691542288,0.7027027027027027
0.06483790523690773,0.7027027027027027
0.065,0.7027027027027027
0.06516290726817042,0.7027027027027027
0.06532663316582915,0.7027027027027027
0.0654911838790932,0.7027027027027027
0.06565656565656566,0.7027027027027027
0.06582278481012659,0.7027027027027027
0.06598984771573604,0.7027027027027027
0.06615776081424936,0.7027027027027027
0.0663265306122449,0.7027027027027027
0.06649616368286446,0.7027027027027027
0.06666666666666667,0.7027027027027027
0.06683804627249357,0.7027027027027027
0.06701030927835051,0.7027027027027027
0.06718346253229975,0.7027027027027027
0.06735751295336788,0.7027027027027027
0.06753246753246753,0.7027027027027027
0.06770833333333333,0.7027027027027027
0.06788511749347259,0.7027027027027027
0.06806282722513089,0.7027027027027027
0.06824146981627296,0.7027027027027027
0.06842105263157895,0.7027027027027027
0.06860158311345646,0.7027027027027027
0.06878306878306878,0.7027027027027027
0.06896551724137931,0.7027027027027027
0.06914893617021277,0.7027027027027027
0.06933333333333333,0.7027027027027027
0.06951871657754011,0.7027027027027027
0.06970509383378017,0.7027027027027027
0.06989247311827956,0.7027027027027027
0.07008086253369272,0.7027027027027027
0.07027027027027027,0.7027027027027027
0.07046070460704607,0.7027027027027027
0.07065217391304347,0.7027027027027027
0.07084468664850137,0.7027027027027027
0.07103825136612021,0.7027027027027027
0.07123287671232877,0.7027027027027027
0.07142857142857142,0.7027027027027027
0.07162534435261708,0.7027027027027027
0.0718232044198895,0.7027027027027027
0.07202216066481995,0.7027027027027027
0.07222222222222222,0.7027027027027027
0.07242339832869081,0.7027027027027027
0.07262569832402235,0.7027027027027027
0.07282913165266107,0.7027027027027027
0.07303370786516854,0.7027027027027027
0.07323943661971831,0.7027027027027027
0.07344632768361582,0.7027027027027027
0.07365439093484419,0.7027027027027027
0.07386363636363637,0.7027027027027027
0.07407407407407407,0.7027027027027027
0.07142857142857142,0.6756756756756757
0.07163323782234957,0.6756756756756757
0.06896551724137931,0.6486486486486487
0.069164265129683,0.6486486486486487
0.06936416184971098,0.6486486486486487
0.06956521739130435,0.6486486486486487
0.06976744186046512,0.6486486486486487
0.06997084548104957,0.6486486486486487
0.07017543859649122,0.6486486486486487
0.07038123167155426,0.6486486486486487
0.07058823529411765,0.6486486486486487
0.07079646017699115,0.6486486486486487
0.07100591715976332,0.6486486486486487
0.0712166172106825,0.6486486486486487
0.07142857142857142,0.6486486486486487
0.07164179104477612,0.6486486486486487
0.0718562874251497,0.6486486486486487
0.07207207207207207,0.6486486486486487
0.07228915662650602,0.6486486486486487
0.07250755287009064,0.6486486486486487
0.07272727272727272,0.6486486486486487
0.0729483282674772,0.6486486486486487
0.07317073170731707,0.6486486486486487
0.07339449541284404,0.6486486486486487
0.0736196319018405,0.6486486486486487
0.07384615384615385,0.6486486486486487
0.07407407407407407,0.6486486486486487
0.07430340557275542,0.6486486486486487
0.07453416149068323,0.6486486486486487
0.07476635514018691,0.6486486486486487
0.075,0.6486486486486487
0.07523510971786834,0.6486486486486487
0.07547169811320754,0.6486486486486487
0.07570977917981073,0.6486486486486487
0.0759493670886076,0.6486486486486487
0.0761904761904762,0.6486486486486487
0.07643312101910828,0.6486486486486487
0.07667731629392971,0.6486486486486487
0.07692307692307693,0.6486486486486487
0.07717041800643087,0.6486486486486487
0.07741935483870968,0.6486486486486487
0.07766990291262135,0.6486486486486487
0.07792207792207792,0.6486486486486487
0.0781758957654723,0.6486486486486487
0.0784313725490196,0.6486486486486487
0.07868852459016394,0.6486486486486487
0.07894736842105263,0.6486486486486487
0.07920792079207921,0.6486486486486487
0.07947019867549669,0.6486486486486487
0.07973421926910298,0.6486486486486487
0.08,0.6486486486486487
0.0802675585284281,0.6486486486486487
0.08053691275167785,0.6486486486486487
0.08080808080808081,0.6486486486486487
0.08108108108108109,0.6486486486486487
0.08135593220338982,0.6486486486486487
0.08163265306122448,0.6486486486486487
0.08191126279863481,0.6486486486486487
0.0821917808219178,0.6486486486486487
0.08247422680412371,0.6486486486486487
0.08275862068965517,0.6486486486486487
0.08304498269896193,0.6486486486486487
0.08333333333333333,0.6486486486486487
0.08362369337979095,0.6486486486486487
0.08391608391608392,0.6486486486486487
0.08421052631578947,0.6486486486486487
0.08450704225352113,0.6486486486486487
0.08480565371024736,0.6486486486486487
0.0851063829787234,0.6486486486486487
0.08540925266903915,0.6486486486486487
0.08571428571428572,0.6486486486486487
0.08602150537634409,0.6486486486486487
0.08633093525179857,0.6486486486486487
0.08664259927797834,0.6486486486486487
0.08695652173913043,0.6486486486486487
0.08727272727272728,0.6486486486486487
0.08759124087591241,0.6486486486486487
0.08791208791208792,0.6486486486486487
0.08823529411764706,0.6486486486486487
0.08856088560885608,0.6486486486486487
0.08888888888888889,0.6486486486486487
0.08921933085501858,0.6486486486486487
0.08955223880597014,0.6486486486486487
0.0898876404494382,0.6486486486486487
0.09022556390977443,0.6486486486486487
0.09056603773584905,0.6486486486486487
0.09090909090909091,0.6486486486486487
0.09125475285171103,0.6486486486486487
0.0916030534351145,0.6486486486486487
0.09195402298850575,0.6486486486486487
0.09230769230769231,0.6486486486486487
0.09266409266409266,0.6486486486486487
0.09302325581395349,0.6486486486486487
0.0933852140077821,0.6486486486486487
0.09375,0.6486486486486487
0.09411764705882353,0.6486486486486487
0.09448818897637795,0.6486486486486487
0.09486166007905138,0.6486486486486487
0.09523809523809523,0.6486486486486487
0.09561752988047809,0.6486486486486487
0.096,0.6486486486486487
0.0963855421686747,0.6486486486486487
0.0967741935483871,0.6486486486486487
0.09716599190283401,0.6486486486486487
0.0975609756097561,0.6486486486486487
0.09795918367346938,0.6486486486486487
0.09836065573770492,0.6486486486486487
0.09876543209876543,0.6486486486486487
0.09917355371900827,0.6486486486486487
0.0995850622406639,0.6486486486486487
0.1,0.6486486486486487
0.100418410041841,0.6486486486486487
0.10084033613445378,0.6486486486486487
0.10126582278481013,0.6486486486486487
0.1016949152542373,0.6486486486486487
0.10212765957446808,0.6486486486486487
0.10256410256410256,0.6486486486486487
0.10300429184549356,0.6486486486486487
0.10344827586206896,0.6486486486486487
0.1038961038961039,0.6486486486486487
0.10434782608695652,0.6486486486486487
0.10480349344978165,0.6486486486486487
0.10526315789473684,0.6486486486486487
0.10572687224669604,0.6486486486486487
0.10619469026548672,0.6486486486486487
0.10666666666666667,0.6486486486486487
0.10714285714285714,0.6486486486486487
0.10762331838565023,0.6486486486486487
0.10810810810810811,0.6486486486486487
0.1085972850678733,0.6486486486486487
0.10909090909090909,0.6486486486486487
0.1095890410958904,0.6486486486486487
0.11009174311926606,0.6486486486486487
0.11059907834101383,0.6486486486486487
0.1111111111111111,0.6486486486486487
0.11162790697674418,0.6486486486486487
0.11214953271028037,0.6486486486486487
0.11267605633802817,0.6486486486486487
0.11320754716981132,0.6486486486486487
0.11374407582938388,0.6486486486486487
0.11428571428571428,0.6486486486486487
0.11483253588516747,0.6486486486486487
0.11538461538461539,0.6486486486486487
0.11594202898550725,0.6486486486486487
0.11650485436893204,0.6486486486486487
0.11707317073170732,0.6486486486486487
0.11764705882352941,0.6486486486486487
0.11822660098522167,0.6486486486486487
0.1188118811881188,0.6486486486486487
0.11940298507462686,0.6486486486486487
0.12,0.6486486486486487
0.12060301507537688,0.6486486486486487
0.12121212121212122,0.6486486486486487
0.1218274111675127,0.6486486486486487
0.12244897959183673,0.6486486486486487
0.12307692307692308,0.6486486486486487
0.12371134020618557,0.6486486486486487
0.12435233160621761,0.6486486486486487
0.125,0.6486486486486487
0.1256544502617801,0.6486486486486487
0.12631578947368421,0.6486486486486487
0.12698412698412698,0.6486486486486487
0.1276595744680851,0.6486486486486487
0.12834224598930483,0.6486486486486487
0.12903225806451613,0.6486486486486487
0.12972972972972974,0.6486486486486487
0.125,0.6216216216216216
0.12568306010928962,0.6216216216216216
0.12637362637362637,0.6216216216216216
0.1270718232044199,0.6216216216216216
0.12777777777777777,0.6216216216216216
0.12849162011173185,0.6216216216216216
0.12921348314606743,0.6216216216216216
0.12994350282485875,0.6216216216216216
0.13068181818181818,0.6216216216216216
0.13142857142857142,0.6216216216216216
0.13218390804597702,0.6216216216216216
0.1329479768786127,0.6216216216216216
0.13372093023255813,0.6216216216216216
0.13450292397660818,0.6216216216216216
0.13529411764705881,0.6216216216216216
0.13609467455621302,0.6216216216216216
0.13690476190476192,0.6216216216216216
0.1377245508982036,0.6216216216216216
0.13855421686746988,0.6216216216216216
0.1393939393939394,0.6216216216216216
0.1402439024390244,0.6216216216216216
0.1411042944785276,0.6216216216216216
0.1419753086419753,0.6216216216216216
0.14285714285714285,0.6216216216216216
0.14375,0.6216216216216216
0.14465408805031446,0.6216216216216216
0.14556962025316456,0.6216216216216216
0.1464968152866242,0.6216216216216216
0.14743589743589744,0.6216216216216216
0.14838709677419354,0.6216216216216216
0.14935064935064934,0.6216216216216216
0.1503267973856209,0.6216216216216216
0.1513157894736842,0.6216216216216216
0.152317880794702,0.6216216216216216
0.15333333333333332,0.6216216216216216
0.15436241610738255,0.6216216216216216
0.1554054054054054,0.6216216216216216
0.1564625850340136,0.6216216216216216
0.15753424657534246,0.6216216216216216
0.15862068965517243,0.6216216216216216
0.1597222222222222,0.6216216216216216
0.16083916083916083,0.6216216216216216
0.1619718309859155,0.6216216216216216
0.16312056737588654,0.6216216216216216
0.16428571428571428,0.6216216216216216
0.16546762589928057,0.6216216216216216
0.16666666666666666,0.6216216216216216
0.1678832116788321,0.6216216216216216
0.16911764705882354,0.6216216216216216
0.17037037037037037,0.6216216216216216
0.17164179104477612,0.6216216216216216
0.17293233082706766,0.6216216216216216
0.17424242424242425,0.6216216216216216
0.17557251908396945,0.6216216216216216
0.17692307692307693,0.6216216216216216
0.17829457364341086,0.6216216216216216
0.1796875,0.6216216216216216
0.18110236220472442,0.6216216216216216
0.18253968253968253,0.6216216216216216
0.184,0.6216216216216216
0.18548387096774194,0.6216216216216216
0.18699186991869918,0.6216216216216216
0.1885245901639344,0.6216216216216216
0.19008264462809918,0.6216216216216216
0.19166666666666668,0.6216216216216216
0.19327731092436976,0.6216216216216216
0.19491525423728814,0.6216216216216216
0.19658119658119658,0.6216216216216216
0.19827586206896552,0.6216216216216216
0.2,0.6216216216216216
0.20175438596491227,0.6216216216216216
0.20353982300884957,0.6216216216216216
0.20535714285714285,0.6216216216216216
0.2072072072072072,0.6216216216216216
0.20909090909090908,0.6216216216216216
0.21100917431192662,0.6216216216216216
0.21296296296296297,0.6216216216216216
0.21495327102803738,0.6216216216216216
0.2169811320754717,0.6216216216216216
0.21904761904761905,0.6216216216216216
0.22115384615384615,0.6216216216216216
0.22330097087378642,0.6216216216216216
0.22549019607843138,0.6216216216216216
0.22772277227722773,0.6216216216216216
0.23,0.6216216216216216
0.23232323232323232,0.6216216216216216
0.23469387755102042,0.6216216216216216
0.23711340206185566,0.6216216216216216
0.23958333333333334,0.6216216216216216
0.24210526315789474,0.6216216216216216
0.24468085106382978,0.6216216216216216
0.24731182795698925,0.6216216216216216
0.25,0.6216216216216216
0.25274725274725274,0.6216216216216216
0.25555555555555554,0.6216216216216216
0.25842696629213485,0.6216216216216216
0.26136363636363635,0.6216216216216216
0.26436781609195403,0.6216216216216216
0.26744186046511625,0.6216216216216216
0.27058823529411763,0.6216216216216216
0.27380952380952384,0.6216216216216216
0.27710843373493976,0.6216216216216216
0.2804878048780488,0.6216216216216216
0.2839506172839506,0.6216216216216216
0.2875,0.6216216216216216
0.2911392405063291,0.6216216216216216
0.2948717948717949,0.6216216216216216
0.2987012987012987,0.6216216216216216
0.3026315789473684,0.6216216216216216
0.30666666666666664,0.6216216216216216
0.3108108108108108,0.6216216216216216
0.3150684931506849,0.6216216216216216
0.3194444444444444,0.6216216216216216
0.323943661971831,0.6216216216216216
0.32857142857142857,0.6216216216216216
0.3333333333333333,0.6216216216216216
0.3382352941176471,0.6216216216216216
0.34328358208955223,0.6216216216216216
0.3484848484848485,0.6216216216216216
0.3384615384615385,0.5945945945945946
0.34375,0.5945945945945946
0.3492063492063492,0.5945945945945946
0.3548387096774194,0.5945945945945946
0.36065573770491804,0.5945945945945946
0.36666666666666664,0.5945945945945946
0.3728813559322034,0.5945945945945946
0.3793103448275862,0.5945945945945946
0.38596491228070173,0.5945945945945946
0.39285714285714285,0.5945945945945946
0.4,0.5945945945945946
0.4074074074074074,0.5945945945945946
0.39622641509433965,0.5675675675675675
0.40384615384615385,0.5675675675675675
0.4117647058823529,0.5675675675675675
0.42,0.5675675675675675
0.42857142857142855,0.5675675675675675
0.4375,0.5675675675675675
0.44680851063829785,0.5675675675675675
0.45652173913043476,0.5675675675675675
0.4666666666666667,0.5675675675675675
0.45454545454545453,0.5405405405405406
0.46511627906976744,0.5405405405405406
0.47619047619047616,0.5405405405405406
0.4634146341463415,0.5135135135135135
0.475,0.5135135135135135
0.48717948717948717,0.5135135135135135
0.5,0.5135135135135135
0.5135135135135135,0.5135135135135135
0.5277777777777778,0.5135135135135135
0.5142857142857142,0.4864864864864865
0.5294117647058824,0.4864864864864865
0.5151515151515151,0.4594594594594595
0.53125,0.4594594594594595
0.5161290322580645,0.43243243243243246
0.5333333333333333,0.43243243243243246
0.5517241379310345,0.43243243243243246
0.5714285714285714,0.43243243243243246
0.5925925925925926,0.43243243243243246
0.6153846153846154,0.43243243243243246
0.64,0.43243243243243246
0.625,0.40540540540540543
0.6521739130434783,0.40540540540540543
0.6818181818181818,0.40540540540540543
0.6666666666666666,0.3783783783783784
0.7,0.3783783783783784
0.6842105263157895,0.35135135135135137
0.7222222222222222,0.35135135135135137
0.7058823529411765,0.32432432432432434
0.6875,0.2972972972972973
0.6666666666666666,0.2702702702702703
0.7142857142857143,0.2702702702702703
0.7692307692307693,0.2702702702702703
0.75,0.24324324324324326
0.8181818181818182,0.24324324324324326
0.8,0.21621621621621623
0.8888888888888888,0.21621621621621623
0.875,0.1891891891891892
0.8571428571428571,0.16216216216216217
1.0,0.16216216216216217
1.0,0.13513513513513514
1.0,0.10810810810810811
1.0,0.08108108108108109
1.0,0.05405405405405406
1.0,0.02702702702702703
1.0,0.0
