Precision,Recall
0.022182254196642687,1.0
0.021595680863827234,0.972972972972973
0.021608643457382955,0.972972972972973
0.021621621621621623,0.972972972972973
0.021634615384615384,0.972972972972973
0.02164762477450391,0.972972972972973
0.021660649819494584,0.972972972972973
0.021673690547862733,0.972972972972973
0.021686746987951807,0.972972972972973
0.0216998191681736,0.972972972972973
0.021712907117008445,0.972972972972973
0.02172601086300543,0.972972972972973
0.021739130434782608,0.972972972972973
0.02175226586102719,0.972972972972973
0.02176541717049577,0.972972972972973
0.021778584392014518,0.972972972972973
0.021791767554479417,0.972972972972973
0.021804966686856452,0.972972972972973
0.02181818181818182,0.972972972972973
0.021831412977562158,0.972972972972973
0.021844660194174758,0.972972972972973
0.02185792349726776,0.972972972972973
0.02187120291616039,0.972972972972973
0.02188449848024316,0.972972972972973
0.021897810218978103,0.972972972972973
0.021911138161898967,0.972972972972973
0.02192448233861145,0.972972972972973
0.021937842778793418,0.972972972972973
0.02195121951219512,0.972972972972973
0.021964612568639415,0.972972972972973
0.02197802197802198,0.972972972972973
0.021991447770311544,0.972972972972973
0.022004889975550123,0.972972972972973
0.022018348623853212,0.972972972972973
0.022031823745410038,0.972972972972973
0.02204531537048377,0.972972972972973
0.022058823529411766,0.972972972972973
0.022072348252605765,0.972972972972973
0.022085889570552148,0.972972972972973
0.022099447513812154,0.972972972972973
0.022113022113022112,0.972972972972973
0.022126613398893668,0.972972972972973
0.02214022140221402,0.972972972972973
0.022153846153846152,0.972972972972973
0.022167487684729065,0.972972972972973
0.022181146025878003,0.972972972972973
0.02219482120838471,0.972972972972973
0.022208513263417645,0.972972972972973
0.022222222222222223,0.972972972972973
0.022235948116121063,0.972972972972973
0.022249690976514216,0.972972972972973
0.022263450834879406,0.972972972972973
0.022277227722772276,0.972972972972973
0.022291021671826627,0.972972972972973
0.022304832713754646,0.972972972972973
0.022318660880347178,0.972972972972973
0.022332506203473945,0.972972972972973
0.0223463687150838,0.972972972972973
0.02236024844720497,0.972972972972973
0.022374145431945307,0.972972972972973
0.022388059701492536,0.972972972972973
0.0224019912881145,0.972972972972973
0.0224159402241594,0.972972972972973
0.022429906542056073,0.972972972972973
0.022443890274314215,0.972972972972973
0.022457891453524642,0.972972972972973
0.02247191011235955,0.972972972972973
0.022485946283572766,0.972972972972973
0.0225,0.972972972972973
0.0225140712945591,0.972972972972973
0.02252816020025031,0.972972972972973
0.022542266750156543,0.972972972972973
0.022556390977443608,0.972972972972973
0.0225705329153605,0.972972972972973
0.02258469259723965,0.972972972972973
0.022598870056497175,0.972972972972973
0.022613065326633167,0.972972972972973
0.02262727844123193,0.972972972972973
0.022641509433962263,0.972972972972973
0.022655758338577723,0.972972972972973
0.022670025188916875,0.972972972972973
0.022684310018903593,0.972972972972973
0.02269861286254729,0.972972972972973
0.022712933753943218,0.972972972972973
0.022727272727272728,0.972972972972973
0.022741629816803537,0.972972972972973
0.022756005056890013,0.972972972972973
0.022770398481973434,0.972972972972973
0.02278481012658228,0.972972972972973
0.022799240025332488,0.972972972972973
0.022813688212927757,0.972972972972973
0.022828154724159798,0.972972972972973
0.02284263959390863,0.972972972972973
0.022857142857142857,0.972972972972973
0.022871664548919948,0.972972972972973
0.02288620470438652,0.972972972972973
0.022900763358778626,0.972972972972973
0.022915340547422024,0.972972972972973
0.022929936305732482,0.972972972972973
0.022944550669216062,0.972972972972973
0.02295918367346939,0.972972972972973
0.02297383535417996,0.972972972972973
0.022988505747126436,0.972972972972973
0.023003194888178913,0.972972972972973
0.023017902813299233,0.972972972972973
0.023032629558541268,0.972972972972973
0.023047375160051217,0.972972972972973
0.023062139654067906,0.972972972972973
0.023076923076923078,0.972972972972973
0.023091725465041693,0.972972972972973
0.023106546854942234,0.972972972972973
0.023121387283236993,0.972972972972973
0.02313624678663239,0.972972972972973
0.02315112540192926,0.972972972972973
0.023166023166023165,0.972972972972973
0.0231809401159047,0.972972972972973
0.023195876288659795,0.972972972972973
0.02321083172147002,0.972972972972973
0.023225806451612905,0.972972972972973
0.023240800516462233,0.972972972972973
0.023255813953488372,0.972972972972973
0.023270846800258566,0.972972972972973
0.02328589909443726,0.972972972972973
0.02330097087378641,0.972972972972973
0.023316062176165803,0.972972972972973
0.023331173039533377,0.972972972972973
0.023346303501945526,0.972972972972973
0.02336145360155743,0.972972972972973
0.023376623376623377,0.972972972972973
0.023391812865497075,0.972972972972973
0.02340702210663199,0.972972972972973
0.02342225113858165,0.972972972972973
0.0234375,0.972972972972973
0.023452768729641693,0.972972972972973
0.02346805736636245,0.972972972972973
0.023483365949119372,0.972972972972973
0.02349869451697128,0.972972972972973
0.023514043109079032,0.972972972972973
0.023529411764705882,0.972972972972973
0.02354480052321779,0.972972972972973
0.02356020942408377,0.972972972972973
0.023575638506876228,0.972972972972973
0.023591087811271297,0.972972972972973
0.02360655737704918,0.972972972972973
0.023622047244094488,0.972972972972973
0.023637557452396585,0.972972972972973
0.023653088042049936,0.972972972972973
0.023668639053254437,0.972972972972973
0.02368421052631579,0.972972972972973
0.02369980250164582,0.972972972972973
0.023715415019762844,0.972972972972973
0.023731048121292023,0.972972972972973
0.023746701846965697,0.972972972972973
0.023762376237623763,0.972972972972973
0.023778071334214,0.972972972972973
0.023793787177792465,0.972972972972973
0.023809523809523808,0.972972972972973
0.02382528127068167,0.972972972972973
0.02384105960264901,0.972972972972973
0.02385685884691849,0.972972972972973
0.023872679045092837,0.972972972972973
0.023888520238885203,0.972972972972973
0.02390438247011952,0.972972972972973
0.023920265780730896,0.972972972972973
0.023936170212765957,0.972972972972973
0.023952095808383235,0.972972972972973
0.023968042609853527,0.972972972972973
0.023984010659560292,0.972972972972973
0.024,0.972972972972973
0.02401601067378252,0.972972972972973
0.02403204272363151,0.972972972972973
0.02404809619238477,0.972972972972973
0.02406417112299465,0.972972972972973
0.024080267558528427,0.972972972972973
0.024096385542168676,0.972972972972973
0.024112525117213665,0.972972972972973
0.024128686327077747,0.972972972972973
0.02414486921529175,0.972972972972973
0.024161073825503355,0.972972972972973
0.0241773002014775,0.972972972972973
0.024193548387096774,0.972972972972973
0.0242098184263618,0.972972972972973
0.024226110363391656,0.972972972972973
0.024242424242424242,0.972972972972973
0.02425876010781671,0.972972972972973
0.024275118004045852,0.972972972972973
0.024291497975708502,0.972972972972973
0.024307900067521943,0.972972972972973
0.024324324324324326,0.972972972972973
0.02434077079107505,0.972972972972973
0.02435723951285521,0.972972972972973
0.024373730534867976,0.972972972972973
0.024390243902439025,0.972972972972973
0.02440677966101695,0.972972972972973
0.024423337856173677,0.972972972972973
0.024439918533604887,0.972972972972973
0.024456521739130436,0.972972972972973
0.024473147518694765,0.972972972972973
0.024489795918367346,0.972972972972973
0.02450646698434309,0.972972972972973
0.02452316076294278,0.972972972972973
0.024539877300613498,0.972972972972973
0.02455661664392906,0.972972972972973
0.024573378839590442,0.972972972972973
0.02459016393442623,0.972972972972973
0.02460697197539303,0.972972972972973
0.024623803009575923,0.972972972972973
0.024640657084188913,0.972972972972973
0.024657534246575342,0.972972972972973
0.02467443454420836,0.972972972972973
0.024691358024691357,0.972972972972973
0.024708304735758406,0.972972972972973
0.024725274725274724,0.972972972972973
0.024742268041237112,0.972972972972973
0.024759284731774415,0.972972972972973
0.02477632484514797,0.972972972972973
0.024793388429752067,0.972972972972973
0.024810475534114404,0.972972972972973
0.02482758620689655,0.972972972972973
0.024844720496894408,0.972972972972973
0.024861878453038673,0.972972972972973
0.0248790601243953,0.972972972972973
0.024896265560165973,0.972972972972973
0.02491349480968858,0.972972972972973
0.024930747922437674,0.972972972972973
0.02494802494802495,0.972972972972973
0.024965325936199722,0.972972972972973
0.02498265093684941,0.972972972972973
0.025,0.972972972972973
0.02501737317581654,0.972972972972973
0.025034770514603615,0.972972972972973
0.024356297842727904,0.9459459459459459
0.02437325905292479,0.9459459459459459
0.024390243902439025,0.9459459459459459
0.024407252440725245,0.9459459459459459
0.024424284717376135,0.9459459459459459
0.024441340782122904,0.9459459459459459
0.02445842068483578,0.9459459459459459
0.024475524475524476,0.9459459459459459
0.0244926522043387,0.9459459459459459
0.024509803921568627,0.9459459459459459
0.02452697967764541,0.9459459459459459
0.024544179523141654,0.9459459459459459
0.02456140350877193,0.9459459459459459
0.02457865168539326,0.9459459459459459
0.024595924104005622,0.9459459459459459
0.02461322081575246,0.9459459459459459
0.024630541871921183,0.9459459459459459
0.02464788732394366,0.9459459459459459
0.02466525722339676,0.9459459459459459
0.02468265162200282,0.9459459459459459
0.024700070571630206,0.9459459459459459
0.024717514124293787,0.9459459459459459
0.024734982332155476,0.9459459459459459
0.024752475247524754,0.9459459459459459
0.024769992922859165,0.9459459459459459
0.024787535410764873,0.9459459459459459
0.024805102763997167,0.9459459459459459
0.024822695035460994,0.9459459459459459
0.0248403122782115,0.9459459459459459
0.024857954545454544,0.9459459459459459
0.024875621890547265,0.9459459459459459
0.024893314366998577,0.9459459459459459
0.02491103202846975,0.9459459459459459
0.02492877492877493,0.9459459459459459
0.024946543121881683,0.9459459459459459
0.024964336661911554,0.9459459459459459
0.024982155603140613,0.9459459459459459
0.025,0.9459459459459459
0.02501786990707648,0.9459459459459459
0.02503576537911302,0.9459459459459459
0.025053686471009307,0.9459459459459459
0.025071633237822348,0.9459459459459459
0.025089605734767026,0.9459459459459459
0.025107604017216643,0.9459459459459459
0.02512562814070352,0.9459459459459459
0.02514367816091954,0.9459459459459459
0.02516175413371675,0.9459459459459459
0.025179856115107913,0.9459459459459459
0.0251979841612671,0.9459459459459459
0.02521613832853026,0.9459459459459459
0.025234318673395817,0.9459459459459459
0.025252525252525252,0.9459459459459459
0.02527075812274368,0.9459459459459459
0.025289017341040464,0.9459459459459459
0.025307302964569775,0.9459459459459459
0.02532561505065123,0.9459459459459459
0.025343953656770456,0.9459459459459459
0.025362318840579712,0.9459459459459459
0.025380710659898477,0.9459459459459459
0.02539912917271408,0.9459459459459459
0.025417574437182282,0.9459459459459459
0.025436046511627907,0.9459459459459459
0.025454545454545455,0.9459459459459459
0.025473071324599708,0.9459459459459459
0.025491624180626365,0.9459459459459459
0.025510204081632654,0.9459459459459459
0.025528811086797956,0.9459459459459459
0.025547445255474453,0.9459459459459459
0.02556610664718773,0.9459459459459459
0.025584795321637425,0.9459459459459459
0.025603511338697878,0.9459459459459459
0.02562225475841874,0.9459459459459459
0.02564102564102564,0.9459459459459459
0.025659824046920823,0.9459459459459459
0.025678650036683785,0.9459459459459459
0.02569750367107195,0.9459459459459459
0.025716385011021307,0.9459459459459459
0.025735294117647058,0.9459459459459459
0.025754231052244298,0.9459459459459459
0.02577319587628866,0.9459459459459459
0.025792188651436992,0.9459459459459459
0.025811209439528023,0.9459459459459459
0.025830258302583026,0.9459459459459459
0.0258493353028065,0.9459459459459459
0.025868440502586843,0.9459459459459459
0.025887573964497042,0.9459459459459459
0.025906735751295335,0.9459459459459459
0.025925925925925925,0.9459459459459459
0.025945144551519646,0.9459459459459459
0.02596439169139466,0.9459459459459459
0.025983667409057165,0.9459459459459459
0.02600297176820208,0.9459459459459459
0.026022304832713755,0.9459459459459459
0.026041666666666668,0.9459459459459459
0.026061057334326135,0.9459459459459459
0.02608047690014903,0.9459459459459459
0.02609992542878449,0.9459459459459459
0.026119402985074626,0.9459459459459459
0.026138909634055265,0.9459459459459459
0.026158445440956652,0.9459459459459459
0.02617801047120419,0.9459459459459459
0.02619760479041916,0.9459459459459459
0.026217228464419477,0.9459459459459459
0.02623688155922039,0.9459459459459459
0.02625656414103526,0.9459459459459459
0.026276276276276277,0.9459459459459459
0.02629601803155522,0.9459459459459459
0.02631578947368421,0.9459459459459459
0.02633559066967645,0.9459459459459459
0.02635542168674699,0.9459459459459459
0.02637528259231349,0.9459459459459459
0.026395173453996983,0.9459459459459459
0.026415094339622643,0.9459459459459459
0.026435045317220542,0.9459459459459459
0.026455026455026454,0.9459459459459459
0.0264750378214826,0.9459459459459459
0.026495079485238455,0.9459459459459459
0.026515151515151516,0.9459459459459459
0.026535253980288095,0.9459459459459459
0.026555386949924126,0.9459459459459459
0.026575550493545937,0.9459459459459459
0.026595744680851064,0.9459459459459459
0.026615969581749048,0.9459459459459459
0.02663622526636225,0.9459459459459459
0.026656511805026657,0.9459459459459459
0.026676829268292682,0.9459459459459459
0.02669717772692601,0.9459459459459459
0.026717557251908396,0.9459459459459459
0.026737967914438502,0.9459459459459459
0.026758409785932722,0.9459459459459459
0.026778882938026015,0.9459459459459459
0.02679938744257274,0.9459459459459459
0.02681992337164751,0.9459459459459459
0.026840490797546013,0.9459459459459459
0.02686108979278588,0.9459459459459459
0.026881720430107527,0.9459459459459459
0.026902382782475018,0.9459459459459459
0.026923076923076925,0.9459459459459459
0.026943802925327175,0.9459459459459459
0.026964560862865947,0.9459459459459459
0.026985350809560524,0.9459459459459459
0.02700617283950617,0.9459459459459459
0.02702702702702703,0.9459459459459459
0.02704791344667697,0.9459459459459459
0.027068832173240527,0.9459459459459459
0.027089783281733747,0.9459459459459459
0.027110766847405113,0.9459459459459459
0.027131782945736434,0.9459459459459459
0.027152831652443754,0.9459459459459459
0.02717391304347826,0.9459459459459459
0.027195027195027196,0.9459459459459459
0.027216174183514776,0.9459459459459459
0.027237354085603113,0.9459459459459459
0.027258566978193146,0.9459459459459459
0.027279812938425563,0.9459459459459459
0.027301092043681748,0.9459459459459459
0.0273224043715847,0.9459459459459459
0.02734375,0.9459459459459459
0.027365129007036748,0.9459459459459459
0.027386541471048513,0.9459459459459459
0.0274079874706343,0.9459459459459459
0.0274294670846395,0.9459459459459459
0.027450980392156862,0.9459459459459459
0.027472527472527472,0.9459459459459459
0.02749410840534171,0.9459459459459459
0.027515723270440252,0.9459459459459459
0.02753737214791503,0.9459459459459459
0.027559055118110236,0.9459459459459459
0.027580772261623327,0.9459459459459459
0.027602523659305992,0.9459459459459459
0.027624309392265192,0.9459459459459459
0.02764612954186414,0.9459459459459459
0.02766798418972332,0.9459459459459459
0.027689873417721517,0.9459459459459459
0.027711797307996833,0.9459459459459459
0.0277337559429477,0.9459459459459459
0.02775574940523394,0.9459459459459459
0.027777777777777776,0.9459459459459459
0.02779984114376489,0.9459459459459459
0.02782193958664547,0.9459459459459459
0.02784407319013524,0.9459459459459459
0.02786624203821656,0.9459459459459459
0.027888446215139442,0.9459459459459459
0.027910685805422646,0.9459459459459459
0.027932960893854747,0.9459459459459459
0.027955271565495207,0.9459459459459459
0.027977617905675458,0.9459459459459459
0.028,0.9459459459459459
0.02802241793434748,0.9459459459459459
0.028044871794871796,0.9459459459459459
0.028067361668003207,0.9459459459459459
0.028089887640449437,0.9459459459459459
0.028112449799196786,0.9459459459459459
0.028135048231511254,0.9459459459459459
0.02815768302493966,0.9459459459459459
0.02818035426731079,0.9459459459459459
0.028203062046736505,0.9459459459459459
0.028225806451612902,0.9459459459459459
0.02824858757062147,0.9459459459459459
0.02827140549273021,0.9459459459459459
0.028294260307194827,0.9459459459459459
0.02831715210355987,0.9459459459459459
0.02834008097165992,0.9459459459459459
0.028363047001620744,0.9459459459459459
0.028386050283860504,0.9459459459459459
0.028409090909090908,0.9459459459459459
0.02843216896831844,0.9459459459459459
0.028455284552845527,0.9459459459459459
0.028478437754271765,0.9459459459459459
0.028501628664495113,0.9459459459459459
0.02852485737571312,0.9459459459459459
0.028548123980424143,0.9459459459459459
0.02857142857142857,0.9459459459459459
0.028594771241830064,0.9459459459459459
0.028618152085036794,0.9459459459459459
0.028641571194762683,0.9459459459459459
0.028665028665028666,0.9459459459459459
0.028688524590163935,0.9459459459459459
0.02871205906480722,0.9459459459459459
0.028735632183908046,0.9459459459459459
0.02875924404272802,0.9459459459459459
0.028782894736842105,0.9459459459459459
0.02880658436213992,0.9459459459459459
0.028830313014827018,0.9459459459459459
0.028854080791426217,0.9459459459459459
0.028877887788778877,0.9459459459459459
0.028901734104046242,0.9459459459459459
0.028925619834710745,0.9459459459459459
0.028949545078577336,0.9459459459459459
0.028973509933774833,0.9459459459459459
0.02899751449875725,0.9459459459459459
0.02902155887230514,0.9459459459459459
0.029045643153526972,0.9459459459459459
0.029069767441860465,0.9459459459459459
0.029093931837073983,0.9459459459459459
0.029118136439267885,0.9459459459459459
0.029142381348875937,0.9459459459459459
0.029166666666666667,0.9459459459459459
0.029190992493744787,0.9459459459459459
0.02921535893155259,0.9459459459459459
0.029239766081871343,0.9459459459459459
0.029264214046822744,0.9459459459459459
0.029288702928870293,0.9459459459459459
0.02931323283082077,0.9459459459459459
0.02933780385582565,0.9459459459459459
0.02936241610738255,0.9459459459459459
0.02938706968933669,0.9459459459459459
0.029411764705882353,0.9459459459459459
0.02943650126156434,0.9459459459459459
0.029461279461279462,0.9459459459459459
0.02948609941027801,0.9459459459459459
0.02951096121416526,0.9459459459459459
0.029535864978902954,0.9459459459459459
0.02956081081081081,0.9459459459459459
0.029585798816568046,0.9459459459459459
0.02961082910321489,0.9459459459459459
0.029635901778154106,0.9459459459459459
0.029661016949152543,0.9459459459459459
0.029686174724342665,0.9459459459459459
0.029711375212224108,0.9459459459459459
0.029736618521665252,0.9459459459459459
0.02976190476190476,0.9459459459459459
0.029787234042553193,0.9459459459459459
0.029812606473594547,0.9459459459459459
0.029838022165387893,0.9459459459459459
0.029863481228668942,0.9459459459459459
0.029888983774551667,0.9459459459459459
0.029914529914529916,0.9459459459459459
0.029940119760479042,0.9459459459459459
0.029965753424657533,0.9459459459459459
0.029991431019708654,0.9459459459459459
0.030017152658662092,0.9459459459459459
0.030042918454935622,0.9459459459459459
0.03006872852233677,0.9459459459459459
0.03009458297506449,0.9459459459459459
0.030120481927710843,0.9459459459459459
0.030146425495262703,0.9459459459459459
0.03017241379310345,0.9459459459459459
0.030198446937014668,0.9459459459459459
0.030224525043177894,0.9459459459459459
0.03025064822817632,0.9459459459459459
0.03027681660899654,0.9459459459459459
0.030303030303030304,0.9459459459459459
0.030329289428076257,0.9459459459459459
0.030355594102341718,0.9459459459459459
0.030381944444444444,0.9459459459459459
0.030408340573414423,0.9459459459459459
0.030434782608695653,0.9459459459459459
0.030461270670147953,0.9459459459459459
0.03048780487804878,0.9459459459459459
0.03051438535309503,0.9459459459459459
0.030541012216404886,0.9459459459459459
0.03056768558951965,0.9459459459459459
0.030594405594405596,0.9459459459459459
0.03062117235345582,0.9459459459459459
0.03064798598949212,0.9459459459459459
0.03067484662576687,0.9459459459459459
0.03070175438596491,0.9459459459459459
0.030728709394205442,0.9459459459459459
0.030755711775043937,0.9459459459459459
0.030782761653474055,0.9459459459459459
0.030809859154929578,0.9459459459459459
0.030837004405286344,0.9459459459459459
0.030864197530864196,0.9459459459459459
0.03089143865842895,0.9459459459459459
0.030918727915194347,0.9459459459459459
0.03094606542882405,0.9459459459459459
0.030973451327433628,0.9459459459459459
0.03100088573959256,0.9459459459459459
0.03102836879432624,0.9459459459459459
0.031055900621118012,0.9459459459459459
0.03108348134991119,0.9459459459459459
0.03111111111111111,0.9459459459459459
0.03113879003558719,0.9459459459459459
0.031166518254674976,0.9459459459459459
0.031194295900178252,0.9459459459459459
0.031222123104371096,0.9459459459459459
0.03125,0.9459459459459459
0.03127792672028597,0.9459459459459459
0.03130590339892665,0.9459459459459459
0.03133393017009848,0.9459459459459459
0.03136200716845878,0.9459459459459459
0.03139013452914798,0.9459459459459459
0.03141831238779174,0.9459459459459459
0.031446540880503145,0.9459459459459459
0.03147482014388489,0.9459459459459459
0.0315031503150315,0.9459459459459459
0.03153153153153153,0.9459459459459459
0.031559963931469794,0.9459459459459459
0.0315884476534296,0.9459459459459459
0.031616982836495035,0.9459459459459459
0.03164556962025317,0.9459459459459459
0.03167420814479638,0.9459459459459459
0.03170289855072464,0.9459459459459459
0.03173164097914778,0.9459459459459459
0.03176043557168784,0.9459459459459459
0.03178928247048138,0.9459459459459459
0.031818181818181815,0.9459459459459459
0.03184713375796178,0.9459459459459459
0.031876138433515486,0.9459459459459459
0.03190519598906107,0.9459459459459459
0.03193430656934307,0.9459459459459459
0.0319634703196347,0.9459459459459459
0.031992687385740404,0.9459459459459459
0.03202195791399817,0.9459459459459459
0.03205128205128205,0.9459459459459459
0.032080659945004586,0.9459459459459459
0.03211009174311927,0.9459459459459459
0.03213957759412305,0.9459459459459459
0.03216911764705882,0.9459459459459459
0.03219871205151794,0.9459459459459459
0.03222836095764273,0.9459459459459459
0.03225806451612903,0.9459459459459459
0.03228782287822878,0.9459459459459459
0.032317636195752536,0.9459459459459459
0.03234750462107209,0.9459459459459459
0.032377428307123035,0.9459459459459459
0.032407407407407406,0.9459459459459459
0.03243744207599629,0.9459459459459459
0.032467532467532464,0.9459459459459459
0.032497678737233054,0.9459459459459459
0.032527881040892194,0.9459459459459459
0.03255813953488372,0.9459459459459459
0.032588454376163874,0.9459459459459459
0.032618825722273995,0.9459459459459459
0.03264925373134328,0.9459459459459459
0.032679738562091505,0.9459459459459459
0.03271028037383177,0.9459459459459459
0.03274087932647334,0.9459459459459459
0.03277153558052434,0.9459459459459459
0.03280224929709466,0.9459459459459459
0.03283302063789869,0.9459459459459459
0.03286384976525822,0.9459459459459459
0.03289473684210526,0.9459459459459459
0.03292568203198495,0.9459459459459459
0.03295668549905838,0.9459459459459459
0.03298774740810556,0.9459459459459459
0.0330188679245283,0.9459459459459459
0.033050047214353166,0.9459459459459459
0.0330812854442344,0.9459459459459459
0.033112582781456956,0.9459459459459459
0.03314393939393939,0.9459459459459459
0.03317535545023697,0.9459459459459459
0.03320683111954459,0.9459459459459459
0.03323836657169991,0.9459459459459459
0.03326996197718631,0.9459459459459459
0.03330161750713606,0.9459459459459459
0.03333333333333333,0.9459459459459459
0.03336510962821735,0.9459459459459459
0.033396946564885496,0.9459459459459459
0.033428844317096466,0.9459459459459459
0.033460803059273424,0.9459459459459459
0.03349282296650718,0.9459459459459459
0.033524904214559385,0.9459459459459459
0.03355704697986577,0.9459459459459459
0.03358925143953935,0.9459459459459459
0.03362151777137368,0.9459459459459459
0.03365384615384615,0.9459459459459459
0.03368623676612127,0.9459459459459459
0.03371868978805395,0.9459459459459459
0.033751205400192864,0.9459459459459459
0.033783783783783786,0.9459459459459459
0.033816425120772944,0.9459459459459459
0.033849129593810444,0.9459459459459459
0.03388189738625363,0.9459459459459459
0.03391472868217054,0.9459459459459459
0.03394762366634336,0.9459459459459459
0.03398058252427184,0.9459459459459459
0.034013605442176874,0.9459459459459459
0.03404669260700389,0.9459459459459459
0.034079844206426485,0.9459459459459459
0.0341130604288499,0.9459459459459459
0.03414634146341464,0.9459459459459459
0.0341796875,0.9459459459459459
0.03421309872922776,0.9459459459459459
0.033268101761252444,0.918918918918919
0.03330068560235064,0.918918918918919
0.03333333333333333,0.918918918918919
0.033366045142296366,0.918918918918919
0.03339882121807466,0.918918918918919
0.03343166175024582,0.918918918918919
0.03346456692913386,0.918918918918919
0.033497536945812804,0.918918918918919
0.03353057199211045,0.918918918918919
0.03356367226061204,0.918918918918919
0.03359683794466403,0.918918918918919
0.033630069238377844,0.918918918918919
0.033663366336633666,0.918918918918919
0.03369672943508424,0.918918918918919
0.03373015873015873,0.918918918918919
0.033763654419066536,0.918918918918919
0.033797216699801194,0.918918918918919
0.03383084577114428,0.918918918918919
0.03386454183266932,0.918918918918919
0.03389830508474576,0.918918918918919
0.033932135728542916,0.918918918918919
0.03396603396603397,0.918918918918919
0.034,0.918918918918919
0.03403403403403404,0.918918918918919
0.033066132264529056,0.8918918918918919
0.0320962888665998,0.8648648648648649
0.0321285140562249,0.8648648648648649
0.032160804020100506,0.8648648648648649
0.03219315895372234,0.8648648648648649
0.032225579053373615,0.8648648648648649
0.03225806451612903,0.8648648648648649
0.03229061553985873,0.8648648648648649
0.03232323232323232,0.8648648648648649
0.032355915065722954,0.8648648648648649
0.032388663967611336,0.8648648648648649
0.03242147922998987,0.8648648648648649
0.032454361054766734,0.8648648648648649
0.03248730964467005,0.8648648648648649
0.032520325203252036,0.8648648648648649
0.03255340793489318,0.8648648648648649
0.032586558044806514,0.8648648648648649
0.0326197757390418,0.8648648648648649
0.0326530612244898,0.8648648648648649
0.03268641470888662,0.8648648648648649
0.032719836400818,0.8648648648648649
0.032753326509723645,0.8648648648648649
0.03278688524590164,0.8648648648648649
0.03282051282051282,0.8648648648648649
0.03285420944558522,0.8648648648648649
0.0328879753340185,0.8648648648648649
0.03292181069958848,0.8648648648648649
0.032955715756951595,0.8648648648648649
0.032989690721649485,0.8648648648648649
0.033023735810113516,0.8648648648648649
0.03305785123966942,0.8648648648648649
0.033092037228541885,0.8648648648648649
0.033126293995859216,0.8648648648648649
0.03316062176165803,0.8648648648648649
0.03319502074688797,0.8648648648648649
0.033229491173416406,0.8648648648648649
0.033264033264033266,0.8648648648648649
0.03329864724245578,0.8648648648648649
0.03333333333333333,0.8648648648648649
0.03336809176225235,0.8648648648648649
0.033402922755741124,0.8648648648648649
0.03343782654127482,0.8648648648648649
0.03347280334728033,0.8648648648648649
0.033507853403141365,0.8648648648648649
0.033542976939203356,0.8648648648648649
0.033578174186778595,0.8648648648648649
0.03361344537815126,0.8648648648648649
0.033648790746582544,0.8648648648648649
0.03368421052631579,0.8648648648648649
0.03371970495258166,0.8648648648648649
0.03375527426160337,0.8648648648648649
0.0337909186906019,0.8648648648648649
0.03382663847780127,0.8648648648648649
0.033862433862433865,0.8648648648648649
0.03389830508474576,0.8648648648648649
0.033934252386002124,0.8648648648648649
0.03397027600849257,0.8648648648648649
0.03400637619553666,0.8648648648648649
0.03404255319148936,0.8648648648648649
0.03407880724174654,0.8648648648648649
0.03411513859275053,0.8648648648648649
0.03415154749199573,0.8648648648648649
0.03418803418803419,0.8648648648648649
0.034224598930481284,0.8648648648648649
0.034261241970021415,0.8648648648648649
0.03429796355841372,0.8648648648648649
0.034334763948497854,0.8648648648648649
0.034371643394199784,0.8648648648648649
0.034408602150537634,0.8648648648648649
0.03444564047362755,0.8648648648648649
0.034482758620689655,0.8648648648648649
0.034519956850053934,0.8648648648648649
0.03455723542116631,0.8648648648648649
0.034594594594594595,0.8648648648648649
0.03463203463203463,0.8648648648648649
0.03466955579631636,0.8648648648648649
0.03470715835140998,0.8648648648648649
0.03474484256243214,0.8648648648648649
0.034782608695652174,0.8648648648648649
0.03482045701849837,0.8648648648648649
0.034858387799564274,0.8648648648648649
0.03489640130861505,0.8648648648648649
0.034934497816593885,0.8648648648648649
0.034972677595628415,0.8648648648648649
0.0350109409190372,0.8648648648648649
0.03504928806133625,0.8648648648648649
0.03508771929824561,0.8648648648648649
0.03512623490669594,0.8648648648648649
0.035164835164835165,0.8648648648648649
0.0352035203520352,0.8648648648648649
0.03524229074889868,0.8648648648648649
0.03528114663726571,0.8648648648648649
0.03532008830022075,0.8648648648648649
0.03535911602209945,0.8648648648648649
0.035398230088495575,0.8648648648648649
0.035437430786267994,0.8648648648648649
0.03547671840354767,0.8648648648648649
0.03551609322974473,0.8648648648648649
0.035555555555555556,0.8648648648648649
0.035595105672969966,0.8648648648648649
0.035634743875278395,0.8648648648648649
0.03567447045707915,0.8648648648648649
0.03571428571428571,0.8648648648648649
0.035754189944134075,0.8648648648648649
0.035794183445190156,0.8648648648648649
0.03583426651735722,0.8648648648648649
0.03587443946188341,0.8648648648648649
0.03591470258136925,0.8648648648648649
0.035955056179775284,0.8648648648648649
0.0359955005624297,0.8648648648648649
0.036036036036036036,0.8648648648648649
0.036076662908680945,0.8648648648648649
0.03611738148984198,0.8648648648648649
0.03615819209039548,0.8648648648648649
0.03619909502262444,0.8648648648648649
0.0362400906002265,0.8648648648648649
0.036281179138321996,0.8648648648648649
0.036322360953461974,0.8648648648648649
0.03636363636363636,0.8648648648648649
0.03640500568828214,0.8648648648648649
0.03644646924829157,0.8648648648648649
0.036488027366020526,0.8648648648648649
0.0365296803652968,0.8648648648648649
0.036571428571428574,0.8648648648648649
0.036613272311212815,0.8648648648648649
0.03665521191294387,0.8648648648648649
0.03669724770642202,0.8648648648648649
0.03673938002296211,0.8648648648648649
0.0367816091954023,0.8648648648648649
0.03682393555811277,0.8648648648648649
0.03686635944700461,0.8648648648648649
0.03690888119953864,0.8648648648648649
0.03695150115473441,0.8648648648648649
0.03699421965317919,0.8648648648648649
0.037037037037037035,0.8648648648648649
0.03707995365005794,0.8648648648648649
0.037122969837587005,0.8648648648648649
0.03716608594657375,0.8648648648648649
0.037209302325581395,0.8648648648648649
0.037252619324796274,0.8648648648648649
0.037296037296037296,0.8648648648648649
0.03733955659276546,0.8648648648648649
0.037383177570093455,0.8648648648648649
0.03742690058479532,0.8648648648648649
0.03747072599531616,0.8648648648648649
0.03751465416178194,0.8648648648648649
0.03755868544600939,0.8648648648648649
0.03760282021151586,0.8648648648648649
0.03764705882352941,0.8648648648648649
0.03769140164899882,0.8648648648648649
0.03773584905660377,0.8648648648648649
0.03778040141676505,0.8648648648648649
0.037825059101654845,0.8648648648648649
0.0378698224852071,0.8648648648648649
0.037914691943127965,0.8648648648648649
0.03795966785290629,0.8648648648648649
0.03800475059382423,0.8648648648648649
0.03804994054696789,0.8648648648648649
0.0380952380952381,0.8648648648648649
0.03814064362336114,0.8648648648648649
0.03818615751789976,0.8648648648648649
0.038231780167264036,0.8648648648648649
0.03827751196172249,0.8648648648648649
0.03832335329341317,0.8648648648648649
0.03836930455635491,0.8648648648648649
0.03841536614645858,0.8648648648648649
0.038461538461538464,0.8648648648648649
0.03850782190132371,0.8648648648648649
0.03855421686746988,0.8648648648648649
0.038600723763570564,0.8648648648648649
0.03864734299516908,0.8648648648648649
0.03869407496977025,0.8648648648648649
0.0387409200968523,0.8648648648648649
0.03878787878787879,0.8648648648648649
0.038834951456310676,0.8648648648648649
0.038882138517618466,0.8648648648648649
0.038929440389294405,0.8648648648648649
0.0389768574908648,0.8648648648648649
0.03902439024390244,0.8648648648648649
0.03907203907203907,0.8648648648648649
0.039119804400977995,0.8648648648648649
0.03916768665850673,0.8648648648648649
0.0392156862745098,0.8648648648648649
0.0392638036809816,0.8648648648648649
0.03931203931203931,0.8648648648648649
0.03936039360393604,0.8648648648648649
0.03940886699507389,0.8648648648648649
0.03945745992601726,0.8648648648648649
0.03950617283950617,0.8648648648648649
0.03955500618046971,0.8648648648648649
0.039603960396039604,0.8648648648648649
0.03965303593556382,0.8648648648648649
0.03970223325062035,0.8648648648648649
0.03975155279503106,0.8648648648648649
0.03980099502487562,0.8648648648648649
0.039850560398505604,0.8648648648648649
0.0399002493765586,0.8648648648648649
0.039950062421972535,0.8648648648648649
0.04,0.8648648648648649
0.04005006257822278,0.8648648648648649
0.040100250626566414,0.8648648648648649
0.04015056461731493,0.8648648648648649
0.04020100502512563,0.8648648648648649
0.04025157232704402,0.8648648648648649
0.04030226700251889,0.8648648648648649
0.0403530895334174,0.8648648648648649
0.04040404040404041,0.8648648648648649
0.040455120101137804,0.8648648648648649
0.04050632911392405,0.8648648648648649
0.04055766793409379,0.8648648648648649
0.04060913705583756,0.8648648648648649
0.04066073697585769,0.8648648648648649
0.04071246819338423,0.8648648648648649
0.04076433121019108,0.8648648648648649
0.04081632653061224,0.8648648648648649
0.04086845466155811,0.8648648648648649
0.04092071611253197,0.8648648648648649
0.040973111395646605,0.8648648648648649
0.041025641025641026,0.8648648648648649
0.0410783055198973,0.8648648648648649
0.04113110539845758,0.8648648648648649
0.04118404118404118,0.8648648648648649
0.041237113402061855,0.8648648648648649
0.04129032258064516,0.8648648648648649
0.041343669250646,0.8648648648648649
0.04139715394566624,0.8648648648648649
0.04145077720207254,0.8648648648648649
0.041504539559014265,0.8648648648648649
0.04155844155844156,0.8648648648648649
0.04161248374512354,0.8648648648648649
0.041666666666666664,0.8648648648648649
0.041720990873533245,0.8648648648648649
0.04177545691906005,0.8648648648648649
0.04183006535947712,0.8648648648648649
0.041884816753926704,0.8648648648648649
0.04193971166448231,0.8648648648648649
0.04199475065616798,0.8648648648648649
0.04204993429697766,0.8648648648648649
0.042105263157894736,0.8648648648648649
0.04216073781291173,0.8648648648648649
0.04221635883905013,0.8648648648648649
0.04227212681638045,0.8648648648648649
0.042328042328042326,0.8648648648648649
0.0423841059602649,0.8648648648648649
0.042440318302387266,0.8648648648648649
0.04249667994687915,0.8648648648648649
0.0425531914893617,0.8648648648648649
0.0426098535286285,0.8648648648648649
0.042666666666666665,0.8648648648648649
0.042723631508678236,0.8648648648648649
0.0427807486631016,0.8648648648648649
0.0428380187416332,0.8648648648648649
0.04289544235924933,0.8648648648648649
0.042953020134228186,0.8648648648648649
0.043010752688172046,0.8648648648648649
0.04306864064602961,0.8648648648648649
0.0431266846361186,0.8648648648648649
0.043184885290148446,0.8648648648648649
0.043243243243243246,0.8648648648648649
0.04330175913396482,0.8648648648648649
0.04336043360433604,0.8648648648648649
0.04341926729986431,0.8648648648648649
0.043478260869565216,0.8648648648648649
0.04353741496598639,0.8648648648648649
0.043596730245231606,0.8648648648648649
0.04365620736698499,0.8648648648648649
0.04371584699453552,0.8648648648648649
0.04377564979480164,0.8648648648648649
0.043835616438356165,0.8648648648648649
0.0438957475994513,0.8648648648648649
0.04395604395604396,0.8648648648648649
0.04401650618982118,0.8648648648648649
0.0440771349862259,0.8648648648648649
0.044137931034482755,0.8648648648648649
0.04419889502762431,0.8648648648648649
0.04426002766251729,0.8648648648648649
0.0443213296398892,0.8648648648648649
0.044382801664355064,0.8648648648648649
0.044444444444444446,0.8648648648648649
0.04450625869262865,0.8648648648648649
0.04456824512534819,0.8648648648648649
0.044630404463040445,0.8648648648648649
0.0446927374301676,0.8648648648648649
0.044755244755244755,0.8648648648648649
0.04481792717086835,0.8648648648648649
0.04488078541374474,0.8648648648648649
0.0449438202247191,0.8648648648648649
0.0450070323488045,0.8648648648648649
0.04507042253521127,0.8648648648648649
0.045133991537376586,0.8648648648648649
0.04519774011299435,0.8648648648648649
0.04526166902404526,0.8648648648648649
0.0453257790368272,0.8648648648648649
0.04539007092198582,0.8648648648648649
0.045454545454545456,0.8648648648648649
0.04551920341394026,0.8648648648648649
0.045584045584045586,0.8648648648648649
0.0456490727532097,0.8648648648648649
0.045714285714285714,0.8648648648648649
0.045779685264663805,0.8648648648648649
0.045845272206303724,0.8648648648648649
0.04591104734576758,0.8648648648648649
0.04597701149425287,0.8648648648648649
0.0460431654676259,0.8648648648648649
0.04610951008645533,0.8648648648648649
0.046176046176046176,0.8648648648648649
0.046242774566473986,0.8648648648648649
0.04630969609261939,0.8648648648648649
0.0463768115942029,0.8648648648648649
0.04644412191582003,0.8648648648648649
0.046511627906976744,0.8648648648648649
0.046579330422125184,0.8648648648648649
0.04664723032069971,0.8648648648648649
0.04671532846715328,0.8648648648648649
0.04678362573099415,0.8648648648648649
0.04685212298682284,0.8648648648648649
0.0469208211143695,0.8648648648648649
0.04698972099853157,0.8648648648648649
0.047058823529411764,0.8648648648648649
0.047128129602356406,0.8648648648648649
0.0471976401179941,0.8648648648648649
0.047267355982274745,0.8648648648648649
0.047337278106508875,0.8648648648648649
0.047407407407407405,0.8648648648648649
0.04747774480712166,0.8648648648648649
0.0475482912332838,0.8648648648648649
0.047619047619047616,0.8648648648648649
0.04769001490312966,0.8648648648648649
0.04776119402985075,0.8648648648648649
0.04783258594917788,0.8648648648648649
0.04790419161676647,0.8648648648648649
0.047976011994003,0.8648648648648649
0.04804804804804805,0.8648648648648649
0.0481203007518797,0.8648648648648649
0.04819277108433735,0.8648648648648649
0.048265460030165915,0.8648648648648649
0.04833836858006042,0.8648648648648649
0.048411497730711045,0.8648648648648649
0.048484848484848485,0.8648648648648649
0.048558421851289835,0.8648648648648649
0.0486322188449848,0.8648648648648649
0.0487062404870624,0.8648648648648649
0.04878048780487805,0.8648648648648649
0.04885496183206107,0.8648648648648649
0.04892966360856269,0.8648648648648649
0.04900459418070444,0.8648648648648649
0.049079754601226995,0.8648648648648649
0.04915514592933948,0.8648648648648649
0.04923076923076923,0.8648648648648649
0.04930662557781202,0.8648648648648649
0.04938271604938271,0.8648648648648649
0.04945904173106646,0.8648648648648649
0.04953560371517028,0.8648648648648649
0.04961240310077519,0.8648648648648649
0.049689440993788817,0.8648648648648649
0.049766718506998445,0.8648648648648649
0.04984423676012461,0.8648648648648649
0.0499219968798752,0.8648648648648649
0.05,0.8648648648648649
0.050078247261345854,0.8648648648648649
0.050156739811912224,0.8648648648648649
0.05023547880690738,0.8648648648648649
0.050314465408805034,0.8648648648648649
0.050393700787401574,0.8648648648648649
0.050473186119873815,0.8648648648648649
0.05055292259083728,0.8648648648648649
0.05063291139240506,0.8648648648648649
0.05071315372424723,0.8648648648648649
0.050793650793650794,0.8648648648648649
0.05087440381558029,0.8648648648648649
0.050955414012738856,0.8648648648648649
0.051036682615629984,0.8648648648648649
0.051118210862619806,0.8648648648648649
0.0512,0.8648648648648649
0.05128205128205128,0.8648648648648649
0.051364365971107544,0.8648648648648649
0.05144694533762058,0.8648648648648649
0.05152979066022544,0.8648648648648649
0.05161290322580645,0.8648648648648649
0.051696284329563816,0.8648648648648649
0.05177993527508091,0.8648648648648649
0.05186385737439222,0.8648648648648649
0.05194805194805195,0.8648648648648649
0.05203252032520325,0.8648648648648649
0.05211726384364821,0.8648648648648649
0.05057096247960848,0.8378378378378378
0.05065359477124183,0.8378378378378378
0.05073649754500818,0.8378378378378378
0.05081967213114754,0.8378378378378378
0.05090311986863711,0.8378378378378378
0.05098684210526316,0.8378378378378378
0.051070840197693576,0.8378378378378378
0.05115511551155116,0.8378378378378378
0.0512396694214876,0.8378378378378378
0.05132450331125828,0.8378378378378378
0.05140961857379768,0.8378378378378378
0.04983388704318937,0.8108108108108109
0.04991680532445923,0.8108108108108109
0.05,0.8108108108108109
0.05008347245409015,0.8108108108108109
0.05016722408026756,0.8108108108108109
0.05025125628140704,0.8108108108108109
0.050335570469798654,0.8108108108108109
0.05042016806722689,0.8108108108108109
0.050505050505050504,0.8108108108108109
0.050590219224283306,0.8108108108108109
0.05067567567567568,0.8108108108108109
0.050761421319796954,0.8108108108108109
0.05084745762711865,0.8108108108108109
0.050933786078098474,0.8108108108108109
0.05102040816326531,0.8108108108108109
0.05110732538330494,0.8108108108108109
0.051194539249146756,0.8108108108108109
0.05128205128205128,0.8108108108108109
0.05136986301369863,0.8108108108108109
0.051457975986277875,0.8108108108108109
0.05154639175257732,0.8108108108108109
0.05163511187607573,0.8108108108108109
0.05172413793103448,0.8108108108108109
0.05181347150259067,0.8108108108108109
0.05190311418685121,0.8108108108108109
0.05199306759098787,0.8108108108108109
0.052083333333333336,0.8108108108108109
0.05217391304347826,0.8108108108108109
0.05226480836236934,0.8108108108108109
0.05235602094240838,0.8108108108108109
0.05244755244755245,0.8108108108108109
0.05253940455341506,0.8108108108108109
0.05263157894736842,0.8108108108108109
0.05272407732864675,0.8108108108108109
0.0528169014084507,0.8108108108108109
0.05291005291005291,0.8108108108108109
0.053003533568904596,0.8108108108108109
0.05309734513274336,0.8108108108108109
0.05319148936170213,0.8108108108108109
0.05328596802841918,0.8108108108108109
0.05338078291814947,0.8108108108108109
0.053475935828877004,0.8108108108108109
0.05357142857142857,0.8108108108108109
0.05366726296958855,0.8108108108108109
0.053763440860215055,0.8108108108108109
0.05385996409335727,0.8108108108108109
0.0539568345323741,0.8108108108108109
0.05405405405405406,0.8108108108108109
0.05415162454873646,0.8108108108108109
0.054249547920433995,0.8108108108108109
0.05434782608695652,0.8108108108108109
0.0544464609800363,0.8108108108108109
0.05454545454545454,0.8108108108108109
0.0546448087431694,0.8108108108108109
0.05474452554744526,0.8108108108108109
0.054844606946983544,0.8108108108108109
0.054945054945054944,0.8108108108108109
0.05504587155963303,0.8108108108108109
0.05514705882352941,0.8108108108108109
0.055248618784530384,0.8108108108108109
0.055350553505535055,0.8108108108108109
0.053604436229205174,0.7837837837837838
0.053703703703703705,0.7837837837837838
0.05380333951762523,0.7837837837837838
0.05390334572490706,0.7837837837837838
0.054003724394785846,0.7837837837837838
0.054104477611940295,0.7837837837837838
0.05420560747663551,0.7837837837837838
0.054307116104868915,0.7837837837837838
0.054409005628517824,0.7837837837837838
0.05451127819548872,0.7837837837837838
0.054613935969868174,0.7837837837837838
0.05471698113207547,0.7837837837837838
0.054820415879017016,0.7837837837837838
0.054924242424242424,0.7837837837837838
0.05502846299810247,0.7837837837837838
0.055133079847908745,0.7837837837837838
0.05523809523809524,0.7837837837837838
0.05534351145038168,0.7837837837837838
0.055449330783938815,0.7837837837837838
0.05555555555555555,0.7837837837837838
0.05566218809980806,0.7837837837837838
0.05576923076923077,0.7837837837837838
0.055876685934489405,0.7837837837837838
0.055984555984555984,0.7837837837837838
0.05609284332688588,0.7837837837837838
0.0562015503875969,0.7837837837837838
0.05631067961165048,0.7837837837837838
0.05642023346303502,0.7837837837837838
0.056530214424951264,0.7837837837837838
0.056640625,0.7837837837837838
0.05675146771037182,0.7837837837837838
0.056862745098039215,0.7837837837837838
0.05697445972495088,0.7837837837837838
0.05708661417322835,0.7837837837837838
0.05719921104536489,0.7837837837837838
0.05533596837944664,0.7567567567567568
0.055445544554455446,0.7567567567567568
0.05555555555555555,0.7567567567567568
0.055666003976143144,0.7567567567567568
0.055776892430278883,0.7567567567567568
0.05588822355289421,0.7567567567567568
0.056,0.7567567567567568
0.056112224448897796,0.7567567567567568
0.05622489959839357,0.7567567567567568
0.056338028169014086,0.7567567567567568
0.056451612903225805,0.7567567567567568
0.05454545454545454,0.7297297297297297
0.05465587044534413,0.7297297297297297
0.05476673427991886,0.7297297297297297
0.054878048780487805,0.7297297297297297
0.054989816700611,0.7297297297297297
0.05510204081632653,0.7297297297297297
0.05521472392638037,0.7297297297297297
0.055327868852459015,0.7297297297297297
0.055441478439425054,0.7297297297297297
0.05555555555555555,0.7297297297297297
0.05567010309278351,0.7297297297297297
0.05578512396694215,0.7297297297297297
0.055900621118012424,0.7297297297297297
0.056016597510373446,0.7297297297297297
0.056133056133056136,0.7297297297297297
0.05625,0.7297297297297297
0.05636743215031315,0.7297297297297297
0.056485355648535567,0.7297297297297297
0.05660377358490566,0.7297297297297297
0.05672268907563025,0.7297297297297297
0.056842105263157895,0.7297297297297297
0.056962025316455694,0.7297297297297297
0.05708245243128964,0.7297297297297297
0.057203389830508475,0.7297297297297297
0.05732484076433121,0.7297297297297297
0.0574468085106383,0.7297297297297297
0.057569296375266525,0.7297297297297297
0.057692307692307696,0.7297297297297297
0.057815845824411134,0.7297297297297297
0.05793991416309013,0.7297297297297297
0.05806451612903226,0.7297297297297297
0.05818965517241379,0.7297297297297297
0.058315334773218146,0.7297297297297297
0.05844155844155844,0.7297297297297297
0.05856832971800434,0.7297297297297297
0.058695652173913045,0.7297297297297297
0.058823529411764705,0.7297297297297297
0.05895196506550218,0.7297297297297297
0.05908096280087528,0.7297297297297297
0.05921052631578947,0.7297297297297297
0.05934065934065934,0.7297297297297297
0.05947136563876652,0.7297297297297297
0.059602649006622516,0.7297297297297297
0.059734513274336286,0.7297297297297297
0.0598669623059867,0.7297297297297297
0.06,0.7297297297297297
0.060133630289532294,0.7297297297297297
0.060267857142857144,0.7297297297297297
0.06040268456375839,0.7297297297297297
0.06053811659192825,0.7297297297297297
0.060674157303370786,0.7297297297297297
0.060810810810810814,0.7297297297297297
0.060948081264108354,0.7297297297297297
0.06108597285067873,0.7297297297297297
0.05895691609977324,0.7027027027027027
0.05909090909090909,0.7027027027027027
0.05922551252847381,0.7027027027027027
0.0593607305936073,0.7027027027027027
0.059496567505720827,0.7027027027027027
0.05963302752293578,0.7027027027027027
0.059770114942528735,0.7027027027027027
0.059907834101382486,0.7027027027027027
0.06004618937644342,0.7027027027027027
0.06018518518518518,0.7027027027027027
0.060324825986078884,0.7027027027027027
0.06046511627906977,0.7027027027027027
0.06060606060606061,0.7027027027027027
0.06074766355140187,0.7027027027027027
0.06088992974238876,0.7027027027027027
0.06103286384976526,0.7027027027027027
0.0611764705882353,0.7027027027027027
0.06132075471698113,0.7027027027027027
0.061465721040189124,0.7027027027027027
0.061611374407582936,0.7027027027027027
0.05938242280285035,0.6756756756756757
0.05952380952380952,0.6756756756756757
0.059665871121718374,0.6756756756756757
0.05980861244019139,0.6756756756756757
0.05995203836930456,0.6756756756756757
0.06009615384615385,0.6756756756756757
0.060240963855421686,0.6756756756756757
0.06038647342995169,0.6756756756756757
0.06053268765133172,0.6756756756756757
0.06067961165048544,0.6756756756756757
0.06082725060827251,0.6756756756756757
0.06097560975609756,0.6756756756756757
0.061124694376528114,0.6756756756756757
0.061274509803921566,0.6756756756756757
0.06142506142506143,0.6756756756756757
0.06157635467980296,0.6756756756756757
0.06172839506172839,0.6756756756756757
0.06188118811881188,0.6756756756756757
0.062034739454094295,0.6756756756756757
0.06218905472636816,0.6756756756756757
0.06234413965087282,0.6756756756756757
0.0625,0.6756756756756757
0.06265664160401002,0.6756756756756757
0.06281407035175879,0.6756756756756757
0.06297229219143577,0.6756756756756757
0.06313131313131314,0.6756756756756757
0.06329113924050633,0.6756756756756757
0.06345177664974619,0.6756756756756757
0.06361323155216285,0.6756756756756757
0.06377551020408163,0.6756756756756757
0.0639386189258312,0.6756756756756757
0.0641025641025641,0.6756756756756757
0.06426735218508997,0.6756756756756757
0.06443298969072164,0.6756756756756757
0.06459948320413436,0.6756756756756757
0.06476683937823834,0.6756756756756757
0.06493506493506493,0.6756756756756757
0.06510416666666667,0.6756756756756757
0.06527415143603134,0.6756756756756757
0.06544502617801047,0.6756756756756757
0.06561679790026247,0.6756756756756757
0.06578947368421052,0.6756756756756757
0.06596306068601583,0.6756756756756757
0.06613756613756613,0.6756756756756757
0.06631299734748011,0.6756756756756757
0.06648936170212766,0.6756756756756757
0.06666666666666667,0.6756756756756757
0.06684491978609626,0.6756756756756757
0.06702412868632708,0.6756756756756757
0.06720430107526881,0.6756756756756757
0.0673854447439353,0.6756756756756757
0.06756756756756757,0.6756756756756757
0.06775067750677506,0.6756756756756757
0.06793478260869565,0.6756756756756757
0.0681198910081744,0.6756756756756757
0.06830601092896176,0.6756756756756757
0.0684931506849315,0.6756756756756757
0.06868131868131869,0.6756756756756757
0.06887052341597796,0.6756756756756757
0.06906077348066299,0.6756756756756757
0.06925207756232687,0.6756756756756757
0.06944444444444445,0.6756756756756757
0.06963788300835655,0.6756756756756757
0.06983240223463687,0.6756756756756757
0.0700280112044818,0.6756756756756757
0.0702247191011236,0.6756756756756757
0.07042253521126761,0.6756756756756757
0.07062146892655367,0.6756756756756757
0.0708215297450425,0.6756756756756757
0.07102272727272728,0.6756756756756757
0.07122507122507123,0.6756756756756757
0.07142857142857142,0.6756756756756757
0.07163323782234957,0.6756756756756757
0.07183908045977011,0.6756756756756757
0.07204610951008646,0.6756756756756757
0.07225433526011561,0.6756756756756757
0.07246376811594203,0.6756756756756757
0.07267441860465117,0.6756756756756757
0.0728862973760933,0.6756756756756757
0.07309941520467836,0.6756756756756757
0.07331378299120235,0.6756756756756757
0.07352941176470588,0.6756756756756757
0.07374631268436578,0.6756756756756757
0.07396449704142012,0.6756756756756757
0.07418397626112759,0.6756756756756757
0.0744047619047619,0.6756756756756757
0.07462686567164178,0.6756756756756757
0.0748502994011976,0.6756756756756757
0.07507507507507508,0.6756756756756757
0.07530120481927711,0.6756756756756757
0.0755287009063444,0.6756756756756757
0.07575757575757576,0.6756756756756757
0.07598784194528875,0.6756756756756757
0.07621951219512195,0.6756756756756757
0.0764525993883792,0.6756756756756757
0.07668711656441718,0.6756756756756757
0.07692307692307693,0.6756756756756757
0.07716049382716049,0.6756756756756757
0.07739938080495357,0.6756756756756757
0.07763975155279502,0.6756756756756757
0.0778816199376947,0.6756756756756757
0.078125,0.6756756756756757
0.07836990595611286,0.6756756756756757
0.07861635220125786,0.6756756756756757
0.07886435331230283,0.6756756756756757
0.07911392405063292,0.6756756756756757
0.07936507936507936,0.6756756756756757
0.07961783439490445,0.6756756756756757
0.07987220447284345,0.6756756756756757
0.08012820512820513,0.6756756756756757
0.08038585209003216,0.6756756756756757
0.08064516129032258,0.6756756756756757
0.08090614886731391,0.6756756756756757
0.08116883116883117,0.6756756756756757
0.08143322475570032,0.6756756756756757
0.08169934640522876,0.6756756756756757
0.08196721311475409,0.6756756756756757
0.08223684210526316,0.6756756756756757
0.08250825082508251,0.6756756756756757
0.08278145695364239,0.6756756756756757
0.08305647840531562,0.6756756756756757
0.08333333333333333,0.6756756756756757
0.08361204013377926,0.6756756756756757
0.08389261744966443,0.6756756756756757
0.08417508417508418,0.6756756756756757
0.08445945945945946,0.6756756756756757
0.0847457627118644,0.6756756756756757
0.08503401360544217,0.6756756756756757
0.08532423208191127,0.6756756756756757
0.08561643835616438,0.6756756756756757
0.0859106529209622,0.6756756756756757
0.08620689655172414,0.6756756756756757
0.08650519031141868,0.6756756756756757
0.08680555555555555,0.6756756756756757
0.08710801393728224,0.6756756756756757
0.08741258741258741,0.6756756756756757
0.08771929824561403,0.6756756756756757
0.0880281690140845,0.6756756756756757
0.08833922261484099,0.6756756756756757
0.0851063829787234,0.6486486486486487
0.08540925266903915,0.6486486486486487
0.08571428571428572,0.6486486486486487
0.08602150537634409,0.6486486486486487
0.08633093525179857,0.6486486486486487
0.08664259927797834,0.6486486486486487
0.08695652173913043,0.6486486486486487
0.08727272727272728,0.6486486486486487
0.08759124087591241,0.6486486486486487
0.08791208791208792,0.6486486486486487
0.08823529411764706,0.6486486486486487
0.08856088560885608,0.6486486486486487
0.08888888888888889,0.6486486486486487
0.08921933085501858,0.6486486486486487
0.08955223880597014,0.6486486486486487
0.0898876404494382,0.6486486486486487
0.09022556390977443,0.6486486486486487
0.09056603773584905,0.6486486486486487
0.09090909090909091,0.6486486486486487
0.09125475285171103,0.6486486486486487
0.0916030534351145,0.6486486486486487
0.09195402298850575,0.6486486486486487
0.09230769230769231,0.6486486486486487
0.09266409266409266,0.6486486486486487
0.09302325581395349,0.6486486486486487
0.0933852140077821,0.6486486486486487
0.09375,0.6486486486486487
0.09411764705882353,0.6486486486486487
0.09448818897637795,0.6486486486486487
0.09486166007905138,0.6486486486486487
0.09523809523809523,0.6486486486486487
0.09561752988047809,0.6486486486486487
0.096,0.6486486486486487
0.0963855421686747,0.6486486486486487
0.0967741935483871,0.6486486486486487
0.09716599190283401,0.6486486486486487
0.0975609756097561,0.6486486486486487
0.09795918367346938,0.6486486486486487
0.09836065573770492,0.6486486486486487
0.09876543209876543,0.6486486486486487
0.09917355371900827,0.6486486486486487
0.0995850622406639,0.6486486486486487
0.1,0.6486486486486487
0.100418410041841,0.6486486486486487
0.10084033613445378,0.6486486486486487
0.10126582278481013,0.6486486486486487
0.1016949152542373,0.6486486486486487
0.10212765957446808,0.6486486486486487
0.10256410256410256,0.6486486486486487
0.10300429184549356,0.6486486486486487
0.10344827586206896,0.6486486486486487
0.1038961038961039,0.6486486486486487
0.10434782608695652,0.6486486486486487
0.10480349344978165,0.6486486486486487
0.10526315789473684,0.6486486486486487
0.10572687224669604,0.6486486486486487
0.10619469026548672,0.6486486486486487
0.10666666666666667,0.6486486486486487
0.10714285714285714,0.6486486486486487
0.10762331838565023,0.6486486486486487
0.10810810810810811,0.6486486486486487
0.1085972850678733,0.6486486486486487
0.10909090909090909,0.6486486486486487
0.1095890410958904,0.6486486486486487
0.11009174311926606,0.6486486486486487
0.11059907834101383,0.6486486486486487
0.1111111111111111,0.6486486486486487
0.11162790697674418,0.6486486486486487
0.11214953271028037,0.6486486486486487
0.11267605633802817,0.6486486486486487
0.11320754716981132,0.6486486486486487
0.11374407582938388,0.6486486486486487
0.11428571428571428,0.6486486486486487
0.11483253588516747,0.6486486486486487
0.11538461538461539,0.6486486486486487
0.11594202898550725,0.6486486486486487
0.11650485436893204,0.6486486486486487
0.11707317073170732,0.6486486486486487
0.11764705882352941,0.6486486486486487
0.11822660098522167,0.6486486486486487
0.1188118811881188,0.6486486486486487
0.11940298507462686,0.6486486486486487
0.12,0.6486486486486487
0.12060301507537688,0.6486486486486487
0.12121212121212122,0.6486486486486487
0.1218274111675127,0.6486486486486487
0.12244897959183673,0.6486486486486487
0.12307692307692308,0.6486486486486487
0.12371134020618557,0.6486486486486487
0.12435233160621761,0.6486486486486487
0.125,0.6486486486486487
0.1256544502617801,0.6486486486486487
0.12631578947368421,0.6486486486486487
0.12698412698412698,0.6486486486486487
0.1276595744680851,0.6486486486486487
0.12834224598930483,0.6486486486486487
0.12903225806451613,0.6486486486486487
0.12972972972972974,0.6486486486486487
0.13043478260869565,0.6486486486486487
0.13114754098360656,0.6486486486486487
0.13186813186813187,0.6486486486486487
0.13259668508287292,0.6486486486486487
0.13333333333333333,0.6486486486486487
0.1340782122905028,0.6486486486486487
0.1348314606741573,0.6486486486486487
0.13559322033898305,0.6486486486486487
0.13636363636363635,0.6486486486486487
0.13714285714285715,0.6486486486486487
0.13793103448275862,0.6486486486486487
0.13872832369942195,0.6486486486486487
0.13953488372093023,0.6486486486486487
0.14035087719298245,0.6486486486486487
0.1411764705882353,0.6486486486486487
0.14201183431952663,0.6486486486486487
0.14285714285714285,0.6486486486486487
0.1437125748502994,0.6486486486486487
0.14457831325301204,0.6486486486486487
0.14545454545454545,0.6486486486486487
0.14634146341463414,0.6486486486486487
0.147239263803681,0.6486486486486487
0.14814814814814814,0.6486486486486487
0.14906832298136646,0.6486486486486487
0.15,0.6486486486486487
0.1509433962264151,0.6486486486486487
0.1518987341772152,0.6486486486486487
0.15286624203821655,0.6486486486486487
0.15384615384615385,0.6486486486486487
0.15483870967741936,0.6486486486486487
0.15584415584415584,0.6486486486486487
0.1568627450980392,0.6486486486486487
0.15789473684210525,0.6486486486486487
0.15894039735099338,0.6486486486486487
0.16,0.6486486486486487
0.1610738255033557,0.6486486486486487
0.16216216216216217,0.6486486486486487
0.16326530612244897,0.6486486486486487
0.1643835616438356,0.6486486486486487
0.16551724137931034,0.6486486486486487
0.16666666666666666,0.6486486486486487
0.16783216783216784,0.6486486486486487
0.16901408450704225,0.6486486486486487
0.1702127659574468,0.6486486486486487
0.17142857142857143,0.6486486486486487
0.17266187050359713,0.6486486486486487
0.17391304347826086,0.6486486486486487
0.1678832116788321,0.6216216216216216
0.16911764705882354,0.6216216216216216
0.17037037037037037,0.6216216216216216
0.17164179104477612,0.6216216216216216
0.17293233082706766,0.6216216216216216
0.17424242424242425,0.6216216216216216
0.17557251908396945,0.6216216216216216
0.17692307692307693,0.6216216216216216
0.17829457364341086,0.6216216216216216
0.1796875,0.6216216216216216
0.18110236220472442,0.6216216216216216
0.18253968253968253,0.6216216216216216
0.184,0.6216216216216216
0.18548387096774194,0.6216216216216216
0.18699186991869918,0.6216216216216216
0.1885245901639344,0.6216216216216216
0.19008264462809918,0.6216216216216216
0.19166666666666668,0.6216216216216216
0.19327731092436976,0.6216216216216216
0.19491525423728814,0.6216216216216216
0.19658119658119658,0.6216216216216216
0.19827586206896552,0.6216216216216216
0.2,0.6216216216216216
0.20175438596491227,0.6216216216216216
0.20353982300884957,0.6216216216216216
0.20535714285714285,0.6216216216216216
0.2072072072072072,0.6216216216216216
0.20909090909090908,0.6216216216216216
0.21100917431192662,0.6216216216216216
0.21296296296296297,0.6216216216216216
0.21495327102803738,0.6216216216216216
0.2169811320754717,0.6216216216216216
0.21904761904761905,0.6216216216216216
0.22115384615384615,0.6216216216216216
0.22330097087378642,0.6216216216216216
0.22549019607843138,0.6216216216216216
0.22772277227722773,0.6216216216216216
0.22,0.5945945945945946
0.2222222222222222,0.5945945945945946
0.22448979591836735,0.5945945945945946
0.2268041237113402,0.5945945945945946
0.22916666666666666,0.5945945945945946
0.23157894736842105,0.5945945945945946
0.23404255319148937,0.5945945945945946
0.23655913978494625,0.5945945945945946
0.2391304347826087,0.5945945945945946
0.24175824175824176,0.5945945945945946
0.24444444444444444,0.5945945945945946
0.24719101123595505,0.5945945945945946
0.25,0.5945945945945946
0.25287356321839083,0.5945945945945946
0.2558139534883721,0.5945945945945946
0.24705882352941178,0.5675675675675675
0.25,0.5675675675675675
0.25301204819277107,0.5675675675675675
0.25609756097560976,0.5675675675675675
0.25925925925925924,0.5675675675675675
0.2625,0.5675675675675675
0.26582278481012656,0.5675675675675675
0.2692307692307692,0.5675675675675675
0.2727272727272727,0.5675675675675675
0.27631578947368424,0.5675675675675675
0.28,0.5675675675675675
0.28378378378378377,0.5675675675675675
0.2876712328767123,0.5675675675675675
0.2916666666666667,0.5675675675675675
0.29577464788732394,0.5675675675675675
0.3,0.5675675675675675
0.30434782608695654,0.5675675675675675
0.3088235294117647,0.5675675675675675
0.31343283582089554,0.5675675675675675
0.3181818181818182,0.5675675675675675
0.3230769230769231,0.5675675675675675
0.3125,0.5405405405405406
0.31746031746031744,0.5405405405405406
0.3225806451612903,0.5405405405405406
0.32786885245901637,0.5405405405405406
0.3333333333333333,0.5405405405405406
0.3389830508474576,0.5405405405405406
0.3448275862068966,0.5405405405405406
0.3508771929824561,0.5405405405405406
0.35714285714285715,0.5405405405405406
0.36363636363636365,0.5405405405405406
0.37037037037037035,0.5405405405405406
0.37735849056603776,0.5405405405405406
0.38461538461538464,0.5405405405405406
0.39215686274509803,0.5405405405405406
0.38,0.5135135135135135
0.3877551020408163,0.5135135135135135
0.3958333333333333,0.5135135135135135
0.40425531914893614,0.5135135135135135
0.391304347826087,0.4864864864864865
0.37777777777777777,0.4594594594594595
0.38636363636363635,0.4594594594594595
0.3953488372093023,0.4594594594594595
0.40476190476190477,0.4594594594594595
0.4146341463414634,0.4594594594594595
0.425,0.4594594594594595
0.4358974358974359,0.4594594594594595
0.4473684210526316,0.4594594594594595
0.4594594594594595,0.4594594594594595
0.4722222222222222,0.4594594594594595
0.4857142857142857,0.4594594594594595
0.5,0.4594594594594595
0.5151515151515151,0.4594594594594595
0.53125,0.4594594594594595
0.5483870967741935,0.4594594594594595
0.5666666666666667,0.4594594594594595
0.5862068965517241,0.4594594594594595
0.6071428571428571,0.4594594594594595
0.6296296296296297,0.4594594594594595
0.6538461538461539,0.4594594594594595
0.64,0.43243243243243246
0.625,0.40540540540540543
0.6521739130434783,0.40540540540540543
0.6363636363636364,0.3783783783783784
0.6666666666666666,0.3783783783783784
0.7,0.3783783783783784
0.6842105263157895,0.35135135135135137
0.7222222222222222,0.35135135135135137
0.7647058823529411,0.35135135135135137
0.75,0.32432432432432434
0.7333333333333333,0.2972972972972973
0.7857142857142857,0.2972972972972973
0.7692307692307693,0.2702702702702703
0.75,0.24324324324324326
0.8181818181818182,0.24324324324324326
0.8,0.21621621621621623
0.7777777777777778,0.1891891891891892
0.875,0.1891891891891892
0.8571428571428571,0.16216216216216217
1.0,0.16216216216216217
1.0,0.13513513513513514
1.0,0.10810810810810811
1.0,0.08108108108108109
1.0,0.05405405405405406
1.0,0.02702702702702703
1.0,0.0
