Precision,Recall
0.020396912899669238,1.0
0.019856591285162713,0.972972972972973
0.019867549668874173,0.972972972972973
0.019878520154610713,0.972972972972973
0.019889502762430938,0.972972972972973
0.01990049751243781,0.972972972972973
0.01991150442477876,0.972972972972973
0.01992252351964582,0.972972972972973
0.019933554817275746,0.972972972972973
0.019944598337950138,0.972972972972973
0.019966722129783693,0.972972972972973
0.01997780244173141,0.972972972972973
0.019988895058300944,0.972972972972973
0.02,0.972972972972973
0.020011117287381877,0.972972972972973
0.020022246941045607,0.972972972972973
0.02003338898163606,0.972972972972973
0.0200445434298441,0.972972972972973
0.020055710306406686,0.972972972972973
0.020066889632107024,0.972972972972973
0.020078081427774678,0.972972972972973
0.020089285714285716,0.972972972972973
0.020100502512562814,0.972972972972973
0.02011173184357542,0.972972972972973
0.020122973728339856,0.972972972972973
0.020134228187919462,0.972972972972973
0.020145495243424735,0.972972972972973
0.020156774916013438,0.972972972972973
0.020168067226890758,0.972972972972973
0.020179372197309416,0.972972972972973
0.020190689848569827,0.972972972972973
0.020202020202020204,0.972972972972973
0.02021336327905671,0.972972972972973
0.020224719101123594,0.972972972972973
0.02023608768971332,0.972972972972973
0.020247469066366704,0.972972972972973
0.020258863252673044,0.972972972972973
0.02027027027027027,0.972972972972973
0.02028169014084507,0.972972972972973
0.020293122886133032,0.972972972972973
0.02030456852791878,0.972972972972973
0.020316027088036117,0.972972972972973
0.020327498588368152,0.972972972972973
0.020338983050847456,0.972972972972973
0.02035048049745619,0.972972972972973
0.020361990950226245,0.972972972972973
0.02037351443123939,0.972972972972973
0.020385050962627407,0.972972972972973
0.020396600566572238,0.972972972972973
0.02040816326530612,0.972972972972973
0.02041973908111174,0.972972972972973
0.02043132803632236,0.972972972972973
0.020442930153321975,0.972972972972973
0.020454545454545454,0.972972972972973
0.02046617396247868,0.972972972972973
0.020477815699658702,0.972972972972973
0.020489470688673878,0.972972972972973
0.02050113895216401,0.972972972972973
0.020512820512820513,0.972972972972973
0.020524515393386546,0.972972972972973
0.02053622361665716,0.972972972972973
0.02054794520547945,0.972972972972973
0.020559680182752713,0.972972972972973
0.02057142857142857,0.972972972972973
0.02058319039451115,0.972972972972973
0.020594965675057208,0.972972972972973
0.0206067544361763,0.972972972972973
0.020618556701030927,0.972972972972973
0.020630372492836675,0.972972972972973
0.020642201834862386,0.972972972972973
0.020654044750430294,0.972972972972973
0.02066590126291619,0.972972972972973
0.02067777139574957,0.972972972972973
0.020689655172413793,0.972972972972973
0.020701552616446232,0.972972972972973
0.020713463751438434,0.972972972972973
0.02072538860103627,0.972972972972973
0.020737327188940093,0.972972972972973
0.0207492795389049,0.972972972972973
0.020761245674740483,0.972972972972973
0.0207732256203116,0.972972972972973
0.020785219399538105,0.972972972972973
0.02079722703639515,0.972972972972973
0.020809248554913295,0.972972972972973
0.020821283979178717,0.972972972972973
0.020833333333333332,0.972972972972973
0.020845396641574986,0.972972972972973
0.02085747392815759,0.972972972972973
0.020869565217391306,0.972972972972973
0.02088167053364269,0.972972972972973
0.02089378990133488,0.972972972972973
0.020905923344947737,0.972972972972973
0.020918070889018012,0.972972972972973
0.020930232558139535,0.972972972972973
0.020942408376963352,0.972972972972973
0.020954598370197905,0.972972972972973
0.020966802562609202,0.972972972972973
0.02097902097902098,0.972972972972973
0.02099125364431487,0.972972972972973
0.021003500583430573,0.972972972972973
0.021015761821366025,0.972972972972973
0.02102803738317757,0.972972972972973
0.02104032729398013,0.972972972972973
0.021052631578947368,0.972972972972973
0.021064950263311878,0.972972972972973
0.02107728337236534,0.972972972972973
0.0210896309314587,0.972972972972973
0.021101992966002344,0.972972972972973
0.021114369501466276,0.972972972972973
0.02112676056338028,0.972972972972973
0.021139166177334117,0.972972972972973
0.021151586368977675,0.972972972972973
0.021164021164021163,0.972972972972973
0.021176470588235293,0.972972972972973
0.02118893466745144,0.972972972972973
0.02120141342756184,0.972972972972973
0.02121390689451974,0.972972972972973
0.02122641509433962,0.972972972972973
0.021238938053097345,0.972972972972973
0.021251475796930343,0.972972972972973
0.021264028352037802,0.972972972972973
0.02127659574468085,0.972972972972973
0.021289178001182733,0.972972972972973
0.021301775147928994,0.972972972972973
0.021314387211367674,0.972972972972973
0.02132701421800948,0.972972972972973
0.02133965619442798,0.972972972972973
0.021352313167259787,0.972972972972973
0.021364985163204748,0.972972972972973
0.021377672209026127,0.972972972972973
0.0213903743315508,0.972972972972973
0.02140309155766944,0.972972972972973
0.021415823914336704,0.972972972972973
0.02142857142857143,0.972972972972973
0.02144133412745682,0.972972972972973
0.021454112038140644,0.972972972972973
0.02146690518783542,0.972972972972973
0.021479713603818614,0.972972972972973
0.021492537313432834,0.972972972972973
0.021505376344086023,0.972972972972973
0.021518230723251645,0.972972972972973
0.0215311004784689,0.972972972972973
0.02154398563734291,0.972972972972973
0.02155688622754491,0.972972972972973
0.02156980227681246,0.972972972972973
0.02158273381294964,0.972972972972973
0.021595680863827234,0.972972972972973
0.021608643457382955,0.972972972972973
0.021621621621621623,0.972972972972973
0.021634615384615384,0.972972972972973
0.02164762477450391,0.972972972972973
0.021660649819494584,0.972972972972973
0.021673690547862733,0.972972972972973
0.021686746987951807,0.972972972972973
0.0216998191681736,0.972972972972973
0.021712907117008445,0.972972972972973
0.02172601086300543,0.972972972972973
0.021739130434782608,0.972972972972973
0.02175226586102719,0.972972972972973
0.02176541717049577,0.972972972972973
0.021778584392014518,0.972972972972973
0.021791767554479417,0.972972972972973
0.021804966686856452,0.972972972972973
0.02181818181818182,0.972972972972973
0.021831412977562158,0.972972972972973
0.021844660194174758,0.972972972972973
0.02185792349726776,0.972972972972973
0.02187120291616039,0.972972972972973
0.02188449848024316,0.972972972972973
0.021897810218978103,0.972972972972973
0.021911138161898967,0.972972972972973
0.02192448233861145,0.972972972972973
0.021937842778793418,0.972972972972973
0.02195121951219512,0.972972972972973
0.021964612568639415,0.972972972972973
0.02197802197802198,0.972972972972973
0.021991447770311544,0.972972972972973
0.022004889975550123,0.972972972972973
0.022018348623853212,0.972972972972973
0.022031823745410038,0.972972972972973
0.02204531537048377,0.972972972972973
0.022058823529411766,0.972972972972973
0.022072348252605765,0.972972972972973
0.022085889570552148,0.972972972972973
0.022099447513812154,0.972972972972973
0.022113022113022112,0.972972972972973
0.022126613398893668,0.972972972972973
0.02214022140221402,0.972972972972973
0.022153846153846152,0.972972972972973
0.022167487684729065,0.972972972972973
0.022181146025878003,0.972972972972973
0.02219482120838471,0.972972972972973
0.022208513263417645,0.972972972972973
0.022222222222222223,0.972972972972973
0.022235948116121063,0.972972972972973
0.022249690976514216,0.972972972972973
0.022263450834879406,0.972972972972973
0.022277227722772276,0.972972972972973
0.022291021671826627,0.972972972972973
0.022304832713754646,0.972972972972973
0.022318660880347178,0.972972972972973
0.022332506203473945,0.972972972972973
0.0223463687150838,0.972972972972973
0.02236024844720497,0.972972972972973
0.022374145431945307,0.972972972972973
0.022388059701492536,0.972972972972973
0.0224019912881145,0.972972972972973
0.0224159402241594,0.972972972972973
0.022429906542056073,0.972972972972973
0.022443890274314215,0.972972972972973
0.022457891453524642,0.972972972972973
0.02247191011235955,0.972972972972973
0.022485946283572766,0.972972972972973
0.0225,0.972972972972973
0.0225140712945591,0.972972972972973
0.02252816020025031,0.972972972972973
0.022542266750156543,0.972972972972973
0.022556390977443608,0.972972972972973
0.0225705329153605,0.972972972972973
0.02258469259723965,0.972972972972973
0.022598870056497175,0.972972972972973
0.022613065326633167,0.972972972972973
0.02262727844123193,0.972972972972973
0.022641509433962263,0.972972972972973
0.022655758338577723,0.972972972972973
0.022670025188916875,0.972972972972973
0.022684310018903593,0.972972972972973
0.02269861286254729,0.972972972972973
0.022712933753943218,0.972972972972973
0.022727272727272728,0.972972972972973
0.022741629816803537,0.972972972972973
0.022756005056890013,0.972972972972973
0.022770398481973434,0.972972972972973
0.02278481012658228,0.972972972972973
0.022799240025332488,0.972972972972973
0.022813688212927757,0.972972972972973
0.02219403931515536,0.9459459459459459
0.022208121827411168,0.9459459459459459
0.022222222222222223,0.9459459459459459
0.022236340533672173,0.9459459459459459
0.02225047679593134,0.9459459459459459
0.022264631043257,0.9459459459459459
0.022278803309993635,0.9459459459459459
0.022292993630573247,0.9459459459459459
0.022307202039515615,0.9459459459459459
0.022321428571428572,0.9459459459459459
0.022335673261008295,0.9459459459459459
0.02234993614303959,0.9459459459459459
0.022364217252396165,0.9459459459459459
0.02237851662404092,0.9459459459459459
0.022392834293026232,0.9459459459459459
0.02240717029449424,0.9459459459459459
0.02242152466367713,0.9459459459459459
0.022435897435897436,0.9459459459459459
0.02245028864656831,0.9459459459459459
0.022464698331193838,0.9459459459459459
0.0224791265253693,0.9459459459459459
0.02249357326478149,0.9459459459459459
0.022508038585209004,0.9459459459459459
0.02252252252252252,0.9459459459459459
0.022537025112685124,0.9459459459459459
0.022551546391752577,0.9459459459459459
0.02256608639587363,0.9459459459459459
0.02258064516129032,0.9459459459459459
0.022595222724338282,0.9459459459459459
0.02260981912144703,0.9459459459459459
0.02262443438914027,0.9459459459459459
0.022639068564036222,0.9459459459459459
0.022653721682847898,0.9459459459459459
0.02266839378238342,0.9459459459459459
0.02268308489954634,0.9459459459459459
0.022697795071335927,0.9459459459459459
0.0227125243348475,0.9459459459459459
0.022727272727272728,0.9459459459459459
0.022742040285899934,0.9459459459459459
0.022756827048114433,0.9459459459459459
0.02277163305139883,0.9459459459459459
0.022786458333333332,0.9459459459459459
0.02280130293159609,0.9459459459459459
0.022816166883963495,0.9459459459459459
0.0228310502283105,0.9459459459459459
0.022845953002610966,0.9459459459459459
0.022860875244937948,0.9459459459459459
0.02287581699346405,0.9459459459459459
0.02289077828646174,0.9459459459459459
0.022905759162303665,0.9459459459459459
0.022920759659463,0.9459459459459459
0.022935779816513763,0.9459459459459459
0.022950819672131147,0.9459459459459459
0.022965879265091863,0.9459459459459459
0.02298095863427446,0.9459459459459459
0.022996057818659658,0.9459459459459459
0.023011176857330704,0.9459459459459459
0.023026315789473683,0.9459459459459459
0.02304147465437788,0.9459459459459459
0.0230566534914361,0.9459459459459459
0.023071852340145024,0.9459459459459459
0.02308707124010554,0.9459459459459459
0.0231023102310231,0.9459459459459459
0.023117569352708058,0.9459459459459459
0.023132848645076007,0.9459459459459459
0.023148148148148147,0.9459459459459459
0.02316346790205162,0.9459459459459459
0.023178807947019868,0.9459459459459459
0.023194168323392977,0.9459459459459459
0.023209549071618037,0.9459459459459459
0.023224950232249502,0.9459459459459459
0.023240371845949535,0.9459459459459459
0.023255813953488372,0.9459459459459459
0.02327127659574468,0.9459459459459459
0.023286759813705923,0.9459459459459459
0.02330226364846871,0.9459459459459459
0.023317788141239172,0.9459459459459459
0.023333333333333334,0.9459459459459459
0.02334889926617745,0.9459459459459459
0.02336448598130841,0.9459459459459459
0.02338009352037408,0.9459459459459459
0.02339572192513369,0.9459459459459459
0.023411371237458192,0.9459459459459459
0.023427041499330656,0.9459459459459459
0.02344273275284662,0.9459459459459459
0.023458445040214475,0.9459459459459459
0.023474178403755867,0.9459459459459459
0.02348993288590604,0.9459459459459459
0.02350570852921424,0.9459459459459459
0.023521505376344086,0.9459459459459459
0.023537323470073975,0.9459459459459459
0.023553162853297442,0.9459459459459459
0.02356902356902357,0.9459459459459459
0.02358490566037736,0.9459459459459459
0.023600809170600135,0.9459459459459459
0.023616734143049933,0.9459459459459459
0.02363268062120189,0.9459459459459459
0.02364864864864865,0.9459459459459459
0.023664638269100743,0.9459459459459459
0.02368064952638701,0.9459459459459459
0.023696682464454975,0.9459459459459459
0.023712737127371274,0.9459459459459459
0.023728813559322035,0.9459459459459459
0.023744911804613297,0.9459459459459459
0.02376103190767142,0.9459459459459459
0.02377717391304348,0.9459459459459459
0.02379333786539769,0.9459459459459459
0.023809523809523808,0.9459459459459459
0.023825731790333562,0.9459459459459459
0.023841961852861037,0.9459459459459459
0.023858214042263123,0.9459459459459459
0.023874488403819918,0.9459459459459459
0.023890784982935155,0.9459459459459459
0.02390710382513661,0.9459459459459459
0.023923444976076555,0.9459459459459459
0.023939808481532147,0.9459459459459459
0.023956194387405885,0.9459459459459459
0.023972602739726026,0.9459459459459459
0.023989033584647018,0.9459459459459459
0.02400548696844993,0.9459459459459459
0.024021962937542895,0.9459459459459459
0.02403846153846154,0.9459459459459459
0.024054982817869417,0.9459459459459459
0.024071526822558458,0.9459459459459459
0.024088093599449415,0.9459459459459459
0.024104683195592287,0.9459459459459459
0.024121295658166782,0.9459459459459459
0.02413793103448276,0.9459459459459459
0.024154589371980676,0.9459459459459459
0.024171270718232045,0.9459459459459459
0.024187975120939877,0.9459459459459459
0.024204702627939143,0.9459459459459459
0.02422145328719723,0.9459459459459459
0.024238227146814405,0.9459459459459459
0.024255024255024255,0.9459459459459459
0.024271844660194174,0.9459459459459459
0.024288688410825817,0.9459459459459459
0.024305555555555556,0.9459459459459459
0.024322446143154968,0.9459459459459459
0.024339360222531293,0.9459459459459459
0.024356297842727904,0.9459459459459459
0.02437325905292479,0.9459459459459459
0.024390243902439025,0.9459459459459459
0.024407252440725245,0.9459459459459459
0.024424284717376135,0.9459459459459459
0.024441340782122904,0.9459459459459459
0.02445842068483578,0.9459459459459459
0.024475524475524476,0.9459459459459459
0.0244926522043387,0.9459459459459459
0.024509803921568627,0.9459459459459459
0.02452697967764541,0.9459459459459459
0.024544179523141654,0.9459459459459459
0.02456140350877193,0.9459459459459459
0.02457865168539326,0.9459459459459459
0.024595924104005622,0.9459459459459459
0.02461322081575246,0.9459459459459459
0.024630541871921183,0.9459459459459459
0.02464788732394366,0.9459459459459459
0.02466525722339676,0.9459459459459459
0.02468265162200282,0.9459459459459459
0.024700070571630206,0.9459459459459459
0.024717514124293787,0.9459459459459459
0.024734982332155476,0.9459459459459459
0.024752475247524754,0.9459459459459459
0.024769992922859165,0.9459459459459459
0.024787535410764873,0.9459459459459459
0.024805102763997167,0.9459459459459459
0.024822695035460994,0.9459459459459459
0.0248403122782115,0.9459459459459459
0.024857954545454544,0.9459459459459459
0.024875621890547265,0.9459459459459459
0.024893314366998577,0.9459459459459459
0.02491103202846975,0.9459459459459459
0.02492877492877493,0.9459459459459459
0.024946543121881683,0.9459459459459459
0.024964336661911554,0.9459459459459459
0.024982155603140613,0.9459459459459459
0.025,0.9459459459459459
0.02501786990707648,0.9459459459459459
0.02503576537911302,0.9459459459459459
0.025053686471009307,0.9459459459459459
0.025071633237822348,0.9459459459459459
0.025089605734767026,0.9459459459459459
0.025107604017216643,0.9459459459459459
0.02512562814070352,0.9459459459459459
0.02514367816091954,0.9459459459459459
0.02516175413371675,0.9459459459459459
0.025179856115107913,0.9459459459459459
0.0251979841612671,0.9459459459459459
0.02521613832853026,0.9459459459459459
0.025234318673395817,0.9459459459459459
0.025252525252525252,0.9459459459459459
0.02527075812274368,0.9459459459459459
0.025289017341040464,0.9459459459459459
0.025307302964569775,0.9459459459459459
0.02532561505065123,0.9459459459459459
0.025343953656770456,0.9459459459459459
0.025362318840579712,0.9459459459459459
0.025380710659898477,0.9459459459459459
0.02539912917271408,0.9459459459459459
0.025417574437182282,0.9459459459459459
0.025436046511627907,0.9459459459459459
0.025454545454545455,0.9459459459459459
0.025473071324599708,0.9459459459459459
0.025491624180626365,0.9459459459459459
0.025510204081632654,0.9459459459459459
0.025528811086797956,0.9459459459459459
0.025547445255474453,0.9459459459459459
0.02556610664718773,0.9459459459459459
0.025584795321637425,0.9459459459459459
0.025603511338697878,0.9459459459459459
0.02562225475841874,0.9459459459459459
0.02564102564102564,0.9459459459459459
0.025659824046920823,0.9459459459459459
0.025678650036683785,0.9459459459459459
0.02569750367107195,0.9459459459459459
0.025716385011021307,0.9459459459459459
0.025735294117647058,0.9459459459459459
0.025754231052244298,0.9459459459459459
0.02577319587628866,0.9459459459459459
0.025792188651436992,0.9459459459459459
0.025811209439528023,0.9459459459459459
0.025830258302583026,0.9459459459459459
0.0258493353028065,0.9459459459459459
0.025868440502586843,0.9459459459459459
0.025887573964497042,0.9459459459459459
0.025906735751295335,0.9459459459459459
0.025925925925925925,0.9459459459459459
0.025945144551519646,0.9459459459459459
0.02596439169139466,0.9459459459459459
0.025983667409057165,0.9459459459459459
0.02600297176820208,0.9459459459459459
0.026022304832713755,0.9459459459459459
0.026041666666666668,0.9459459459459459
0.026061057334326135,0.9459459459459459
0.02608047690014903,0.9459459459459459
0.02609992542878449,0.9459459459459459
0.026119402985074626,0.9459459459459459
0.026138909634055265,0.9459459459459459
0.026158445440956652,0.9459459459459459
0.02617801047120419,0.9459459459459459
0.02619760479041916,0.9459459459459459
0.026217228464419477,0.9459459459459459
0.02623688155922039,0.9459459459459459
0.02625656414103526,0.9459459459459459
0.026276276276276277,0.9459459459459459
0.02629601803155522,0.9459459459459459
0.02631578947368421,0.9459459459459459
0.02633559066967645,0.9459459459459459
0.02635542168674699,0.9459459459459459
0.02637528259231349,0.9459459459459459
0.026395173453996983,0.9459459459459459
0.026415094339622643,0.9459459459459459
0.026435045317220542,0.9459459459459459
0.026455026455026454,0.9459459459459459
0.0264750378214826,0.9459459459459459
0.026495079485238455,0.9459459459459459
0.026515151515151516,0.9459459459459459
0.026535253980288095,0.9459459459459459
0.026555386949924126,0.9459459459459459
0.026575550493545937,0.9459459459459459
0.026595744680851064,0.9459459459459459
0.026615969581749048,0.9459459459459459
0.02663622526636225,0.9459459459459459
0.026656511805026657,0.9459459459459459
0.026676829268292682,0.9459459459459459
0.02669717772692601,0.9459459459459459
0.026717557251908396,0.9459459459459459
0.026737967914438502,0.9459459459459459
0.026758409785932722,0.9459459459459459
0.026778882938026015,0.9459459459459459
0.02679938744257274,0.9459459459459459
0.02681992337164751,0.9459459459459459
0.026840490797546013,0.9459459459459459
0.02686108979278588,0.9459459459459459
0.026881720430107527,0.9459459459459459
0.026902382782475018,0.9459459459459459
0.026923076923076925,0.9459459459459459
0.026943802925327175,0.9459459459459459
0.026964560862865947,0.9459459459459459
0.026985350809560524,0.9459459459459459
0.02700617283950617,0.9459459459459459
0.02702702702702703,0.9459459459459459
0.02704791344667697,0.9459459459459459
0.027068832173240527,0.9459459459459459
0.027089783281733747,0.9459459459459459
0.027110766847405113,0.9459459459459459
0.027131782945736434,0.9459459459459459
0.027152831652443754,0.9459459459459459
0.02717391304347826,0.9459459459459459
0.027195027195027196,0.9459459459459459
0.027216174183514776,0.9459459459459459
0.027237354085603113,0.9459459459459459
0.027258566978193146,0.9459459459459459
0.027279812938425563,0.9459459459459459
0.027301092043681748,0.9459459459459459
0.0273224043715847,0.9459459459459459
0.02734375,0.9459459459459459
0.027365129007036748,0.9459459459459459
0.027386541471048513,0.9459459459459459
0.0274079874706343,0.9459459459459459
0.0274294670846395,0.9459459459459459
0.027450980392156862,0.9459459459459459
0.027472527472527472,0.9459459459459459
0.02749410840534171,0.9459459459459459
0.027515723270440252,0.9459459459459459
0.02753737214791503,0.9459459459459459
0.027559055118110236,0.9459459459459459
0.027580772261623327,0.9459459459459459
0.027602523659305992,0.9459459459459459
0.027624309392265192,0.9459459459459459
0.02764612954186414,0.9459459459459459
0.02766798418972332,0.9459459459459459
0.027689873417721517,0.9459459459459459
0.027711797307996833,0.9459459459459459
0.0277337559429477,0.9459459459459459
0.02775574940523394,0.9459459459459459
0.027777777777777776,0.9459459459459459
0.02779984114376489,0.9459459459459459
0.02782193958664547,0.9459459459459459
0.02784407319013524,0.9459459459459459
0.02786624203821656,0.9459459459459459
0.027888446215139442,0.9459459459459459
0.027910685805422646,0.9459459459459459
0.027932960893854747,0.9459459459459459
0.027955271565495207,0.9459459459459459
0.027977617905675458,0.9459459459459459
0.028,0.9459459459459459
0.02802241793434748,0.9459459459459459
0.028044871794871796,0.9459459459459459
0.028067361668003207,0.9459459459459459
0.028089887640449437,0.9459459459459459
0.028112449799196786,0.9459459459459459
0.028135048231511254,0.9459459459459459
0.02815768302493966,0.9459459459459459
0.02818035426731079,0.9459459459459459
0.028203062046736505,0.9459459459459459
0.028225806451612902,0.9459459459459459
0.02824858757062147,0.9459459459459459
0.02827140549273021,0.9459459459459459
0.028294260307194827,0.9459459459459459
0.02831715210355987,0.9459459459459459
0.02834008097165992,0.9459459459459459
0.028363047001620744,0.9459459459459459
0.028386050283860504,0.9459459459459459
0.028409090909090908,0.9459459459459459
0.02843216896831844,0.9459459459459459
0.028455284552845527,0.9459459459459459
0.028478437754271765,0.9459459459459459
0.028501628664495113,0.9459459459459459
0.02852485737571312,0.9459459459459459
0.028548123980424143,0.9459459459459459
0.02857142857142857,0.9459459459459459
0.028594771241830064,0.9459459459459459
0.028618152085036794,0.9459459459459459
0.028641571194762683,0.9459459459459459
0.028665028665028666,0.9459459459459459
0.028688524590163935,0.9459459459459459
0.02871205906480722,0.9459459459459459
0.028735632183908046,0.9459459459459459
0.02875924404272802,0.9459459459459459
0.028782894736842105,0.9459459459459459
0.02880658436213992,0.9459459459459459
0.028830313014827018,0.9459459459459459
0.028854080791426217,0.9459459459459459
0.028877887788778877,0.9459459459459459
0.028901734104046242,0.9459459459459459
0.028925619834710745,0.9459459459459459
0.028949545078577336,0.9459459459459459
0.028973509933774833,0.9459459459459459
0.02899751449875725,0.9459459459459459
0.02902155887230514,0.9459459459459459
0.029045643153526972,0.9459459459459459
0.029069767441860465,0.9459459459459459
0.029093931837073983,0.9459459459459459
0.029118136439267885,0.9459459459459459
0.029142381348875937,0.9459459459459459
0.029166666666666667,0.9459459459459459
0.029190992493744787,0.9459459459459459
0.02921535893155259,0.9459459459459459
0.029239766081871343,0.9459459459459459
0.029264214046822744,0.9459459459459459
0.029288702928870293,0.9459459459459459
0.02931323283082077,0.9459459459459459
0.02933780385582565,0.9459459459459459
0.02936241610738255,0.9459459459459459
0.02938706968933669,0.9459459459459459
0.029411764705882353,0.9459459459459459
0.02943650126156434,0.9459459459459459
0.029461279461279462,0.9459459459459459
0.02948609941027801,0.9459459459459459
0.02951096121416526,0.9459459459459459
0.029535864978902954,0.9459459459459459
0.02956081081081081,0.9459459459459459
0.029585798816568046,0.9459459459459459
0.02961082910321489,0.9459459459459459
0.029635901778154106,0.9459459459459459
0.029661016949152543,0.9459459459459459
0.029686174724342665,0.9459459459459459
0.029711375212224108,0.9459459459459459
0.029736618521665252,0.9459459459459459
0.02976190476190476,0.9459459459459459
0.029787234042553193,0.9459459459459459
0.029812606473594547,0.9459459459459459
0.029838022165387893,0.9459459459459459
0.029863481228668942,0.9459459459459459
0.029888983774551667,0.9459459459459459
0.029914529914529916,0.9459459459459459
0.029940119760479042,0.9459459459459459
0.029965753424657533,0.9459459459459459
0.029991431019708654,0.9459459459459459
0.030017152658662092,0.9459459459459459
0.030042918454935622,0.9459459459459459
0.03006872852233677,0.9459459459459459
0.03009458297506449,0.9459459459459459
0.030120481927710843,0.9459459459459459
0.030146425495262703,0.9459459459459459
0.03017241379310345,0.9459459459459459
0.030198446937014668,0.9459459459459459
0.030224525043177894,0.9459459459459459
0.03025064822817632,0.9459459459459459
0.03027681660899654,0.9459459459459459
0.030303030303030304,0.9459459459459459
0.030329289428076257,0.9459459459459459
0.030355594102341718,0.9459459459459459
0.030381944444444444,0.9459459459459459
0.030408340573414423,0.9459459459459459
0.030434782608695653,0.9459459459459459
0.030461270670147953,0.9459459459459459
0.03048780487804878,0.9459459459459459
0.03051438535309503,0.9459459459459459
0.030541012216404886,0.9459459459459459
0.03056768558951965,0.9459459459459459
0.030594405594405596,0.9459459459459459
0.03062117235345582,0.9459459459459459
0.03064798598949212,0.9459459459459459
0.03067484662576687,0.9459459459459459
0.03070175438596491,0.9459459459459459
0.030728709394205442,0.9459459459459459
0.030755711775043937,0.9459459459459459
0.030782761653474055,0.9459459459459459
0.030809859154929578,0.9459459459459459
0.030837004405286344,0.9459459459459459
0.030864197530864196,0.9459459459459459
0.03089143865842895,0.9459459459459459
0.030918727915194347,0.9459459459459459
0.03094606542882405,0.9459459459459459
0.030973451327433628,0.9459459459459459
0.03100088573959256,0.9459459459459459
0.03102836879432624,0.9459459459459459
0.031055900621118012,0.9459459459459459
0.03108348134991119,0.9459459459459459
0.03111111111111111,0.9459459459459459
0.03113879003558719,0.9459459459459459
0.031166518254674976,0.9459459459459459
0.031194295900178252,0.9459459459459459
0.031222123104371096,0.9459459459459459
0.03125,0.9459459459459459
0.03127792672028597,0.9459459459459459
0.03130590339892665,0.9459459459459459
0.03133393017009848,0.9459459459459459
0.03136200716845878,0.9459459459459459
0.03139013452914798,0.9459459459459459
0.03141831238779174,0.9459459459459459
0.031446540880503145,0.9459459459459459
0.03147482014388489,0.9459459459459459
0.0315031503150315,0.9459459459459459
0.03153153153153153,0.9459459459459459
0.031559963931469794,0.9459459459459459
0.0315884476534296,0.9459459459459459
0.031616982836495035,0.9459459459459459
0.03164556962025317,0.9459459459459459
0.03167420814479638,0.9459459459459459
0.03170289855072464,0.9459459459459459
0.03173164097914778,0.9459459459459459
0.03176043557168784,0.9459459459459459
0.03178928247048138,0.9459459459459459
0.031818181818181815,0.9459459459459459
0.03184713375796178,0.9459459459459459
0.031876138433515486,0.9459459459459459
0.03190519598906107,0.9459459459459459
0.03193430656934307,0.9459459459459459
0.0319634703196347,0.9459459459459459
0.031992687385740404,0.9459459459459459
0.03202195791399817,0.9459459459459459
0.03205128205128205,0.9459459459459459
0.032080659945004586,0.9459459459459459
0.03211009174311927,0.9459459459459459
0.03213957759412305,0.9459459459459459
0.03216911764705882,0.9459459459459459
0.03219871205151794,0.9459459459459459
0.03222836095764273,0.9459459459459459
0.03225806451612903,0.9459459459459459
0.03228782287822878,0.9459459459459459
0.032317636195752536,0.9459459459459459
0.03234750462107209,0.9459459459459459
0.032377428307123035,0.9459459459459459
0.032407407407407406,0.9459459459459459
0.03243744207599629,0.9459459459459459
0.032467532467532464,0.9459459459459459
0.032497678737233054,0.9459459459459459
0.032527881040892194,0.9459459459459459
0.03255813953488372,0.9459459459459459
0.032588454376163874,0.9459459459459459
0.032618825722273995,0.9459459459459459
0.03264925373134328,0.9459459459459459
0.032679738562091505,0.9459459459459459
0.03271028037383177,0.9459459459459459
0.03274087932647334,0.9459459459459459
0.03277153558052434,0.9459459459459459
0.03280224929709466,0.9459459459459459
0.03283302063789869,0.9459459459459459
0.03286384976525822,0.9459459459459459
0.03289473684210526,0.9459459459459459
0.03292568203198495,0.9459459459459459
0.03295668549905838,0.9459459459459459
0.03298774740810556,0.9459459459459459
0.0330188679245283,0.9459459459459459
0.033050047214353166,0.9459459459459459
0.0330812854442344,0.9459459459459459
0.033112582781456956,0.9459459459459459
0.03314393939393939,0.9459459459459459
0.03317535545023697,0.9459459459459459
0.03320683111954459,0.9459459459459459
0.03323836657169991,0.9459459459459459
0.03326996197718631,0.9459459459459459
0.03330161750713606,0.9459459459459459
0.03333333333333333,0.9459459459459459
0.03336510962821735,0.9459459459459459
0.033396946564885496,0.9459459459459459
0.033428844317096466,0.9459459459459459
0.033460803059273424,0.9459459459459459
0.03349282296650718,0.9459459459459459
0.033524904214559385,0.9459459459459459
0.03355704697986577,0.9459459459459459
0.03358925143953935,0.9459459459459459
0.03362151777137368,0.9459459459459459
0.03365384615384615,0.9459459459459459
0.03368623676612127,0.9459459459459459
0.03371868978805395,0.9459459459459459
0.033751205400192864,0.9459459459459459
0.033783783783783786,0.9459459459459459
0.033816425120772944,0.9459459459459459
0.033849129593810444,0.9459459459459459
0.03388189738625363,0.9459459459459459
0.03391472868217054,0.9459459459459459
0.03394762366634336,0.9459459459459459
0.03398058252427184,0.9459459459459459
0.034013605442176874,0.9459459459459459
0.03404669260700389,0.9459459459459459
0.034079844206426485,0.9459459459459459
0.0341130604288499,0.9459459459459459
0.03414634146341464,0.9459459459459459
0.0341796875,0.9459459459459459
0.03421309872922776,0.9459459459459459
0.03424657534246575,0.9459459459459459
0.034280117531831536,0.9459459459459459
0.03431372549019608,0.9459459459459459
0.03434739941118744,0.9459459459459459
0.0343811394891945,0.9459459459459459
0.0344149459193707,0.9459459459459459
0.0344488188976378,0.9459459459459459
0.034482758620689655,0.9459459459459459
0.03451676528599606,0.9459459459459459
0.034550839091806514,0.9459459459459459
0.03458498023715415,0.9459459459459459
0.03461918892185954,0.9459459459459459
0.034653465346534656,0.9459459459459459
0.03468780971258672,0.9459459459459459
0.034722222222222224,0.9459459459459459
0.03475670307845084,0.9459459459459459
0.03479125248508946,0.9459459459459459
0.03482587064676617,0.9459459459459459
0.0348605577689243,0.9459459459459459
0.03489531405782652,0.9459459459459459
0.03493013972055888,0.9459459459459459
0.03496503496503497,0.9459459459459459
0.035,0.9459459459459459
0.035035035035035036,0.9459459459459459
0.03507014028056112,0.9459459459459459
0.03510531594784353,0.9459459459459459
0.035140562248995984,0.9459459459459459
0.035175879396984924,0.9459459459459459
0.035211267605633804,0.9459459459459459
0.035246727089627394,0.9459459459459459
0.03528225806451613,0.9459459459459459
0.035317860746720484,0.9459459459459459
0.03535353535353535,0.9459459459459459
0.03538928210313448,0.9459459459459459
0.0354251012145749,0.9459459459459459
0.03546099290780142,0.9459459459459459
0.035496957403651115,0.9459459459459459
0.03553299492385787,0.9459459459459459
0.03556910569105691,0.9459459459459459
0.03560528992878942,0.9459459459459459
0.035641547861507125,0.9459459459459459
0.03567787971457696,0.9459459459459459
0.03571428571428571,0.9459459459459459
0.03575076608784474,0.9459459459459459
0.03578732106339468,0.9459459459459459
0.03582395087001024,0.9459459459459459
0.035860655737704916,0.9459459459459459
0.035897435897435895,0.9459459459459459
0.03593429158110883,0.9459459459459459
0.03597122302158273,0.9459459459459459
0.0360082304526749,0.9459459459459459
0.03604531410916581,0.9459459459459459
0.03608247422680412,0.9459459459459459
0.03611971104231166,0.9459459459459459
0.03615702479338843,0.9459459459459459
0.03619441571871768,0.9459459459459459
0.036231884057971016,0.9459459459459459
0.03626943005181347,0.9459459459459459
0.03630705394190872,0.9459459459459459
0.036344755970924195,0.9459459459459459
0.036382536382536385,0.9459459459459459
0.036420395421436005,0.9459459459459459
0.036458333333333336,0.9459459459459459
0.0364963503649635,0.9459459459459459
0.03653444676409186,0.9459459459459459
0.03657262277951933,0.9459459459459459
0.036610878661087864,0.9459459459459459
0.03664921465968586,0.9459459459459459
0.03668763102725367,0.9459459459459459
0.03672612801678909,0.9459459459459459
0.03676470588235294,0.9459459459459459
0.03680336487907466,0.9459459459459459
0.03684210526315789,0.9459459459459459
0.0368809272918862,0.9459459459459459
0.03691983122362869,0.9459459459459459
0.03695881731784583,0.9459459459459459
0.03699788583509514,0.9459459459459459
0.037037037037037035,0.9459459459459459
0.037076271186440676,0.9459459459459459
0.03711558854718982,0.9459459459459459
0.037154989384288746,0.9459459459459459
0.03719447396386823,0.9459459459459459
0.03723404255319149,0.9459459459459459
0.03727369542066028,0.9459459459459459
0.03731343283582089,0.9459459459459459
0.03735325506937033,0.9459459459459459
0.03739316239316239,0.9459459459459459
0.0374331550802139,0.9459459459459459
0.03747323340471092,0.9459459459459459
0.03751339764201501,0.9459459459459459
0.03755364806866953,0.9459459459459459
0.03759398496240601,0.9459459459459459
0.03763440860215054,0.9459459459459459
0.03767491926803014,0.9459459459459459
0.03771551724137931,0.9459459459459459
0.037756202804746494,0.9459459459459459
0.03779697624190065,0.9459459459459459
0.03783783783783784,0.9459459459459459
0.03787878787878788,0.9459459459459459
0.03791982665222102,0.9459459459459459
0.03796095444685466,0.9459459459459459
0.038002171552660155,0.9459459459459459
0.03804347826086957,0.9459459459459459
0.03808487486398259,0.9459459459459459
0.03812636165577342,0.9459459459459459
0.03816793893129771,0.9459459459459459
0.03820960698689956,0.9459459459459459
0.03825136612021858,0.9459459459459459
0.038293216630196934,0.9459459459459459
0.038335158817086525,0.9459459459459459
0.03837719298245614,0.9459459459459459
0.038419319429198684,0.9459459459459459
0.038461538461538464,0.9459459459459459
0.03850385038503851,0.9459459459459459
0.03854625550660793,0.9459459459459459
0.03858875413450937,0.9459459459459459
0.03863134657836645,0.9459459459459459
0.03867403314917127,0.9459459459459459
0.03871681415929203,0.9459459459459459
0.03875968992248062,0.9459459459459459
0.038802660753880266,0.9459459459459459
0.038845726970033294,0.9459459459459459
0.03888888888888889,0.9459459459459459
0.0389321468298109,0.9459459459459459
0.03897550111358575,0.9459459459459459
0.03901895206243032,0.9459459459459459
0.0390625,0.9459459459459459
0.03910614525139665,0.9459459459459459
0.039149888143176735,0.9459459459459459
0.03919372900335946,0.9459459459459459
0.03923766816143498,0.9459459459459459
0.03928170594837262,0.9459459459459459
0.03932584269662921,0.9459459459459459
0.03937007874015748,0.9459459459459459
0.039414414414414414,0.9459459459459459
0.03945885005636979,0.9459459459459459
0.039503386004514675,0.9459459459459459
0.03954802259887006,0.9459459459459459
0.038461538461538464,0.918918918918919
0.03850509626274066,0.918918918918919
0.03854875283446712,0.918918918918919
0.03859250851305335,0.918918918918919
0.038636363636363635,0.918918918918919
0.038680318543799774,0.918918918918919
0.0387243735763098,0.918918918918919
0.03876852907639681,0.918918918918919
0.03881278538812785,0.918918918918919
0.038857142857142854,0.918918918918919
0.038901601830663615,0.918918918918919
0.038946162657502864,0.918918918918919
0.0389908256880734,0.918918918918919
0.03903559127439724,0.918918918918919
0.03908045977011494,0.918918918918919
0.039125431530494824,0.918918918918919
0.03917050691244239,0.918918918918919
0.0392156862745098,0.918918918918919
0.03926096997690531,0.918918918918919
0.03930635838150289,0.918918918918919
0.03935185185185185,0.918918918918919
0.039397450753186555,0.918918918918919
0.03944315545243619,0.918918918918919
0.03948896631823461,0.918918918918919
0.03953488372093023,0.918918918918919
0.03958090803259604,0.918918918918919
0.039627039627039624,0.918918918918919
0.039673278879813305,0.918918918918919
0.0397196261682243,0.918918918918919
0.03976608187134503,0.918918918918919
0.03981264637002342,0.918918918918919
0.03985932004689332,0.918918918918919
0.03990610328638498,0.918918918918919
0.0399529964747356,0.918918918918919
0.04,0.918918918918919
0.04004711425206125,0.918918918918919
0.04009433962264151,0.918918918918919
0.04014167650531287,0.918918918918919
0.04018912529550828,0.918918918918919
0.040236686390532544,0.918918918918919
0.04028436018957346,0.918918918918919
0.04033214709371293,0.918918918918919
0.040380047505938245,0.918918918918919
0.04042806183115339,0.918918918918919
0.04047619047619048,0.918918918918919
0.04052443384982122,0.918918918918919
0.0405727923627685,0.918918918918919
0.04062126642771804,0.918918918918919
0.04066985645933014,0.918918918918919
0.0407185628742515,0.918918918918919
0.0407673860911271,0.918918918918919
0.04081632653061224,0.918918918918919
0.040865384615384616,0.918918918918919
0.04091456077015644,0.918918918918919
0.04096385542168675,0.918918918918919
0.04101326899879373,0.918918918918919
0.04106280193236715,0.918918918918919
0.041112454655380895,0.918918918918919
0.04116222760290557,0.918918918918919
0.041212121212121214,0.918918918918919
0.0412621359223301,0.918918918918919
0.041312272174969626,0.918918918918919
0.0413625304136253,0.918918918918919
0.04141291108404385,0.918918918918919
0.041463414634146344,0.918918918918919
0.04151404151404151,0.918918918918919
0.04156479217603912,0.918918918918919
0.0416156670746634,0.918918918918919
0.041666666666666664,0.918918918918919
0.04171779141104295,0.918918918918919
0.04176904176904177,0.918918918918919
0.041820418204182044,0.918918918918919
0.04187192118226601,0.918918918918919
0.04192355117139334,0.918918918918919
0.04197530864197531,0.918918918918919
0.042027194066749075,0.918918918918919
0.04207920792079208,0.918918918918919
0.042131350681536554,0.918918918918919
0.04218362282878412,0.918918918918919
0.0422360248447205,0.918918918918919
0.04228855721393035,0.918918918918919
0.04234122042341221,0.918918918918919
0.04239401496259352,0.918918918918919
0.04244694132334582,0.918918918918919
0.0425,0.918918918918919
0.0425531914893617,0.918918918918919
0.042606516290726815,0.918918918918919
0.04265997490589712,0.918918918918919
0.04271356783919598,0.918918918918919
0.042767295597484274,0.918918918918919
0.042821158690176324,0.918918918918919
0.04287515762925599,0.918918918918919
0.04292929292929293,0.918918918918919
0.04298356510745891,0.918918918918919
0.043037974683544304,0.918918918918919
0.043092522179974654,0.918918918918919
0.04314720812182741,0.918918918918919
0.043202033036848796,0.918918918918919
0.043256997455470736,0.918918918918919
0.04331210191082802,0.918918918918919
0.04336734693877551,0.918918918918919
0.04342273307790549,0.918918918918919
0.043478260869565216,0.918918918918919
0.04353393085787452,0.918918918918919
0.04358974358974359,0.918918918918919
0.043645699614890884,0.918918918918919
0.043701799485861184,0.918918918918919
0.043758043758043756,0.918918918918919
0.04381443298969072,0.918918918918919
0.04387096774193548,0.918918918918919
0.04392764857881137,0.918918918918919
0.04398447606727038,0.918918918918919
0.04404145077720207,0.918918918918919
0.04409857328145266,0.918918918918919
0.04415584415584416,0.918918918918919
0.044213263979193757,0.918918918918919
0.04296875,0.8918918918918919
0.04302477183833116,0.8918918918918919
0.04308093994778068,0.8918918918918919
0.043137254901960784,0.8918918918918919
0.04319371727748691,0.8918918918918919
0.04325032765399738,0.8918918918918919
0.04330708661417323,0.8918918918918919
0.04336399474375821,0.8918918918918919
0.04342105263157895,0.8918918918918919
0.043478260869565216,0.8918918918918919
0.04353562005277045,0.8918918918918919
0.043593130779392336,0.8918918918918919
0.04365079365079365,0.8918918918918919
0.04370860927152318,0.8918918918918919
0.042440318302387266,0.8648648648648649
0.04249667994687915,0.8648648648648649
0.0425531914893617,0.8648648648648649
0.0426098535286285,0.8648648648648649
0.042666666666666665,0.8648648648648649
0.042723631508678236,0.8648648648648649
0.0427807486631016,0.8648648648648649
0.0428380187416332,0.8648648648648649
0.04289544235924933,0.8648648648648649
0.042953020134228186,0.8648648648648649
0.043010752688172046,0.8648648648648649
0.04306864064602961,0.8648648648648649
0.0431266846361186,0.8648648648648649
0.043184885290148446,0.8648648648648649
0.043243243243243246,0.8648648648648649
0.04330175913396482,0.8648648648648649
0.04336043360433604,0.8648648648648649
0.04341926729986431,0.8648648648648649
0.043478260869565216,0.8648648648648649
0.04353741496598639,0.8648648648648649
0.043596730245231606,0.8648648648648649
0.04365620736698499,0.8648648648648649
0.04371584699453552,0.8648648648648649
0.04377564979480164,0.8648648648648649
0.043835616438356165,0.8648648648648649
0.0438957475994513,0.8648648648648649
0.04395604395604396,0.8648648648648649
0.04401650618982118,0.8648648648648649
0.0440771349862259,0.8648648648648649
0.044137931034482755,0.8648648648648649
0.04419889502762431,0.8648648648648649
0.04426002766251729,0.8648648648648649
0.0443213296398892,0.8648648648648649
0.044382801664355064,0.8648648648648649
0.044444444444444446,0.8648648648648649
0.04450625869262865,0.8648648648648649
0.04456824512534819,0.8648648648648649
0.044630404463040445,0.8648648648648649
0.0446927374301676,0.8648648648648649
0.044755244755244755,0.8648648648648649
0.04481792717086835,0.8648648648648649
0.04488078541374474,0.8648648648648649
0.0449438202247191,0.8648648648648649
0.0450070323488045,0.8648648648648649
0.04507042253521127,0.8648648648648649
0.045133991537376586,0.8648648648648649
0.04519774011299435,0.8648648648648649
0.04526166902404526,0.8648648648648649
0.0453257790368272,0.8648648648648649
0.04539007092198582,0.8648648648648649
0.045454545454545456,0.8648648648648649
0.04551920341394026,0.8648648648648649
0.045584045584045586,0.8648648648648649
0.0456490727532097,0.8648648648648649
0.045714285714285714,0.8648648648648649
0.045779685264663805,0.8648648648648649
0.045845272206303724,0.8648648648648649
0.04591104734576758,0.8648648648648649
0.04597701149425287,0.8648648648648649
0.0460431654676259,0.8648648648648649
0.04610951008645533,0.8648648648648649
0.046176046176046176,0.8648648648648649
0.046242774566473986,0.8648648648648649
0.04630969609261939,0.8648648648648649
0.0463768115942029,0.8648648648648649
0.04644412191582003,0.8648648648648649
0.046511627906976744,0.8648648648648649
0.046579330422125184,0.8648648648648649
0.04664723032069971,0.8648648648648649
0.04671532846715328,0.8648648648648649
0.04678362573099415,0.8648648648648649
0.04685212298682284,0.8648648648648649
0.0469208211143695,0.8648648648648649
0.04698972099853157,0.8648648648648649
0.047058823529411764,0.8648648648648649
0.047128129602356406,0.8648648648648649
0.0471976401179941,0.8648648648648649
0.047267355982274745,0.8648648648648649
0.047337278106508875,0.8648648648648649
0.047407407407407405,0.8648648648648649
0.04747774480712166,0.8648648648648649
0.0475482912332838,0.8648648648648649
0.047619047619047616,0.8648648648648649
0.04769001490312966,0.8648648648648649
0.04776119402985075,0.8648648648648649
0.04783258594917788,0.8648648648648649
0.04790419161676647,0.8648648648648649
0.046476761619190406,0.8378378378378378
0.046546546546546545,0.8378378378378378
0.04661654135338346,0.8378378378378378
0.046686746987951805,0.8378378378378378
0.04675716440422323,0.8378378378378378
0.04682779456193353,0.8378378378378378
0.046898638426626324,0.8378378378378378
0.04696969696969697,0.8378378378378378
0.04704097116843703,0.8378378378378378
0.04711246200607903,0.8378378378378378
0.0471841704718417,0.8378378378378378
0.04725609756097561,0.8378378378378378
0.04732824427480916,0.8378378378378378
0.047400611620795105,0.8378378378378378
0.04747320061255743,0.8378378378378378
0.04754601226993865,0.8378378378378378
0.047619047619047616,0.8378378378378378
0.047692307692307694,0.8378378378378378
0.04776579352850539,0.8378378378378378
0.047839506172839504,0.8378378378378378
0.04636785162287481,0.8108108108108109
0.04643962848297214,0.8108108108108109
0.046511627906976744,0.8108108108108109
0.046583850931677016,0.8108108108108109
0.04665629860031104,0.8108108108108109
0.04672897196261682,0.8108108108108109
0.046801872074883,0.8108108108108109
0.046875,0.8108108108108109
0.046948356807511735,0.8108108108108109
0.047021943573667714,0.8108108108108109
0.04709576138147567,0.8108108108108109
0.04716981132075472,0.8108108108108109
0.047244094488188976,0.8108108108108109
0.0473186119873817,0.8108108108108109
0.04739336492890995,0.8108108108108109
0.04746835443037975,0.8108108108108109
0.04754358161648178,0.8108108108108109
0.047619047619047616,0.8108108108108109
0.04769475357710652,0.8108108108108109
0.04777070063694268,0.8108108108108109
0.04784688995215311,0.8108108108108109
0.04792332268370607,0.8108108108108109
0.048,0.8108108108108109
0.04807692307692308,0.8108108108108109
0.048154093097913325,0.8108108108108109
0.04823151125401929,0.8108108108108109
0.04830917874396135,0.8108108108108109
0.04838709677419355,0.8108108108108109
0.046849757673667204,0.7837837837837838
0.04692556634304207,0.7837837837837838
0.04700162074554295,0.7837837837837838
0.04707792207792208,0.7837837837837838
0.04715447154471545,0.7837837837837838
0.04723127035830619,0.7837837837837838
0.04730831973898858,0.7837837837837838
0.04738562091503268,0.7837837837837838
0.04746317512274959,0.7837837837837838
0.047540983606557376,0.7837837837837838
0.047619047619047616,0.7837837837837838
0.047697368421052634,0.7837837837837838
0.047775947281713346,0.7837837837837838
0.04785478547854786,0.7837837837837838
0.047933884297520664,0.7837837837837838
0.048013245033112585,0.7837837837837838
0.04809286898839138,0.7837837837837838
0.04817275747508306,0.7837837837837838
0.048252911813643926,0.7837837837837838
0.04833333333333333,0.7837837837837838
0.04674457429048414,0.7567567567567568
0.046822742474916385,0.7567567567567568
0.04690117252931323,0.7567567567567568
0.04697986577181208,0.7567567567567568
0.047058823529411764,0.7567567567567568
0.04713804713804714,0.7567567567567568
0.047217537942664416,0.7567567567567568
0.0472972972972973,0.7567567567567568
0.047377326565143825,0.7567567567567568
0.04576271186440678,0.7297297297297297
0.04584040747028863,0.7297297297297297
0.04591836734693878,0.7297297297297297
0.04599659284497445,0.7297297297297297
0.04607508532423208,0.7297297297297297
0.046153846153846156,0.7297297297297297
0.046232876712328765,0.7297297297297297
0.04631217838765009,0.7297297297297297
0.04639175257731959,0.7297297297297297
0.04647160068846816,0.7297297297297297
0.04655172413793104,0.7297297297297297
0.046632124352331605,0.7297297297297297
0.04671280276816609,0.7297297297297297
0.04679376083188908,0.7297297297297297
0.046875,0.7297297297297297
0.04695652173913043,0.7297297297297297
0.047038327526132406,0.7297297297297297
0.04712041884816754,0.7297297297297297
0.0472027972027972,0.7297297297297297
0.047285464098073555,0.7297297297297297
0.04736842105263158,0.7297297297297297
0.04745166959578207,0.7297297297297297
0.04753521126760563,0.7297297297297297
0.047619047619047616,0.7297297297297297
0.04770318021201413,0.7297297297297297
0.047787610619469026,0.7297297297297297
0.047872340425531915,0.7297297297297297
0.047957371225577264,0.7297297297297297
0.04804270462633452,0.7297297297297297
0.0481283422459893,0.7297297297297297
0.048214285714285716,0.7297297297297297
0.04830053667262969,0.7297297297297297
0.04838709677419355,0.7297297297297297
0.04847396768402154,0.7297297297297297
0.048561151079136694,0.7297297297297297
0.04864864864864865,0.7297297297297297
0.048736462093862815,0.7297297297297297
0.048824593128390596,0.7297297297297297
0.04891304347826087,0.7297297297297297
0.04900181488203267,0.7297297297297297
0.04909090909090909,0.7297297297297297
0.04918032786885246,0.7297297297297297
0.04927007299270073,0.7297297297297297
0.04936014625228519,0.7297297297297297
0.04945054945054945,0.7297297297297297
0.04954128440366973,0.7297297297297297
0.04963235294117647,0.7297297297297297
0.049723756906077346,0.7297297297297297
0.04981549815498155,0.7297297297297297
0.04990757855822551,0.7297297297297297
0.05,0.7297297297297297
0.05009276437847866,0.7297297297297297
0.05018587360594796,0.7297297297297297
0.05027932960893855,0.7297297297297297
0.05037313432835821,0.7297297297297297
0.05046728971962617,0.7297297297297297
0.05056179775280899,0.7297297297297297
0.05065666041275797,0.7297297297297297
0.05075187969924812,0.7297297297297297
0.05084745762711865,0.7297297297297297
0.0509433962264151,0.7297297297297297
0.05103969754253308,0.7297297297297297
0.05113636363636364,0.7297297297297297
0.051233396584440226,0.7297297297297297
0.051330798479087454,0.7297297297297297
0.05142857142857143,0.7297297297297297
0.05152671755725191,0.7297297297297297
0.05162523900573614,0.7297297297297297
0.05172413793103448,0.7297297297297297
0.05182341650671785,0.7297297297297297
0.051923076923076926,0.7297297297297297
0.05202312138728324,0.7297297297297297
0.052123552123552123,0.7297297297297297
0.05222437137330754,0.7297297297297297
0.05232558139534884,0.7297297297297297
0.05242718446601942,0.7297297297297297
0.05252918287937743,0.7297297297297297
0.05263157894736842,0.7297297297297297
0.052734375,0.7297297297297297
0.05283757338551859,0.7297297297297297
0.052941176470588235,0.7297297297297297
0.05304518664047151,0.7297297297297297
0.0531496062992126,0.7297297297297297
0.05325443786982249,0.7297297297297297
0.0533596837944664,0.7297297297297297
0.053465346534653464,0.7297297297297297
0.05357142857142857,0.7297297297297297
0.0536779324055666,0.7297297297297297
0.053784860557768925,0.7297297297297297
0.05389221556886228,0.7297297297297297
0.054,0.7297297297297297
0.05410821643286573,0.7297297297297297
0.05421686746987952,0.7297297297297297
0.05432595573440644,0.7297297297297297
0.05443548387096774,0.7297297297297297
0.05454545454545454,0.7297297297297297
0.05465587044534413,0.7297297297297297
0.05476673427991886,0.7297297297297297
0.054878048780487805,0.7297297297297297
0.054989816700611,0.7297297297297297
0.053061224489795916,0.7027027027027027
0.053169734151329244,0.7027027027027027
0.05327868852459016,0.7027027027027027
0.053388090349075976,0.7027027027027027
0.053497942386831275,0.7027027027027027
0.05360824742268041,0.7027027027027027
0.05371900826446281,0.7027027027027027
0.053830227743271224,0.7027027027027027
0.05394190871369295,0.7027027027027027
0.05405405405405406,0.7027027027027027
0.05416666666666667,0.7027027027027027
0.054279749478079335,0.7027027027027027
0.05439330543933055,0.7027027027027027
0.05450733752620545,0.7027027027027027
0.0546218487394958,0.7027027027027027
0.05473684210526316,0.7027027027027027
0.05485232067510549,0.7027027027027027
0.05496828752642706,0.7027027027027027
0.05508474576271186,0.7027027027027027
0.055201698513800426,0.7027027027027027
0.05531914893617021,0.7027027027027027
0.05543710021321962,0.7027027027027027
0.05555555555555555,0.7027027027027027
0.055674518201284794,0.7027027027027027
0.055793991416309016,0.7027027027027027
0.05591397849462366,0.7027027027027027
0.05603448275862069,0.7027027027027027
0.056155507559395246,0.7027027027027027
0.05627705627705628,0.7027027027027027
0.05639913232104121,0.7027027027027027
0.05652173913043478,0.7027027027027027
0.05664488017429194,0.7027027027027027
0.056768558951965066,0.7027027027027027
0.05689277899343545,0.7027027027027027
0.05701754385964912,0.7027027027027027
0.05714285714285714,0.7027027027027027
0.05726872246696035,0.7027027027027027
0.05739514348785872,0.7027027027027027
0.05752212389380531,0.7027027027027027
0.057649667405764965,0.7027027027027027
0.057777777777777775,0.7027027027027027
0.05790645879732739,0.7027027027027027
0.05803571428571429,0.7027027027027027
0.058165548098434,0.7027027027027027
0.05829596412556054,0.7027027027027027
0.058426966292134834,0.7027027027027027
0.05855855855855856,0.7027027027027027
0.05869074492099323,0.7027027027027027
0.058823529411764705,0.7027027027027027
0.05895691609977324,0.7027027027027027
0.05909090909090909,0.7027027027027027
0.05922551252847381,0.7027027027027027
0.0593607305936073,0.7027027027027027
0.059496567505720827,0.7027027027027027
0.05963302752293578,0.7027027027027027
0.059770114942528735,0.7027027027027027
0.059907834101382486,0.7027027027027027
0.06004618937644342,0.7027027027027027
0.06018518518518518,0.7027027027027027
0.060324825986078884,0.7027027027027027
0.06046511627906977,0.7027027027027027
0.06060606060606061,0.7027027027027027
0.06074766355140187,0.7027027027027027
0.06088992974238876,0.7027027027027027
0.06103286384976526,0.7027027027027027
0.0611764705882353,0.7027027027027027
0.06132075471698113,0.7027027027027027
0.061465721040189124,0.7027027027027027
0.061611374407582936,0.7027027027027027
0.06175771971496437,0.7027027027027027
0.06190476190476191,0.7027027027027027
0.06205250596658711,0.7027027027027027
0.06220095693779904,0.7027027027027027
0.06235011990407674,0.7027027027027027
0.0625,0.7027027027027027
0.06265060240963856,0.7027027027027027
0.06280193236714976,0.7027027027027027
0.06295399515738499,0.7027027027027027
0.06310679611650485,0.7027027027027027
0.06326034063260341,0.7027027027027027
0.06341463414634146,0.7027027027027027
0.06356968215158924,0.7027027027027027
0.06372549019607843,0.7027027027027027
0.06388206388206388,0.7027027027027027
0.06403940886699508,0.7027027027027027
0.06419753086419754,0.7027027027027027
0.06435643564356436,0.7027027027027027
0.06451612903225806,0.7027027027027027
0.06467661691542288,0.7027027027027027
0.06483790523690773,0.7027027027027027
0.065,0.7027027027027027
0.06516290726817042,0.7027027027027027
0.06532663316582915,0.7027027027027027
0.0654911838790932,0.7027027027027027
0.06565656565656566,0.7027027027027027
0.06582278481012659,0.7027027027027027
0.06598984771573604,0.7027027027027027
0.06615776081424936,0.7027027027027027
0.0663265306122449,0.7027027027027027
0.06649616368286446,0.7027027027027027
0.06666666666666667,0.7027027027027027
0.06683804627249357,0.7027027027027027
0.06701030927835051,0.7027027027027027
0.06718346253229975,0.7027027027027027
0.06735751295336788,0.7027027027027027
0.06753246753246753,0.7027027027027027
0.06770833333333333,0.7027027027027027
0.06788511749347259,0.7027027027027027
0.06806282722513089,0.7027027027027027
0.06824146981627296,0.7027027027027027
0.06842105263157895,0.7027027027027027
0.06860158311345646,0.7027027027027027
0.06878306878306878,0.7027027027027027
0.06896551724137931,0.7027027027027027
0.06914893617021277,0.7027027027027027
0.06933333333333333,0.7027027027027027
0.06951871657754011,0.7027027027027027
0.06970509383378017,0.7027027027027027
0.06720430107526881,0.6756756756756757
0.0673854447439353,0.6756756756756757
0.06756756756756757,0.6756756756756757
0.06775067750677506,0.6756756756756757
0.06793478260869565,0.6756756756756757
0.0681198910081744,0.6756756756756757
0.06830601092896176,0.6756756756756757
0.0684931506849315,0.6756756756756757
0.06868131868131869,0.6756756756756757
0.06887052341597796,0.6756756756756757
0.06906077348066299,0.6756756756756757
0.06925207756232687,0.6756756756756757
0.06944444444444445,0.6756756756756757
0.06963788300835655,0.6756756756756757
0.06983240223463687,0.6756756756756757
0.0700280112044818,0.6756756756756757
0.0702247191011236,0.6756756756756757
0.07042253521126761,0.6756756756756757
0.07062146892655367,0.6756756756756757
0.0708215297450425,0.6756756756756757
0.07102272727272728,0.6756756756756757
0.07122507122507123,0.6756756756756757
0.07142857142857142,0.6756756756756757
0.07163323782234957,0.6756756756756757
0.07183908045977011,0.6756756756756757
0.07204610951008646,0.6756756756756757
0.07225433526011561,0.6756756756756757
0.07246376811594203,0.6756756756756757
0.07267441860465117,0.6756756756756757
0.0728862973760933,0.6756756756756757
0.07309941520467836,0.6756756756756757
0.07331378299120235,0.6756756756756757
0.07352941176470588,0.6756756756756757
0.07374631268436578,0.6756756756756757
0.07396449704142012,0.6756756756756757
0.07418397626112759,0.6756756756756757
0.0744047619047619,0.6756756756756757
0.07462686567164178,0.6756756756756757
0.0748502994011976,0.6756756756756757
0.07507507507507508,0.6756756756756757
0.07530120481927711,0.6756756756756757
0.0755287009063444,0.6756756756756757
0.07575757575757576,0.6756756756756757
0.07598784194528875,0.6756756756756757
0.07621951219512195,0.6756756756756757
0.0764525993883792,0.6756756756756757
0.07668711656441718,0.6756756756756757
0.07692307692307693,0.6756756756756757
0.07716049382716049,0.6756756756756757
0.07739938080495357,0.6756756756756757
0.07763975155279502,0.6756756756756757
0.0778816199376947,0.6756756756756757
0.078125,0.6756756756756757
0.07836990595611286,0.6756756756756757
0.07547169811320754,0.6486486486486487
0.07570977917981073,0.6486486486486487
0.0759493670886076,0.6486486486486487
0.0761904761904762,0.6486486486486487
0.07643312101910828,0.6486486486486487
0.07667731629392971,0.6486486486486487
0.07692307692307693,0.6486486486486487
0.07717041800643087,0.6486486486486487
0.07741935483870968,0.6486486486486487
0.07766990291262135,0.6486486486486487
0.07792207792207792,0.6486486486486487
0.0781758957654723,0.6486486486486487
0.0784313725490196,0.6486486486486487
0.07868852459016394,0.6486486486486487
0.07894736842105263,0.6486486486486487
0.07920792079207921,0.6486486486486487
0.07947019867549669,0.6486486486486487
0.07973421926910298,0.6486486486486487
0.08,0.6486486486486487
0.0802675585284281,0.6486486486486487
0.08053691275167785,0.6486486486486487
0.08080808080808081,0.6486486486486487
0.08108108108108109,0.6486486486486487
0.08135593220338982,0.6486486486486487
0.08163265306122448,0.6486486486486487
0.08191126279863481,0.6486486486486487
0.0821917808219178,0.6486486486486487
0.08247422680412371,0.6486486486486487
0.08275862068965517,0.6486486486486487
0.08304498269896193,0.6486486486486487
0.08333333333333333,0.6486486486486487
0.08362369337979095,0.6486486486486487
0.08391608391608392,0.6486486486486487
0.08421052631578947,0.6486486486486487
0.08450704225352113,0.6486486486486487
0.08480565371024736,0.6486486486486487
0.0851063829787234,0.6486486486486487
0.08540925266903915,0.6486486486486487
0.08571428571428572,0.6486486486486487
0.08602150537634409,0.6486486486486487
0.08633093525179857,0.6486486486486487
0.08664259927797834,0.6486486486486487
0.08695652173913043,0.6486486486486487
0.08727272727272728,0.6486486486486487
0.08759124087591241,0.6486486486486487
0.08791208791208792,0.6486486486486487
0.08823529411764706,0.6486486486486487
0.08856088560885608,0.6486486486486487
0.08888888888888889,0.6486486486486487
0.08921933085501858,0.6486486486486487
0.08955223880597014,0.6486486486486487
0.0898876404494382,0.6486486486486487
0.09022556390977443,0.6486486486486487
0.09056603773584905,0.6486486486486487
0.09090909090909091,0.6486486486486487
0.09125475285171103,0.6486486486486487
0.0916030534351145,0.6486486486486487
0.09195402298850575,0.6486486486486487
0.09230769230769231,0.6486486486486487
0.09266409266409266,0.6486486486486487
0.09302325581395349,0.6486486486486487
0.0933852140077821,0.6486486486486487
0.09375,0.6486486486486487
0.09411764705882353,0.6486486486486487
0.09448818897637795,0.6486486486486487
0.09486166007905138,0.6486486486486487
0.09523809523809523,0.6486486486486487
0.09561752988047809,0.6486486486486487
0.096,0.6486486486486487
0.0963855421686747,0.6486486486486487
0.0967741935483871,0.6486486486486487
0.09716599190283401,0.6486486486486487
0.0975609756097561,0.6486486486486487
0.09795918367346938,0.6486486486486487
0.09836065573770492,0.6486486486486487
0.09876543209876543,0.6486486486486487
0.09917355371900827,0.6486486486486487
0.0995850622406639,0.6486486486486487
0.1,0.6486486486486487
0.100418410041841,0.6486486486486487
0.10084033613445378,0.6486486486486487
0.10126582278481013,0.6486486486486487
0.1016949152542373,0.6486486486486487
0.10212765957446808,0.6486486486486487
0.10256410256410256,0.6486486486486487
0.10300429184549356,0.6486486486486487
0.10344827586206896,0.6486486486486487
0.1038961038961039,0.6486486486486487
0.10434782608695652,0.6486486486486487
0.10480349344978165,0.6486486486486487
0.10526315789473684,0.6486486486486487
0.10572687224669604,0.6486486486486487
0.10619469026548672,0.6486486486486487
0.10666666666666667,0.6486486486486487
0.10714285714285714,0.6486486486486487
0.10762331838565023,0.6486486486486487
0.10810810810810811,0.6486486486486487
0.1085972850678733,0.6486486486486487
0.10909090909090909,0.6486486486486487
0.1095890410958904,0.6486486486486487
0.11009174311926606,0.6486486486486487
0.11059907834101383,0.6486486486486487
0.1111111111111111,0.6486486486486487
0.11162790697674418,0.6486486486486487
0.11214953271028037,0.6486486486486487
0.11267605633802817,0.6486486486486487
0.11320754716981132,0.6486486486486487
0.11374407582938388,0.6486486486486487
0.11428571428571428,0.6486486486486487
0.11483253588516747,0.6486486486486487
0.11538461538461539,0.6486486486486487
0.11594202898550725,0.6486486486486487
0.11650485436893204,0.6486486486486487
0.11707317073170732,0.6486486486486487
0.11764705882352941,0.6486486486486487
0.11822660098522167,0.6486486486486487
0.1188118811881188,0.6486486486486487
0.11940298507462686,0.6486486486486487
0.12,0.6486486486486487
0.12060301507537688,0.6486486486486487
0.12121212121212122,0.6486486486486487
0.1218274111675127,0.6486486486486487
0.12244897959183673,0.6486486486486487
0.12307692307692308,0.6486486486486487
0.12371134020618557,0.6486486486486487
0.12435233160621761,0.6486486486486487
0.125,0.6486486486486487
0.1256544502617801,0.6486486486486487
0.12631578947368421,0.6486486486486487
0.12698412698412698,0.6486486486486487
0.1276595744680851,0.6486486486486487
0.12834224598930483,0.6486486486486487
0.12903225806451613,0.6486486486486487
0.12972972972972974,0.6486486486486487
0.13043478260869565,0.6486486486486487
0.13114754098360656,0.6486486486486487
0.13186813186813187,0.6486486486486487
0.13259668508287292,0.6486486486486487
0.13333333333333333,0.6486486486486487
0.1340782122905028,0.6486486486486487
0.1348314606741573,0.6486486486486487
0.13559322033898305,0.6486486486486487
0.13636363636363635,0.6486486486486487
0.13714285714285715,0.6486486486486487
0.13793103448275862,0.6486486486486487
0.13872832369942195,0.6486486486486487
0.13953488372093023,0.6486486486486487
0.14035087719298245,0.6486486486486487
0.1411764705882353,0.6486486486486487
0.14201183431952663,0.6486486486486487
0.14285714285714285,0.6486486486486487
0.1437125748502994,0.6486486486486487
0.14457831325301204,0.6486486486486487
0.14545454545454545,0.6486486486486487
0.14634146341463414,0.6486486486486487
0.147239263803681,0.6486486486486487
0.14814814814814814,0.6486486486486487
0.14906832298136646,0.6486486486486487
0.15,0.6486486486486487
0.14465408805031446,0.6216216216216216
0.14556962025316456,0.6216216216216216
0.1464968152866242,0.6216216216216216
0.14743589743589744,0.6216216216216216
0.14838709677419354,0.6216216216216216
0.14935064935064934,0.6216216216216216
0.1503267973856209,0.6216216216216216
0.1513157894736842,0.6216216216216216
0.152317880794702,0.6216216216216216
0.15333333333333332,0.6216216216216216
0.15436241610738255,0.6216216216216216
0.1554054054054054,0.6216216216216216
0.1564625850340136,0.6216216216216216
0.15753424657534246,0.6216216216216216
0.15862068965517243,0.6216216216216216
0.1597222222222222,0.6216216216216216
0.16083916083916083,0.6216216216216216
0.1619718309859155,0.6216216216216216
0.16312056737588654,0.6216216216216216
0.16428571428571428,0.6216216216216216
0.16546762589928057,0.6216216216216216
0.16666666666666666,0.6216216216216216
0.1678832116788321,0.6216216216216216
0.16911764705882354,0.6216216216216216
0.17037037037037037,0.6216216216216216
0.17164179104477612,0.6216216216216216
0.17293233082706766,0.6216216216216216
0.17424242424242425,0.6216216216216216
0.17557251908396945,0.6216216216216216
0.17692307692307693,0.6216216216216216
0.17829457364341086,0.6216216216216216
0.1796875,0.6216216216216216
0.18110236220472442,0.6216216216216216
0.18253968253968253,0.6216216216216216
0.184,0.6216216216216216
0.18548387096774194,0.6216216216216216
0.18699186991869918,0.6216216216216216
0.1885245901639344,0.6216216216216216
0.19008264462809918,0.6216216216216216
0.19166666666666668,0.6216216216216216
0.19327731092436976,0.6216216216216216
0.19491525423728814,0.6216216216216216
0.19658119658119658,0.6216216216216216
0.19827586206896552,0.6216216216216216
0.2,0.6216216216216216
0.20175438596491227,0.6216216216216216
0.20353982300884957,0.6216216216216216
0.20535714285714285,0.6216216216216216
0.2072072072072072,0.6216216216216216
0.20909090909090908,0.6216216216216216
0.21100917431192662,0.6216216216216216
0.21296296296296297,0.6216216216216216
0.21495327102803738,0.6216216216216216
0.2169811320754717,0.6216216216216216
0.21904761904761905,0.6216216216216216
0.22115384615384615,0.6216216216216216
0.22330097087378642,0.6216216216216216
0.22549019607843138,0.6216216216216216
0.22772277227722773,0.6216216216216216
0.23,0.6216216216216216
0.23232323232323232,0.6216216216216216
0.23469387755102042,0.6216216216216216
0.23711340206185566,0.6216216216216216
0.23958333333333334,0.6216216216216216
0.24210526315789474,0.6216216216216216
0.24468085106382978,0.6216216216216216
0.24731182795698925,0.6216216216216216
0.25,0.6216216216216216
0.25274725274725274,0.6216216216216216
0.25555555555555554,0.6216216216216216
0.25842696629213485,0.6216216216216216
0.25,0.5945945945945946
0.25287356321839083,0.5945945945945946
0.2558139534883721,0.5945945945945946
0.25882352941176473,0.5945945945945946
0.2619047619047619,0.5945945945945946
0.26506024096385544,0.5945945945945946
0.2682926829268293,0.5945945945945946
0.2716049382716049,0.5945945945945946
0.275,0.5945945945945946
0.27848101265822783,0.5945945945945946
0.28205128205128205,0.5945945945945946
0.2727272727272727,0.5675675675675675
0.27631578947368424,0.5675675675675675
0.28,0.5675675675675675
0.28378378378378377,0.5675675675675675
0.2876712328767123,0.5675675675675675
0.2916666666666667,0.5675675675675675
0.29577464788732394,0.5675675675675675
0.3,0.5675675675675675
0.30434782608695654,0.5675675675675675
0.3088235294117647,0.5675675675675675
0.31343283582089554,0.5675675675675675
0.3181818181818182,0.5675675675675675
0.3230769230769231,0.5675675675675675
0.328125,0.5675675675675675
0.3333333333333333,0.5675675675675675
0.3387096774193548,0.5675675675675675
0.3442622950819672,0.5675675675675675
0.35,0.5675675675675675
0.3559322033898305,0.5675675675675675
0.3620689655172414,0.5675675675675675
0.3684210526315789,0.5675675675675675
0.375,0.5675675675675675
0.38181818181818183,0.5675675675675675
0.3888888888888889,0.5675675675675675
0.39622641509433965,0.5675675675675675
0.40384615384615385,0.5675675675675675
0.4117647058823529,0.5675675675675675
0.42,0.5675675675675675
0.42857142857142855,0.5675675675675675
0.4375,0.5675675675675675
0.425531914893617,0.5405405405405406
0.43478260869565216,0.5405405405405406
0.4444444444444444,0.5405405405405406
0.45454545454545453,0.5405405405405406
0.46511627906976744,0.5405405405405406
0.47619047619047616,0.5405405405405406
0.4634146341463415,0.5135135135135135
0.45,0.4864864864864865
0.4358974358974359,0.4594594594594595
0.4473684210526316,0.4594594594594595
0.43243243243243246,0.43243243243243246
0.4444444444444444,0.43243243243243246
0.45714285714285713,0.43243243243243246
0.47058823529411764,0.43243243243243246
0.48484848484848486,0.43243243243243246
0.5,0.43243243243243246
0.5161290322580645,0.43243243243243246
0.5,0.40540540540540543
0.5172413793103449,0.40540540540540543
0.5357142857142857,0.40540540540540543
0.5555555555555556,0.40540540540540543
0.5769230769230769,0.40540540540540543
0.6,0.40540540540540543
0.5833333333333334,0.3783783783783784
0.6086956521739131,0.3783783783783784
0.6363636363636364,0.3783783783783784
0.6666666666666666,0.3783783783783784
0.65,0.35135135135135137
0.6842105263157895,0.35135135135135137
0.7222222222222222,0.35135135135135137
0.7058823529411765,0.32432432432432434
0.6875,0.2972972972972973
0.6666666666666666,0.2702702702702703
0.7142857142857143,0.2702702702702703
0.6923076923076923,0.24324324324324326
0.75,0.24324324324324326
0.8181818181818182,0.24324324324324326
0.8,0.21621621621621623
0.7777777777777778,0.1891891891891892
0.875,0.1891891891891892
1.0,0.1891891891891892
1.0,0.16216216216216217
1.0,0.13513513513513514
1.0,0.10810810810810811
1.0,0.08108108108108109
1.0,0.05405405405405406
1.0,0.02702702702702703
1.0,0.0
