Precision,Recall
0.02303860523038605,1.0
0.022429906542056073,0.972972972972973
0.022443890274314215,0.972972972972973
0.022457891453524642,0.972972972972973
0.02247191011235955,0.972972972972973
0.022485946283572766,0.972972972972973
0.0225,0.972972972972973
0.0225140712945591,0.972972972972973
0.02252816020025031,0.972972972972973
0.022542266750156543,0.972972972972973
0.022556390977443608,0.972972972972973
0.0225705329153605,0.972972972972973
0.02258469259723965,0.972972972972973
0.022598870056497175,0.972972972972973
0.022613065326633167,0.972972972972973
0.02262727844123193,0.972972972972973
0.022641509433962263,0.972972972972973
0.022655758338577723,0.972972972972973
0.022670025188916875,0.972972972972973
0.022684310018903593,0.972972972972973
0.02269861286254729,0.972972972972973
0.022712933753943218,0.972972972972973
0.022727272727272728,0.972972972972973
0.022741629816803537,0.972972972972973
0.022756005056890013,0.972972972972973
0.022770398481973434,0.972972972972973
0.02278481012658228,0.972972972972973
0.022799240025332488,0.972972972972973
0.022813688212927757,0.972972972972973
0.022828154724159798,0.972972972972973
0.02284263959390863,0.972972972972973
0.022857142857142857,0.972972972972973
0.022871664548919948,0.972972972972973
0.02288620470438652,0.972972972972973
0.022900763358778626,0.972972972972973
0.022915340547422024,0.972972972972973
0.022929936305732482,0.972972972972973
0.022944550669216062,0.972972972972973
0.02295918367346939,0.972972972972973
0.02297383535417996,0.972972972972973
0.022988505747126436,0.972972972972973
0.023003194888178913,0.972972972972973
0.023017902813299233,0.972972972972973
0.023032629558541268,0.972972972972973
0.023047375160051217,0.972972972972973
0.023062139654067906,0.972972972972973
0.023076923076923078,0.972972972972973
0.023091725465041693,0.972972972972973
0.023106546854942234,0.972972972972973
0.023121387283236993,0.972972972972973
0.02313624678663239,0.972972972972973
0.02315112540192926,0.972972972972973
0.023166023166023165,0.972972972972973
0.0231809401159047,0.972972972972973
0.023195876288659795,0.972972972972973
0.02321083172147002,0.972972972972973
0.023225806451612905,0.972972972972973
0.023240800516462233,0.972972972972973
0.023255813953488372,0.972972972972973
0.023270846800258566,0.972972972972973
0.02328589909443726,0.972972972972973
0.02330097087378641,0.972972972972973
0.023316062176165803,0.972972972972973
0.023331173039533377,0.972972972972973
0.023346303501945526,0.972972972972973
0.02336145360155743,0.972972972972973
0.023376623376623377,0.972972972972973
0.023391812865497075,0.972972972972973
0.02340702210663199,0.972972972972973
0.02342225113858165,0.972972972972973
0.0234375,0.972972972972973
0.023452768729641693,0.972972972972973
0.02346805736636245,0.972972972972973
0.023483365949119372,0.972972972972973
0.02349869451697128,0.972972972972973
0.023514043109079032,0.972972972972973
0.023529411764705882,0.972972972972973
0.02354480052321779,0.972972972972973
0.02356020942408377,0.972972972972973
0.023575638506876228,0.972972972972973
0.023591087811271297,0.972972972972973
0.02360655737704918,0.972972972972973
0.023622047244094488,0.972972972972973
0.023637557452396585,0.972972972972973
0.023653088042049936,0.972972972972973
0.023668639053254437,0.972972972972973
0.02368421052631579,0.972972972972973
0.02369980250164582,0.972972972972973
0.023715415019762844,0.972972972972973
0.023731048121292023,0.972972972972973
0.023746701846965697,0.972972972972973
0.023762376237623763,0.972972972972973
0.023778071334214,0.972972972972973
0.023793787177792465,0.972972972972973
0.023809523809523808,0.972972972972973
0.02382528127068167,0.972972972972973
0.02384105960264901,0.972972972972973
0.02385685884691849,0.972972972972973
0.023872679045092837,0.972972972972973
0.023888520238885203,0.972972972972973
0.02390438247011952,0.972972972972973
0.023920265780730896,0.972972972972973
0.023936170212765957,0.972972972972973
0.023952095808383235,0.972972972972973
0.023968042609853527,0.972972972972973
0.023984010659560292,0.972972972972973
0.024,0.972972972972973
0.02401601067378252,0.972972972972973
0.02403204272363151,0.972972972972973
0.02404809619238477,0.972972972972973
0.02406417112299465,0.972972972972973
0.024080267558528427,0.972972972972973
0.024096385542168676,0.972972972972973
0.024112525117213665,0.972972972972973
0.024128686327077747,0.972972972972973
0.02414486921529175,0.972972972972973
0.024161073825503355,0.972972972972973
0.0241773002014775,0.972972972972973
0.024193548387096774,0.972972972972973
0.0242098184263618,0.972972972972973
0.024226110363391656,0.972972972972973
0.024242424242424242,0.972972972972973
0.02425876010781671,0.972972972972973
0.024275118004045852,0.972972972972973
0.024291497975708502,0.972972972972973
0.024307900067521943,0.972972972972973
0.024324324324324326,0.972972972972973
0.02434077079107505,0.972972972972973
0.02435723951285521,0.972972972972973
0.024373730534867976,0.972972972972973
0.024390243902439025,0.972972972972973
0.02440677966101695,0.972972972972973
0.024423337856173677,0.972972972972973
0.024439918533604887,0.972972972972973
0.024456521739130436,0.972972972972973
0.024473147518694765,0.972972972972973
0.024489795918367346,0.972972972972973
0.02450646698434309,0.972972972972973
0.02452316076294278,0.972972972972973
0.024539877300613498,0.972972972972973
0.02455661664392906,0.972972972972973
0.024573378839590442,0.972972972972973
0.02459016393442623,0.972972972972973
0.02460697197539303,0.972972972972973
0.024623803009575923,0.972972972972973
0.024640657084188913,0.972972972972973
0.024657534246575342,0.972972972972973
0.02467443454420836,0.972972972972973
0.024691358024691357,0.972972972972973
0.024708304735758406,0.972972972972973
0.024725274725274724,0.972972972972973
0.024742268041237112,0.972972972972973
0.024759284731774415,0.972972972972973
0.02477632484514797,0.972972972972973
0.024793388429752067,0.972972972972973
0.024810475534114404,0.972972972972973
0.02482758620689655,0.972972972972973
0.024844720496894408,0.972972972972973
0.024861878453038673,0.972972972972973
0.0248790601243953,0.972972972972973
0.024896265560165973,0.972972972972973
0.02491349480968858,0.972972972972973
0.024930747922437674,0.972972972972973
0.02494802494802495,0.972972972972973
0.024965325936199722,0.972972972972973
0.02498265093684941,0.972972972972973
0.025,0.972972972972973
0.02501737317581654,0.972972972972973
0.025034770514603615,0.972972972972973
0.025052192066805846,0.972972972972973
0.025069637883008356,0.972972972972973
0.025087108013937282,0.972972972972973
0.02510460251046025,0.972972972972973
0.02512212142358688,0.972972972972973
0.025139664804469275,0.972972972972973
0.025157232704402517,0.972972972972973
0.025174825174825177,0.972972972972973
0.025192442267319804,0.972972972972973
0.025210084033613446,0.972972972972973
0.025227750525578137,0.972972972972973
0.025245441795231416,0.972972972972973
0.02526315789473684,0.972972972972973
0.025280898876404494,0.972972972972973
0.025298664792691498,0.972972972972973
0.02531645569620253,0.972972972972973
0.025334271639690358,0.972972972972973
0.02535211267605634,0.972972972972973
0.02536997885835095,0.972972972972973
0.02538787023977433,0.972972972972973
0.025405786873676783,0.972972972972973
0.025423728813559324,0.972972972972973
0.025441696113074206,0.972972972972973
0.02545968882602546,0.972972972972973
0.025477707006369428,0.972972972972973
0.025495750708215296,0.972972972972973
0.025513819985825654,0.972972972972973
0.02553191489361702,0.972972972972973
0.0255500354861604,0.972972972972973
0.02556818181818182,0.972972972972973
0.0255863539445629,0.972972972972973
0.025604551920341393,0.972972972972973
0.025622775800711744,0.972972972972973
0.02564102564102564,0.972972972972973
0.02565930149679259,0.972972972972973
0.025677603423680456,0.972972972972973
0.02569593147751606,0.972972972972973
0.025714285714285714,0.972972972972973
0.02573266619013581,0.972972972972973
0.02575107296137339,0.972972972972973
0.025769506084466716,0.972972972972973
0.025787965616045846,0.972972972972973
0.025806451612903226,0.972972972972973
0.02582496413199426,0.972972972972973
0.025843503230437905,0.972972972972973
0.02586206896551724,0.972972972972973
0.025880661394680086,0.972972972972973
0.025899280575539568,0.972972972972973
0.02591792656587473,0.972972972972973
0.025936599423631124,0.972972972972973
0.02595529920692141,0.972972972972973
0.025974025974025976,0.972972972972973
0.025992779783393503,0.972972972972973
0.02601156069364162,0.972972972972973
0.026030368763557483,0.972972972972973
0.02604920405209841,0.972972972972973
0.02606806661839247,0.972972972972973
0.02608695652173913,0.972972972972973
0.02610587382160986,0.972972972972973
0.026124818577648767,0.972972972972973
0.026143790849673203,0.972972972972973
0.02616279069767442,0.972972972972973
0.02618181818181818,0.972972972972973
0.026200873362445413,0.972972972972973
0.026219956300072834,0.972972972972973
0.026239067055393587,0.972972972972973
0.0262582056892779,0.972972972972973
0.026277372262773723,0.972972972972973
0.026296566837107377,0.972972972972973
0.02631578947368421,0.972972972972973
0.026335040234089245,0.972972972972973
0.02635431918008785,0.972972972972973
0.026373626373626374,0.972972972972973
0.026392961876832845,0.972972972972973
0.02641232575201761,0.972972972972973
0.02643171806167401,0.972972972972973
0.02645113886847906,0.972972972972973
0.026470588235294117,0.972972972972973
0.026490066225165563,0.972972972972973
0.026509572901325478,0.972972972972973
0.026529108327192335,0.972972972972973
0.02654867256637168,0.972972972972973
0.026568265682656828,0.972972972972973
0.026587887740029542,0.972972972972973
0.026607538802660754,0.972972972972973
0.026627218934911243,0.972972972972973
0.026646928201332347,0.972972972972973
0.02666666666666667,0.972972972972973
0.026686434395848776,0.972972972972973
0.026706231454005934,0.972972972972973
0.026726057906458798,0.972972972972973
0.02674591381872214,0.972972972972973
0.026765799256505577,0.972972972972973
0.026785714285714284,0.972972972972973
0.02680565897244974,0.972972972972973
0.026825633383010434,0.972972972972973
0.026845637583892617,0.972972972972973
0.026865671641791045,0.972972972972973
0.0268857356235997,0.972972972972973
0.026905829596412557,0.972972972972973
0.02692595362752431,0.972972972972973
0.02694610778443114,0.972972972972973
0.02696629213483146,0.972972972972973
0.026986506746626688,0.972972972972973
0.02700675168792198,0.972972972972973
0.02702702702702703,0.972972972972973
0.027047332832456798,0.972972972972973
0.02706766917293233,0.972972972972973
0.02708803611738149,0.972972972972973
0.02710843373493976,0.972972972972973
0.027128862094951016,0.972972972972973
0.027149321266968326,0.972972972972973
0.027169811320754716,0.972972972972973
0.027190332326283987,0.972972972972973
0.027210884353741496,0.972972972972973
0.02723146747352496,0.972972972972973
0.02725208175624527,0.972972972972973
0.02727272727272727,0.972972972972973
0.027293404094010616,0.972972972972973
0.027314112291350532,0.972972972972973
0.02733485193621868,0.972972972972973
0.02735562310030395,0.972972972972973
0.02737642585551331,0.972972972972973
0.0273972602739726,0.972972972972973
0.027418126428027417,0.972972972972973
0.027439024390243903,0.972972972972973
0.02745995423340961,0.972972972972973
0.02748091603053435,0.972972972972973
0.02750190985485103,0.972972972972973
0.027522935779816515,0.972972972972973
0.02754399387911247,0.972972972972973
0.027565084226646247,0.972972972972973
0.027586206896551724,0.972972972972973
0.027607361963190184,0.972972972972973
0.02762854950115119,0.972972972972973
0.027649769585253458,0.972972972972973
0.027671022290545733,0.972972972972973
0.027692307692307693,0.972972972972973
0.02771362586605081,0.972972972972973
0.02773497688751926,0.972972972972973
0.027756360832690823,0.972972972972973
0.027777777777777776,0.972972972972973
0.027799227799227798,0.972972972972973
0.027820710973724884,0.972972972972973
0.027842227378190254,0.972972972972973
0.02786377708978328,0.972972972972973
0.027885360185902403,0.972972972972973
0.027906976744186046,0.972972972972973
0.027928626842513578,0.972972972972973
0.027950310559006212,0.972972972972973
0.027972027972027972,0.972972972972973
0.027993779160186624,0.972972972972973
0.02801556420233463,0.972972972972973
0.028037383177570093,0.972972972972973
0.028059236165237724,0.972972972972973
0.028081123244929798,0.972972972972973
0.02810304449648712,0.972972972972973
0.028125,0.972972972972973
0.028146989835809225,0.972972972972973
0.028169014084507043,0.972972972972973
0.028191072826938137,0.972972972972973
0.02821316614420063,0.972972972972973
0.02823529411764706,0.972972972972973
0.0282574568288854,0.972972972972973
0.028279654359780047,0.972972972972973
0.02830188679245283,0.972972972972973
0.02832415420928403,0.972972972972973
0.028346456692913385,0.972972972972973
0.028368794326241134,0.972972972972973
0.028391167192429023,0.972972972972973
0.028413575374901343,0.972972972972973
0.02843601895734597,0.972972972972973
0.028458498023715414,0.972972972972973
0.028481012658227847,0.972972972972973
0.028503562945368172,0.972972972972973
0.028526148969889066,0.972972972972973
0.028548770816812053,0.972972972972973
0.02857142857142857,0.972972972972973
0.028594122319301033,0.972972972972973
0.028616852146263912,0.972972972972973
0.028639618138424822,0.972972972972973
0.028662420382165606,0.972972972972973
0.028685258964143426,0.972972972972973
0.028708133971291867,0.972972972972973
0.028731045490822026,0.972972972972973
0.02875399361022364,0.972972972972973
0.02877697841726619,0.972972972972973
0.0288,0.972972972972973
0.028823058446757407,0.972972972972973
0.028846153846153848,0.972972972972973
0.028869286287089013,0.972972972972973
0.028892455858747994,0.972972972972973
0.02891566265060241,0.972972972972973
0.028938906752411574,0.972972972972973
0.028962188254223652,0.972972972972973
0.028985507246376812,0.972972972972973
0.029008863819500404,0.972972972972973
0.02903225806451613,0.972972972972973
0.029055690072639227,0.972972972972973
0.029079159935379646,0.972972972972973
0.02910266774454325,0.972972972972973
0.02912621359223301,0.972972972972973
0.029149797570850202,0.972972972972973
0.029173419773095625,0.972972972972973
0.029197080291970802,0.972972972972973
0.02922077922077922,0.972972972972973
0.02924451665312754,0.972972972972973
0.02926829268292683,0.972972972972973
0.029292107404393815,0.972972972972973
0.029315960912052116,0.972972972972973
0.029339853300733496,0.972972972972973
0.02936378466557912,0.972972972972973
0.029387755102040815,0.972972972972973
0.029411764705882353,0.972972972972973
0.029435813573180702,0.972972972972973
0.029459901800327332,0.972972972972973
0.029484029484029485,0.972972972972973
0.029508196721311476,0.972972972972973
0.029532403609515995,0.972972972972973
0.029556650246305417,0.972972972972973
0.029580936729663106,0.972972972972973
0.029605263157894735,0.972972972972973
0.02962962962962963,0.972972972972973
0.029654036243822075,0.972972972972973
0.02967848309975268,0.972972972972973
0.0297029702970297,0.972972972972973
0.02972749793559042,0.972972972972973
0.02975206611570248,0.972972972972973
0.02977667493796526,0.972972972972973
0.029801324503311258,0.972972972972973
0.029826014913007456,0.972972972972973
0.029850746268656716,0.972972972972973
0.02987551867219917,0.972972972972973
0.029900332225913623,0.972972972972973
0.029925187032418952,0.972972972972973
0.029950083194675542,0.972972972972973
0.02997502081598668,0.972972972972973
0.03,0.972972972972973
0.030025020850708923,0.972972972972973
0.03005008347245409,0.972972972972973
0.03007518796992481,0.972972972972973
0.030100334448160536,0.972972972972973
0.0301255230125523,0.972972972972973
0.03015075376884422,0.972972972972973
0.030176026823134954,0.972972972972973
0.030201342281879196,0.972972972972973
0.030226700251889168,0.972972972972973
0.030252100840336135,0.972972972972973
0.030277544154751892,0.972972972972973
0.030303030303030304,0.972972972972973
0.030328559393428812,0.972972972972973
0.03035413153456998,0.972972972972973
0.030379746835443037,0.972972972972973
0.030405405405405407,0.972972972972973
0.030431107354184278,0.972972972972973
0.030456852791878174,0.972972972972973
0.03048264182895851,0.972972972972973
0.030508474576271188,0.972972972972973
0.030534351145038167,0.972972972972973
0.030560271646859084,0.972972972972973
0.03058623619371283,0.972972972972973
0.030612244897959183,0.972972972972973
0.030638297872340424,0.972972972972973
0.030664395229982964,0.972972972972973
0.030690537084398978,0.972972972972973
0.030716723549488054,0.972972972972973
0.030742954739538857,0.972972972972973
0.03076923076923077,0.972972972972973
0.030795551753635585,0.972972972972973
0.030821917808219176,0.972972972972973
0.030848329048843187,0.972972972972973
0.030874785591766724,0.972972972972973
0.030901287553648068,0.972972972972973
0.030927835051546393,0.972972972972973
0.030954428202923472,0.972972972972973
0.03098106712564544,0.972972972972973
0.031007751937984496,0.972972972972973
0.03103448275862069,0.972972972972973
0.031061259706643658,0.972972972972973
0.031088082901554404,0.972972972972973
0.03111495246326707,0.972972972972973
0.031141868512110725,0.972972972972973
0.03116883116883117,0.972972972972973
0.03119584055459272,0.972972972972973
0.031222896790980052,0.972972972972973
0.03125,0.972972972972973
0.03127715030408341,0.972972972972973
0.03130434782608696,0.972972972972973
0.031331592689295036,0.972972972972973
0.0313588850174216,0.972972972972973
0.03138622493461203,0.972972972972973
0.031413612565445025,0.972972972972973
0.0314410480349345,0.972972972972973
0.03146853146853147,0.972972972972973
0.031496062992125984,0.972972972972973
0.03152364273204904,0.972972972972973
0.03155127081507449,0.972972972972973
0.031578947368421054,0.972972972972973
0.03160667251975417,0.972972972972973
0.03163444639718805,0.972972972972973
0.0316622691292876,0.972972972972973
0.03169014084507042,0.972972972972973
0.03171806167400881,0.972972972972973
0.031746031746031744,0.972972972972973
0.03177405119152692,0.972972972972973
0.03180212014134275,0.972972972972973
0.03183023872679045,0.972972972972973
0.03185840707964602,0.972972972972973
0.03188662533215235,0.972972972972973
0.031914893617021274,0.972972972972973
0.03194321206743567,0.972972972972973
0.03197158081705151,0.972972972972973
0.032,0.972972972972973
0.03202846975088968,0.972972972972973
0.032056990204808546,0.972972972972973
0.03208556149732621,0.972972972972973
0.032114183764495985,0.972972972972973
0.03214285714285714,0.972972972972973
0.032171581769437,0.972972972972973
0.03220035778175313,0.972972972972973
0.03222918531781558,0.972972972972973
0.03225806451612903,0.972972972972973
0.03228699551569507,0.972972972972973
0.03231597845601436,0.972972972972973
0.03234501347708895,0.972972972972973
0.03237410071942446,0.972972972972973
0.032403240324032405,0.972972972972973
0.03153153153153153,0.9459459459459459
0.031559963931469794,0.9459459459459459
0.0315884476534296,0.9459459459459459
0.031616982836495035,0.9459459459459459
0.03164556962025317,0.9459459459459459
0.03167420814479638,0.9459459459459459
0.03170289855072464,0.9459459459459459
0.03173164097914778,0.9459459459459459
0.03176043557168784,0.9459459459459459
0.03178928247048138,0.9459459459459459
0.031818181818181815,0.9459459459459459
0.03184713375796178,0.9459459459459459
0.031876138433515486,0.9459459459459459
0.03190519598906107,0.9459459459459459
0.03193430656934307,0.9459459459459459
0.0319634703196347,0.9459459459459459
0.031992687385740404,0.9459459459459459
0.03202195791399817,0.9459459459459459
0.03205128205128205,0.9459459459459459
0.032080659945004586,0.9459459459459459
0.03211009174311927,0.9459459459459459
0.03213957759412305,0.9459459459459459
0.03216911764705882,0.9459459459459459
0.03219871205151794,0.9459459459459459
0.03222836095764273,0.9459459459459459
0.03225806451612903,0.9459459459459459
0.03228782287822878,0.9459459459459459
0.032317636195752536,0.9459459459459459
0.03234750462107209,0.9459459459459459
0.032377428307123035,0.9459459459459459
0.032407407407407406,0.9459459459459459
0.03243744207599629,0.9459459459459459
0.032467532467532464,0.9459459459459459
0.032497678737233054,0.9459459459459459
0.032527881040892194,0.9459459459459459
0.03255813953488372,0.9459459459459459
0.032588454376163874,0.9459459459459459
0.032618825722273995,0.9459459459459459
0.03264925373134328,0.9459459459459459
0.032679738562091505,0.9459459459459459
0.03271028037383177,0.9459459459459459
0.03274087932647334,0.9459459459459459
0.03277153558052434,0.9459459459459459
0.03280224929709466,0.9459459459459459
0.03283302063789869,0.9459459459459459
0.03286384976525822,0.9459459459459459
0.03289473684210526,0.9459459459459459
0.03292568203198495,0.9459459459459459
0.03295668549905838,0.9459459459459459
0.03298774740810556,0.9459459459459459
0.0330188679245283,0.9459459459459459
0.033050047214353166,0.9459459459459459
0.0330812854442344,0.9459459459459459
0.033112582781456956,0.9459459459459459
0.03314393939393939,0.9459459459459459
0.03317535545023697,0.9459459459459459
0.03320683111954459,0.9459459459459459
0.03323836657169991,0.9459459459459459
0.03326996197718631,0.9459459459459459
0.03330161750713606,0.9459459459459459
0.03333333333333333,0.9459459459459459
0.03336510962821735,0.9459459459459459
0.033396946564885496,0.9459459459459459
0.033428844317096466,0.9459459459459459
0.033460803059273424,0.9459459459459459
0.03349282296650718,0.9459459459459459
0.033524904214559385,0.9459459459459459
0.03355704697986577,0.9459459459459459
0.03358925143953935,0.9459459459459459
0.03362151777137368,0.9459459459459459
0.03365384615384615,0.9459459459459459
0.03368623676612127,0.9459459459459459
0.03371868978805395,0.9459459459459459
0.033751205400192864,0.9459459459459459
0.033783783783783786,0.9459459459459459
0.033816425120772944,0.9459459459459459
0.033849129593810444,0.9459459459459459
0.03388189738625363,0.9459459459459459
0.03391472868217054,0.9459459459459459
0.03394762366634336,0.9459459459459459
0.03398058252427184,0.9459459459459459
0.034013605442176874,0.9459459459459459
0.03404669260700389,0.9459459459459459
0.034079844206426485,0.9459459459459459
0.0341130604288499,0.9459459459459459
0.03414634146341464,0.9459459459459459
0.0341796875,0.9459459459459459
0.03421309872922776,0.9459459459459459
0.03424657534246575,0.9459459459459459
0.034280117531831536,0.9459459459459459
0.03431372549019608,0.9459459459459459
0.03434739941118744,0.9459459459459459
0.0343811394891945,0.9459459459459459
0.0344149459193707,0.9459459459459459
0.0344488188976378,0.9459459459459459
0.034482758620689655,0.9459459459459459
0.03451676528599606,0.9459459459459459
0.034550839091806514,0.9459459459459459
0.03458498023715415,0.9459459459459459
0.03461918892185954,0.9459459459459459
0.034653465346534656,0.9459459459459459
0.03468780971258672,0.9459459459459459
0.034722222222222224,0.9459459459459459
0.03475670307845084,0.9459459459459459
0.03479125248508946,0.9459459459459459
0.03383084577114428,0.918918918918919
0.03386454183266932,0.918918918918919
0.03389830508474576,0.918918918918919
0.033932135728542916,0.918918918918919
0.03396603396603397,0.918918918918919
0.034,0.918918918918919
0.03403403403403404,0.918918918918919
0.03406813627254509,0.918918918918919
0.034102306920762285,0.918918918918919
0.03413654618473896,0.918918918918919
0.034170854271356785,0.918918918918919
0.03420523138832998,0.918918918918919
0.03423967774420947,0.918918918918919
0.034274193548387094,0.918918918918919
0.034308779011099896,0.918918918918919
0.03434343434343434,0.918918918918919
0.034378159757330634,0.918918918918919
0.03441295546558704,0.918918918918919
0.034447821681864235,0.918918918918919
0.034482758620689655,0.918918918918919
0.03451776649746193,0.918918918918919
0.034552845528455285,0.918918918918919
0.03458799593082401,0.918918918918919
0.034623217922606926,0.918918918918919
0.034658511722731905,0.918918918918919
0.03469387755102041,0.918918918918919
0.03472931562819203,0.918918918918919
0.034764826175869123,0.918918918918919
0.03480040941658137,0.918918918918919
0.03483606557377049,0.918918918918919
0.03487179487179487,0.918918918918919
0.03490759753593429,0.918918918918919
0.03494347379239465,0.918918918918919
0.03497942386831276,0.918918918918919
0.035015447991761074,0.918918918918919
0.03505154639175258,0.918918918918919
0.03508771929824561,0.918918918918919
0.03512396694214876,0.918918918918919
0.03516028955532575,0.918918918918919
0.035196687370600416,0.918918918918919
0.035233160621761656,0.918918918918919
0.035269709543568464,0.918918918918919
0.035306334371754934,0.918918918918919
0.035343035343035345,0.918918918918919
0.03537981269510926,0.918918918918919
0.035416666666666666,0.918918918918919
0.035453597497393116,0.918918918918919
0.03549060542797495,0.918918918918919
0.035527690700104496,0.918918918918919
0.03556485355648536,0.918918918918919
0.0356020942408377,0.918918918918919
0.03563941299790356,0.918918918918919
0.035676810073452254,0.918918918918919
0.03571428571428571,0.918918918918919
0.035751840168243953,0.918918918918919
0.035789473684210524,0.918918918918919
0.03582718651211802,0.918918918918919
0.035864978902953586,0.918918918918919
0.03590285110876452,0.918918918918919
0.035940803382663845,0.918918918918919
0.03597883597883598,0.918918918918919
0.036016949152542374,0.918918918918919
0.036055143160127257,0.918918918918919
0.036093418259023353,0.918918918918919
0.036131774707757705,0.918918918918919
0.036170212765957444,0.918918918918919
0.0362087326943557,0.918918918918919
0.03624733475479744,0.918918918918919
0.03628601921024546,0.918918918918919
0.03632478632478633,0.918918918918919
0.03636363636363636,0.918918918918919
0.03640256959314775,0.918918918918919
0.03644158628081458,0.918918918918919
0.03648068669527897,0.918918918918919
0.036519871106337275,0.918918918918919
0.03655913978494624,0.918918918918919
0.03659849300322928,0.918918918918919
0.036637931034482756,0.918918918918919
0.036677454153182305,0.918918918918919
0.0367170626349892,0.918918918918919
0.036756756756756756,0.918918918918919
0.0367965367965368,0.918918918918919
0.03683640303358613,0.918918918918919
0.0368763557483731,0.918918918918919
0.03691639522258415,0.918918918918919
0.03695652173913044,0.918918918918919
0.036996735582154515,0.918918918918919
0.037037037037037035,0.918918918918919
0.03707742639040349,0.918918918918919
0.03711790393013101,0.918918918918919
0.03715846994535519,0.918918918918919
0.037199124726477024,0.918918918918919
0.03723986856516977,0.918918918918919
0.03728070175438596,0.918918918918919
0.03732162458836443,0.918918918918919
0.03736263736263736,0.918918918918919
0.0374037403740374,0.918918918918919
0.037444933920704845,0.918918918918919
0.037486218302094816,0.918918918918919
0.037527593818984545,0.918918918918919
0.03756906077348066,0.918918918918919
0.03761061946902655,0.918918918918919
0.03765227021040975,0.918918918918919
0.037694013303769404,0.918918918918919
0.03773584905660377,0.918918918918919
0.03777777777777778,0.918918918918919
0.03781979977753059,0.918918918918919
0.0378619153674833,0.918918918918919
0.0379041248606466,0.918918918918919
0.03794642857142857,0.918918918918919
0.03798882681564246,0.918918918918919
0.03803131991051454,0.918918918918919
0.03807390817469205,0.918918918918919
0.03811659192825112,0.918918918918919
0.038159371492704826,0.918918918918919
0.038202247191011236,0.918918918918919
0.03824521934758155,0.918918918918919
0.038288288288288286,0.918918918918919
0.038331454340473504,0.918918918918919
0.03837471783295711,0.918918918918919
0.0384180790960452,0.918918918918919
0.038461538461538464,0.918918918918919
0.03850509626274066,0.918918918918919
0.03854875283446712,0.918918918918919
0.03859250851305335,0.918918918918919
0.038636363636363635,0.918918918918919
0.038680318543799774,0.918918918918919
0.0387243735763098,0.918918918918919
0.03876852907639681,0.918918918918919
0.03881278538812785,0.918918918918919
0.038857142857142854,0.918918918918919
0.038901601830663615,0.918918918918919
0.038946162657502864,0.918918918918919
0.0389908256880734,0.918918918918919
0.03903559127439724,0.918918918918919
0.03908045977011494,0.918918918918919
0.039125431530494824,0.918918918918919
0.03917050691244239,0.918918918918919
0.0392156862745098,0.918918918918919
0.03926096997690531,0.918918918918919
0.03930635838150289,0.918918918918919
0.03935185185185185,0.918918918918919
0.039397450753186555,0.918918918918919
0.03944315545243619,0.918918918918919
0.03948896631823461,0.918918918918919
0.03953488372093023,0.918918918918919
0.03958090803259604,0.918918918918919
0.039627039627039624,0.918918918918919
0.039673278879813305,0.918918918918919
0.0397196261682243,0.918918918918919
0.03976608187134503,0.918918918918919
0.03981264637002342,0.918918918918919
0.03985932004689332,0.918918918918919
0.03990610328638498,0.918918918918919
0.0399529964747356,0.918918918918919
0.04,0.918918918918919
0.04004711425206125,0.918918918918919
0.04009433962264151,0.918918918918919
0.04014167650531287,0.918918918918919
0.04018912529550828,0.918918918918919
0.040236686390532544,0.918918918918919
0.04028436018957346,0.918918918918919
0.04033214709371293,0.918918918918919
0.040380047505938245,0.918918918918919
0.04042806183115339,0.918918918918919
0.04047619047619048,0.918918918918919
0.04052443384982122,0.918918918918919
0.0405727923627685,0.918918918918919
0.04062126642771804,0.918918918918919
0.04066985645933014,0.918918918918919
0.0407185628742515,0.918918918918919
0.0407673860911271,0.918918918918919
0.04081632653061224,0.918918918918919
0.040865384615384616,0.918918918918919
0.04091456077015644,0.918918918918919
0.04096385542168675,0.918918918918919
0.04101326899879373,0.918918918918919
0.04106280193236715,0.918918918918919
0.041112454655380895,0.918918918918919
0.04116222760290557,0.918918918918919
0.041212121212121214,0.918918918918919
0.0412621359223301,0.918918918918919
0.041312272174969626,0.918918918918919
0.0413625304136253,0.918918918918919
0.04141291108404385,0.918918918918919
0.041463414634146344,0.918918918918919
0.04151404151404151,0.918918918918919
0.04156479217603912,0.918918918918919
0.0416156670746634,0.918918918918919
0.041666666666666664,0.918918918918919
0.04171779141104295,0.918918918918919
0.04176904176904177,0.918918918918919
0.041820418204182044,0.918918918918919
0.04187192118226601,0.918918918918919
0.04192355117139334,0.918918918918919
0.04197530864197531,0.918918918918919
0.0407911001236094,0.8918918918918919
0.04084158415841584,0.8918918918918919
0.040892193308550186,0.8918918918918919
0.04094292803970223,0.8918918918918919
0.040993788819875775,0.8918918918918919
0.041044776119402986,0.8918918918918919
0.0410958904109589,0.8918918918918919
0.04114713216957606,0.8918918918918919
0.04119850187265917,0.8918918918918919
0.04125,0.8918918918918919
0.04130162703379224,0.8918918918918919
0.041353383458646614,0.8918918918918919
0.04140526976160602,0.8918918918918919
0.0414572864321608,0.8918918918918919
0.04150943396226415,0.8918918918918919
0.041561712846347604,0.8918918918918919
0.0416141235813367,0.8918918918918919
0.041666666666666664,0.8918918918918919
0.041719342604298354,0.8918918918918919
0.04177215189873418,0.8918918918918919
0.04182509505703422,0.8918918918918919
0.04187817258883249,0.8918918918918919
0.04193138500635324,0.8918918918918919
0.04198473282442748,0.8918918918918919
0.04203821656050955,0.8918918918918919
0.042091836734693876,0.8918918918918919
0.0421455938697318,0.8918918918918919
0.04219948849104859,0.8918918918918919
0.04225352112676056,0.8918918918918919
0.04230769230769231,0.8918918918918919
0.04236200256739409,0.8918918918918919
0.042416452442159386,0.8918918918918919
0.04247104247104247,0.8918918918918919
0.04252577319587629,0.8918918918918919
0.04258064516129032,0.8918918918918919
0.04263565891472868,0.8918918918918919
0.042690815006468305,0.8918918918918919
0.042746113989637305,0.8918918918918919
0.042801556420233464,0.8918918918918919
0.04285714285714286,0.8918918918918919
0.04291287386215865,0.8918918918918919
0.04296875,0.8918918918918919
0.04302477183833116,0.8918918918918919
0.04308093994778068,0.8918918918918919
0.043137254901960784,0.8918918918918919
0.04319371727748691,0.8918918918918919
0.04325032765399738,0.8918918918918919
0.04330708661417323,0.8918918918918919
0.04336399474375821,0.8918918918918919
0.04342105263157895,0.8918918918918919
0.043478260869565216,0.8918918918918919
0.04353562005277045,0.8918918918918919
0.043593130779392336,0.8918918918918919
0.04365079365079365,0.8918918918918919
0.04370860927152318,0.8918918918918919
0.04376657824933687,0.8918918918918919
0.043824701195219126,0.8918918918918919
0.043882978723404256,0.8918918918918919
0.043941411451398134,0.8918918918918919
0.044,0.8918918918918919
0.044058744993324434,0.8918918918918919
0.04411764705882353,0.8918918918918919
0.04417670682730924,0.8918918918918919
0.04423592493297587,0.8918918918918919
0.04429530201342282,0.8918918918918919
0.04435483870967742,0.8918918918918919
0.04441453566621804,0.8918918918918919
0.0444743935309973,0.8918918918918919
0.044534412955465584,0.8918918918918919
0.0445945945945946,0.8918918918918919
0.044654939106901215,0.8918918918918919
0.044715447154471545,0.8918918918918919
0.04477611940298507,0.8918918918918919
0.04483695652173913,0.8918918918918919
0.044897959183673466,0.8918918918918919
0.04495912806539509,0.8918918918918919
0.045020463847203276,0.8918918918918919
0.045081967213114756,0.8918918918918919
0.04514363885088919,0.8918918918918919
0.045205479452054796,0.8918918918918919
0.04526748971193416,0.8918918918918919
0.04532967032967033,0.8918918918918919
0.0453920220082531,0.8918918918918919
0.045454545454545456,0.8918918918918919
0.04551724137931035,0.8918918918918919
0.04558011049723757,0.8918918918918919
0.04564315352697095,0.8918918918918919
0.045706371191135735,0.8918918918918919
0.04576976421636616,0.8918918918918919
0.04583333333333333,0.8918918918918919
0.0458970792767733,0.8918918918918919
0.04596100278551532,0.8918918918918919
0.04602510460251046,0.8918918918918919
0.046089385474860335,0.8918918918918919
0.046153846153846156,0.8918918918918919
0.046218487394957986,0.8918918918918919
0.04628330995792426,0.8918918918918919
0.046348314606741575,0.8918918918918919
0.046413502109704644,0.8918918918918919
0.04647887323943662,0.8918918918918919
0.0465444287729196,0.8918918918918919
0.046610169491525424,0.8918918918918919
0.04667609618104668,0.8918918918918919
0.046742209631728045,0.8918918918918919
0.04680851063829787,0.8918918918918919
0.046875,0.8918918918918919
0.04694167852062589,0.8918918918918919
0.04700854700854701,0.8918918918918919
0.047075606276747506,0.8918918918918919
0.047142857142857146,0.8918918918918919
0.04721030042918455,0.8918918918918919
0.04727793696275072,0.8918918918918919
0.047345767575322814,0.8918918918918919
0.04741379310344827,0.8918918918918919
0.04748201438848921,0.8918918918918919
0.04755043227665706,0.8918918918918919
0.047619047619047616,0.8918918918918919
0.0476878612716763,0.8918918918918919
0.04775687409551375,0.8918918918918919
0.04782608695652174,0.8918918918918919
0.047895500725689405,0.8918918918918919
0.04796511627906977,0.8918918918918919
0.048034934497816595,0.8918918918918919
0.048104956268221574,0.8918918918918919
0.04817518248175182,0.8918918918918919
0.04824561403508772,0.8918918918918919
0.048316251830161056,0.8918918918918919
0.04838709677419355,0.8918918918918919
0.048458149779735685,0.8918918918918919
0.04852941176470588,0.8918918918918919
0.048600883652430045,0.8918918918918919
0.048672566371681415,0.8918918918918919
0.04874446085672083,0.8918918918918919
0.04881656804733728,0.8918918918918919
0.04888888888888889,0.8918918918918919
0.04896142433234421,0.8918918918918919
0.04903417533432392,0.8918918918918919
0.049107142857142856,0.8918918918918919
0.04918032786885246,0.8918918918918919
0.049253731343283584,0.8918918918918919
0.04932735426008968,0.8918918918918919
0.04940119760479042,0.8918918918918919
0.049475262368815595,0.8918918918918919
0.04954954954954955,0.8918918918918919
0.04962406015037594,0.8918918918918919
0.04969879518072289,0.8918918918918919
0.049773755656108594,0.8918918918918919
0.04984894259818731,0.8918918918918919
0.049924357034795766,0.8918918918918919
0.05,0.8918918918918919
0.05007587253414264,0.8918918918918919
0.05015197568389058,0.8918918918918919
0.0502283105022831,0.8918918918918919
0.05030487804878049,0.8918918918918919
0.050381679389312976,0.8918918918918919
0.05045871559633028,0.8918918918918919
0.05053598774885146,0.8918918918918919
0.05061349693251534,0.8918918918918919
0.05069124423963134,0.8918918918918919
0.05076923076923077,0.8918918918918919
0.05084745762711865,0.8918918918918919
0.04938271604938271,0.8648648648648649
0.04945904173106646,0.8648648648648649
0.04953560371517028,0.8648648648648649
0.04961240310077519,0.8648648648648649
0.049689440993788817,0.8648648648648649
0.049766718506998445,0.8648648648648649
0.04984423676012461,0.8648648648648649
0.0499219968798752,0.8648648648648649
0.05,0.8648648648648649
0.050078247261345854,0.8648648648648649
0.050156739811912224,0.8648648648648649
0.05023547880690738,0.8648648648648649
0.050314465408805034,0.8648648648648649
0.050393700787401574,0.8648648648648649
0.050473186119873815,0.8648648648648649
0.05055292259083728,0.8648648648648649
0.05063291139240506,0.8648648648648649
0.05071315372424723,0.8648648648648649
0.050793650793650794,0.8648648648648649
0.05087440381558029,0.8648648648648649
0.050955414012738856,0.8648648648648649
0.051036682615629984,0.8648648648648649
0.051118210862619806,0.8648648648648649
0.0512,0.8648648648648649
0.05128205128205128,0.8648648648648649
0.051364365971107544,0.8648648648648649
0.05144694533762058,0.8648648648648649
0.05152979066022544,0.8648648648648649
0.05161290322580645,0.8648648648648649
0.050080775444264945,0.8378378378378378
0.05016181229773463,0.8378378378378378
0.050243111831442464,0.8378378378378378
0.05032467532467533,0.8378378378378378
0.05040650406504065,0.8378378378378378
0.050488599348534204,0.8378378378378378
0.05057096247960848,0.8378378378378378
0.05065359477124183,0.8378378378378378
0.05073649754500818,0.8378378378378378
0.05081967213114754,0.8378378378378378
0.05090311986863711,0.8378378378378378
0.05098684210526316,0.8378378378378378
0.051070840197693576,0.8378378378378378
0.05115511551155116,0.8378378378378378
0.0512396694214876,0.8378378378378378
0.05132450331125828,0.8378378378378378
0.05140961857379768,0.8378378378378378
0.05149501661129568,0.8378378378378378
0.051580698835274545,0.8378378378378378
0.051666666666666666,0.8378378378378378
0.05175292153589316,0.8378378378378378
0.051839464882943144,0.8378378378378378
0.051926298157453935,0.8378378378378378
0.05201342281879195,0.8378378378378378
0.052100840336134456,0.8378378378378378
0.05218855218855219,0.8378378378378378
0.05227655986509275,0.8378378378378378
0.052364864864864864,0.8378378378378378
0.05245346869712352,0.8378378378378378
0.05254237288135593,0.8378378378378378
0.05263157894736842,0.8378378378378378
0.05272108843537415,0.8378378378378378
0.05281090289608177,0.8378378378378378
0.052901023890784986,0.8378378378378378
0.05299145299145299,0.8378378378378378
0.053082191780821915,0.8378378378378378
0.05317324185248713,0.8378378378378378
0.05326460481099656,0.8378378378378378
0.05335628227194492,0.8378378378378378
0.05344827586206897,0.8378378378378378
0.0535405872193437,0.8378378378378378
0.05363321799307959,0.8378378378378378
0.053726169844020795,0.8378378378378378
0.05381944444444445,0.8378378378378378
0.05391304347826087,0.8378378378378378
0.05400696864111498,0.8378378378378378
0.05410122164048865,0.8378378378378378
0.05419580419580419,0.8378378378378378
0.0542907180385289,0.8378378378378378
0.054385964912280704,0.8378378378378378
0.054481546572934976,0.8378378378378378
0.05457746478873239,0.8378378378378378
0.054673721340388004,0.8378378378378378
0.054770318021201414,0.8378378378378378
0.05486725663716814,0.8378378378378378
0.0549645390070922,0.8378378378378378
0.055062166962699825,0.8378378378378378
0.05516014234875445,0.8378378378378378
0.05525846702317291,0.8378378378378378
0.055357142857142855,0.8378378378378378
0.055456171735241505,0.8378378378378378
0.05555555555555555,0.8378378378378378
0.05565529622980251,0.8378378378378378
0.05575539568345324,0.8378378378378378
0.055855855855855854,0.8378378378378378
0.05595667870036101,0.8378378378378378
0.054249547920433995,0.8108108108108109
0.05434782608695652,0.8108108108108109
0.0544464609800363,0.8108108108108109
0.05454545454545454,0.8108108108108109
0.0546448087431694,0.8108108108108109
0.05291970802919708,0.7837837837837838
0.05301645338208409,0.7837837837837838
0.05311355311355311,0.7837837837837838
0.05321100917431193,0.7837837837837838
0.05330882352941176,0.7837837837837838
0.053406998158379376,0.7837837837837838
0.05350553505535055,0.7837837837837838
0.053604436229205174,0.7837837837837838
0.053703703703703705,0.7837837837837838
0.05380333951762523,0.7837837837837838
0.05390334572490706,0.7837837837837838
0.054003724394785846,0.7837837837837838
0.054104477611940295,0.7837837837837838
0.05420560747663551,0.7837837837837838
0.054307116104868915,0.7837837837837838
0.054409005628517824,0.7837837837837838
0.05451127819548872,0.7837837837837838
0.054613935969868174,0.7837837837837838
0.052830188679245285,0.7567567567567568
0.052930056710775046,0.7567567567567568
0.05303030303030303,0.7567567567567568
0.05313092979127135,0.7567567567567568
0.053231939163498096,0.7567567567567568
0.05333333333333334,0.7567567567567568
0.05343511450381679,0.7567567567567568
0.05353728489483748,0.7567567567567568
0.05363984674329502,0.7567567567567568
0.053742802303262956,0.7567567567567568
0.05384615384615385,0.7567567567567568
0.05394990366088632,0.7567567567567568
0.05405405405405406,0.7567567567567568
0.05415860735009671,0.7567567567567568
0.05426356589147287,0.7567567567567568
0.05436893203883495,0.7567567567567568
0.054474708171206226,0.7567567567567568
0.05458089668615984,0.7567567567567568
0.0546875,0.7567567567567568
0.0547945205479452,0.7567567567567568
0.054901960784313725,0.7567567567567568
0.0550098231827112,0.7567567567567568
0.05511811023622047,0.7567567567567568
0.055226824457593686,0.7567567567567568
0.05533596837944664,0.7567567567567568
0.055445544554455446,0.7567567567567568
0.05555555555555555,0.7567567567567568
0.055666003976143144,0.7567567567567568
0.055776892430278883,0.7567567567567568
0.05588822355289421,0.7567567567567568
0.056,0.7567567567567568
0.056112224448897796,0.7567567567567568
0.05622489959839357,0.7567567567567568
0.056338028169014086,0.7567567567567568
0.056451612903225805,0.7567567567567568
0.05656565656565657,0.7567567567567568
0.05668016194331984,0.7567567567567568
0.056795131845841784,0.7567567567567568
0.056910569105691054,0.7567567567567568
0.05702647657841141,0.7567567567567568
0.05714285714285714,0.7567567567567568
0.05725971370143149,0.7567567567567568
0.05737704918032787,0.7567567567567568
0.057494866529774126,0.7567567567567568
0.05761316872427984,0.7567567567567568
0.0577319587628866,0.7567567567567568
0.05785123966942149,0.7567567567567568
0.057971014492753624,0.7567567567567568
0.058091286307053944,0.7567567567567568
0.058212058212058215,0.7567567567567568
0.058333333333333334,0.7567567567567568
0.05845511482254697,0.7567567567567568
0.058577405857740586,0.7567567567567568
0.05660377358490566,0.7297297297297297
0.05672268907563025,0.7297297297297297
0.056842105263157895,0.7297297297297297
0.056962025316455694,0.7297297297297297
0.05708245243128964,0.7297297297297297
0.057203389830508475,0.7297297297297297
0.05732484076433121,0.7297297297297297
0.0574468085106383,0.7297297297297297
0.057569296375266525,0.7297297297297297
0.057692307692307696,0.7297297297297297
0.057815845824411134,0.7297297297297297
0.05793991416309013,0.7297297297297297
0.05806451612903226,0.7297297297297297
0.05818965517241379,0.7297297297297297
0.058315334773218146,0.7297297297297297
0.05844155844155844,0.7297297297297297
0.05856832971800434,0.7297297297297297
0.058695652173913045,0.7297297297297297
0.058823529411764705,0.7297297297297297
0.05895196506550218,0.7297297297297297
0.05908096280087528,0.7297297297297297
0.05921052631578947,0.7297297297297297
0.05934065934065934,0.7297297297297297
0.05947136563876652,0.7297297297297297
0.059602649006622516,0.7297297297297297
0.059734513274336286,0.7297297297297297
0.0598669623059867,0.7297297297297297
0.06,0.7297297297297297
0.060133630289532294,0.7297297297297297
0.060267857142857144,0.7297297297297297
0.06040268456375839,0.7297297297297297
0.06053811659192825,0.7297297297297297
0.060674157303370786,0.7297297297297297
0.060810810810810814,0.7297297297297297
0.060948081264108354,0.7297297297297297
0.06108597285067873,0.7297297297297297
0.061224489795918366,0.7297297297297297
0.06136363636363636,0.7297297297297297
0.06150341685649203,0.7297297297297297
0.06164383561643835,0.7297297297297297
0.06178489702517163,0.7297297297297297
0.06192660550458716,0.7297297297297297
0.06206896551724138,0.7297297297297297
0.06221198156682028,0.7297297297297297
0.06235565819861432,0.7297297297297297
0.0625,0.7297297297297297
0.06264501160092807,0.7297297297297297
0.06279069767441861,0.7297297297297297
0.06293706293706294,0.7297297297297297
0.0630841121495327,0.7297297297297297
0.06323185011709602,0.7297297297297297
0.06338028169014084,0.7297297297297297
0.06352941176470588,0.7297297297297297
0.06367924528301887,0.7297297297297297
0.06382978723404255,0.7297297297297297
0.06398104265402843,0.7297297297297297
0.06413301662707839,0.7297297297297297
0.06428571428571428,0.7297297297297297
0.06443914081145585,0.7297297297297297
0.0645933014354067,0.7297297297297297
0.06474820143884892,0.7297297297297297
0.06490384615384616,0.7297297297297297
0.06506024096385542,0.7297297297297297
0.06521739130434782,0.7297297297297297
0.06537530266343826,0.7297297297297297
0.06553398058252427,0.7297297297297297
0.06569343065693431,0.7297297297297297
0.06585365853658537,0.7297297297297297
0.06601466992665037,0.7297297297297297
0.0661764705882353,0.7297297297297297
0.06633906633906633,0.7297297297297297
0.0665024630541872,0.7297297297297297
0.06666666666666667,0.7297297297297297
0.06683168316831684,0.7297297297297297
0.06699751861042183,0.7297297297297297
0.06716417910447761,0.7297297297297297
0.06733167082294264,0.7297297297297297
0.0675,0.7297297297297297
0.06766917293233082,0.7297297297297297
0.0678391959798995,0.7297297297297297
0.06801007556675064,0.7297297297297297
0.06818181818181818,0.7297297297297297
0.06835443037974684,0.7297297297297297
0.06852791878172589,0.7297297297297297
0.06870229007633588,0.7297297297297297
0.06887755102040816,0.7297297297297297
0.06905370843989769,0.7297297297297297
0.06923076923076923,0.7297297297297297
0.06940874035989718,0.7297297297297297
0.06958762886597938,0.7297297297297297
0.06976744186046512,0.7297297297297297
0.06994818652849741,0.7297297297297297
0.07012987012987013,0.7297297297297297
0.0703125,0.7297297297297297
0.07049608355091384,0.7297297297297297
0.07068062827225131,0.7297297297297297
0.07086614173228346,0.7297297297297297
0.07105263157894737,0.7297297297297297
0.0712401055408971,0.7297297297297297
0.07142857142857142,0.7297297297297297
0.07161803713527852,0.7297297297297297
0.07180851063829788,0.7297297297297297
0.072,0.7297297297297297
0.07219251336898395,0.7297297297297297
0.07238605898123325,0.7297297297297297
0.07258064516129033,0.7297297297297297
0.07277628032345014,0.7297297297297297
0.07297297297297298,0.7297297297297297
0.07317073170731707,0.7297297297297297
0.07336956521739131,0.7297297297297297
0.07356948228882834,0.7297297297297297
0.07377049180327869,0.7297297297297297
0.07397260273972603,0.7297297297297297
0.07417582417582418,0.7297297297297297
0.0743801652892562,0.7297297297297297
0.07458563535911603,0.7297297297297297
0.07479224376731301,0.7297297297297297
0.075,0.7297297297297297
0.07520891364902507,0.7297297297297297
0.07541899441340782,0.7297297297297297
0.07563025210084033,0.7297297297297297
0.07584269662921349,0.7297297297297297
0.07605633802816901,0.7297297297297297
0.07627118644067797,0.7297297297297297
0.0764872521246459,0.7297297297297297
0.07670454545454546,0.7297297297297297
0.07692307692307693,0.7297297297297297
0.07714285714285714,0.7297297297297297
0.07736389684813753,0.7297297297297297
0.07758620689655173,0.7297297297297297
0.07780979827089338,0.7297297297297297
0.07803468208092486,0.7297297297297297
0.0782608695652174,0.7297297297297297
0.07848837209302326,0.7297297297297297
0.07871720116618076,0.7297297297297297
0.07894736842105263,0.7297297297297297
0.07917888563049853,0.7297297297297297
0.07941176470588235,0.7297297297297297
0.07964601769911504,0.7297297297297297
0.07988165680473373,0.7297297297297297
0.08011869436201781,0.7297297297297297
0.08035714285714286,0.7297297297297297
0.08059701492537313,0.7297297297297297
0.08083832335329341,0.7297297297297297
0.08108108108108109,0.7297297297297297
0.08132530120481928,0.7297297297297297
0.08157099697885196,0.7297297297297297
0.08181818181818182,0.7297297297297297
0.08206686930091185,0.7297297297297297
0.08231707317073171,0.7297297297297297
0.08256880733944955,0.7297297297297297
0.08282208588957055,0.7297297297297297
0.08307692307692308,0.7297297297297297
0.08333333333333333,0.7297297297297297
0.08359133126934984,0.7297297297297297
0.08074534161490683,0.7027027027027027
0.08099688473520249,0.7027027027027027
0.08125,0.7027027027027027
0.08150470219435736,0.7027027027027027
0.08176100628930817,0.7027027027027027
0.08201892744479496,0.7027027027027027
0.08227848101265822,0.7027027027027027
0.08253968253968254,0.7027027027027027
0.08280254777070063,0.7027027027027027
0.08306709265175719,0.7027027027027027
0.08333333333333333,0.7027027027027027
0.08360128617363344,0.7027027027027027
0.08387096774193549,0.7027027027027027
0.08414239482200647,0.7027027027027027
0.08441558441558442,0.7027027027027027
0.08469055374592833,0.7027027027027027
0.08496732026143791,0.7027027027027027
0.08524590163934426,0.7027027027027027
0.08552631578947369,0.7027027027027027
0.0858085808580858,0.7027027027027027
0.08609271523178808,0.7027027027027027
0.08637873754152824,0.7027027027027027
0.08666666666666667,0.7027027027027027
0.08695652173913043,0.7027027027027027
0.087248322147651,0.7027027027027027
0.08754208754208755,0.7027027027027027
0.08783783783783784,0.7027027027027027
0.08813559322033898,0.7027027027027027
0.08843537414965986,0.7027027027027027
0.08873720136518772,0.7027027027027027
0.08904109589041095,0.7027027027027027
0.08934707903780069,0.7027027027027027
0.0896551724137931,0.7027027027027027
0.08996539792387544,0.7027027027027027
0.09027777777777778,0.7027027027027027
0.09059233449477352,0.7027027027027027
0.09090909090909091,0.7027027027027027
0.0912280701754386,0.7027027027027027
0.09154929577464789,0.7027027027027027
0.09187279151943463,0.7027027027027027
0.09219858156028368,0.7027027027027027
0.09252669039145907,0.7027027027027027
0.09285714285714286,0.7027027027027027
0.0931899641577061,0.7027027027027027
0.09352517985611511,0.7027027027027027
0.09386281588447654,0.7027027027027027
0.09420289855072464,0.7027027027027027
0.09454545454545454,0.7027027027027027
0.0948905109489051,0.7027027027027027
0.09523809523809523,0.7027027027027027
0.09558823529411764,0.7027027027027027
0.0959409594095941,0.7027027027027027
0.0962962962962963,0.7027027027027027
0.09665427509293681,0.7027027027027027
0.09701492537313433,0.7027027027027027
0.09737827715355805,0.7027027027027027
0.09774436090225563,0.7027027027027027
0.09811320754716982,0.7027027027027027
0.09848484848484848,0.7027027027027027
0.09885931558935361,0.7027027027027027
0.09923664122137404,0.7027027027027027
0.09961685823754789,0.7027027027027027
0.1,0.7027027027027027
0.10038610038610038,0.7027027027027027
0.10077519379844961,0.7027027027027027
0.10116731517509728,0.7027027027027027
0.1015625,0.7027027027027027
0.10196078431372549,0.7027027027027027
0.10236220472440945,0.7027027027027027
0.10276679841897234,0.7027027027027027
0.10317460317460317,0.7027027027027027
0.10358565737051793,0.7027027027027027
0.104,0.7027027027027027
0.10441767068273092,0.7027027027027027
0.10483870967741936,0.7027027027027027
0.10526315789473684,0.7027027027027027
0.10569105691056911,0.7027027027027027
0.10612244897959183,0.7027027027027027
0.10655737704918032,0.7027027027027027
0.10699588477366255,0.7027027027027027
0.10330578512396695,0.6756756756756757
0.1037344398340249,0.6756756756756757
0.10416666666666667,0.6756756756756757
0.10460251046025104,0.6756756756756757
0.10504201680672269,0.6756756756756757
0.10548523206751055,0.6756756756756757
0.1059322033898305,0.6756756756756757
0.10638297872340426,0.6756756756756757
0.10683760683760683,0.6756756756756757
0.1072961373390558,0.6756756756756757
0.10775862068965517,0.6756756756756757
0.10822510822510822,0.6756756756756757
0.10869565217391304,0.6756756756756757
0.1091703056768559,0.6756756756756757
0.10964912280701754,0.6756756756756757
0.11013215859030837,0.6756756756756757
0.11061946902654868,0.6756756756756757
0.1111111111111111,0.6756756756756757
0.11160714285714286,0.6756756756756757
0.11210762331838565,0.6756756756756757
0.11261261261261261,0.6756756756756757
0.11312217194570136,0.6756756756756757
0.11363636363636363,0.6756756756756757
0.1141552511415525,0.6756756756756757
0.11467889908256881,0.6756756756756757
0.1152073732718894,0.6756756756756757
0.11574074074074074,0.6756756756756757
0.11627906976744186,0.6756756756756757
0.11682242990654206,0.6756756756756757
0.11737089201877934,0.6756756756756757
0.1179245283018868,0.6756756756756757
0.11848341232227488,0.6756756756756757
0.11904761904761904,0.6756756756756757
0.11961722488038277,0.6756756756756757
0.11538461538461539,0.6486486486486487
0.11594202898550725,0.6486486486486487
0.11650485436893204,0.6486486486486487
0.11707317073170732,0.6486486486486487
0.11764705882352941,0.6486486486486487
0.11822660098522167,0.6486486486486487
0.1188118811881188,0.6486486486486487
0.11940298507462686,0.6486486486486487
0.12,0.6486486486486487
0.12060301507537688,0.6486486486486487
0.12121212121212122,0.6486486486486487
0.1218274111675127,0.6486486486486487
0.12244897959183673,0.6486486486486487
0.12307692307692308,0.6486486486486487
0.12371134020618557,0.6486486486486487
0.12435233160621761,0.6486486486486487
0.125,0.6486486486486487
0.1256544502617801,0.6486486486486487
0.12631578947368421,0.6486486486486487
0.12698412698412698,0.6486486486486487
0.1276595744680851,0.6486486486486487
0.12834224598930483,0.6486486486486487
0.12903225806451613,0.6486486486486487
0.12972972972972974,0.6486486486486487
0.13043478260869565,0.6486486486486487
0.13114754098360656,0.6486486486486487
0.13186813186813187,0.6486486486486487
0.13259668508287292,0.6486486486486487
0.13333333333333333,0.6486486486486487
0.1340782122905028,0.6486486486486487
0.1348314606741573,0.6486486486486487
0.13559322033898305,0.6486486486486487
0.13636363636363635,0.6486486486486487
0.13714285714285715,0.6486486486486487
0.13793103448275862,0.6486486486486487
0.13872832369942195,0.6486486486486487
0.13953488372093023,0.6486486486486487
0.14035087719298245,0.6486486486486487
0.1411764705882353,0.6486486486486487
0.14201183431952663,0.6486486486486487
0.14285714285714285,0.6486486486486487
0.1437125748502994,0.6486486486486487
0.14457831325301204,0.6486486486486487
0.14545454545454545,0.6486486486486487
0.14634146341463414,0.6486486486486487
0.147239263803681,0.6486486486486487
0.14814814814814814,0.6486486486486487
0.14906832298136646,0.6486486486486487
0.15,0.6486486486486487
0.1509433962264151,0.6486486486486487
0.1518987341772152,0.6486486486486487
0.15286624203821655,0.6486486486486487
0.15384615384615385,0.6486486486486487
0.15483870967741936,0.6486486486486487
0.15584415584415584,0.6486486486486487
0.1568627450980392,0.6486486486486487
0.15789473684210525,0.6486486486486487
0.15894039735099338,0.6486486486486487
0.16,0.6486486486486487
0.1610738255033557,0.6486486486486487
0.16216216216216217,0.6486486486486487
0.16326530612244897,0.6486486486486487
0.1643835616438356,0.6486486486486487
0.16551724137931034,0.6486486486486487
0.16666666666666666,0.6486486486486487
0.16783216783216784,0.6486486486486487
0.16901408450704225,0.6486486486486487
0.1702127659574468,0.6486486486486487
0.17142857142857143,0.6486486486486487
0.17266187050359713,0.6486486486486487
0.17391304347826086,0.6486486486486487
0.17518248175182483,0.6486486486486487
0.17647058823529413,0.6486486486486487
0.17777777777777778,0.6486486486486487
0.1791044776119403,0.6486486486486487
0.18045112781954886,0.6486486486486487
0.18181818181818182,0.6486486486486487
0.183206106870229,0.6486486486486487
0.18461538461538463,0.6486486486486487
0.18604651162790697,0.6486486486486487
0.1875,0.6486486486486487
0.1889763779527559,0.6486486486486487
0.19047619047619047,0.6486486486486487
0.192,0.6486486486486487
0.1935483870967742,0.6486486486486487
0.1951219512195122,0.6486486486486487
0.19672131147540983,0.6486486486486487
0.19834710743801653,0.6486486486486487
0.2,0.6486486486486487
0.20168067226890757,0.6486486486486487
0.2033898305084746,0.6486486486486487
0.20512820512820512,0.6486486486486487
0.20689655172413793,0.6486486486486487
0.20869565217391303,0.6486486486486487
0.21052631578947367,0.6486486486486487
0.21238938053097345,0.6486486486486487
0.21428571428571427,0.6486486486486487
0.21621621621621623,0.6486486486486487
0.21818181818181817,0.6486486486486487
0.22018348623853212,0.6486486486486487
0.2222222222222222,0.6486486486486487
0.22429906542056074,0.6486486486486487
0.22641509433962265,0.6486486486486487
0.22857142857142856,0.6486486486486487
0.23076923076923078,0.6486486486486487
0.22330097087378642,0.6216216216216216
0.22549019607843138,0.6216216216216216
0.22772277227722773,0.6216216216216216
0.23,0.6216216216216216
0.23232323232323232,0.6216216216216216
0.23469387755102042,0.6216216216216216
0.23711340206185566,0.6216216216216216
0.23958333333333334,0.6216216216216216
0.24210526315789474,0.6216216216216216
0.24468085106382978,0.6216216216216216
0.24731182795698925,0.6216216216216216
0.25,0.6216216216216216
0.25274725274725274,0.6216216216216216
0.25555555555555554,0.6216216216216216
0.25842696629213485,0.6216216216216216
0.26136363636363635,0.6216216216216216
0.26436781609195403,0.6216216216216216
0.26744186046511625,0.6216216216216216
0.27058823529411763,0.6216216216216216
0.27380952380952384,0.6216216216216216
0.27710843373493976,0.6216216216216216
0.2804878048780488,0.6216216216216216
0.2839506172839506,0.6216216216216216
0.2875,0.6216216216216216
0.2911392405063291,0.6216216216216216
0.2948717948717949,0.6216216216216216
0.2987012987012987,0.6216216216216216
0.3026315789473684,0.6216216216216216
0.30666666666666664,0.6216216216216216
0.3108108108108108,0.6216216216216216
0.3150684931506849,0.6216216216216216
0.3194444444444444,0.6216216216216216
0.323943661971831,0.6216216216216216
0.32857142857142857,0.6216216216216216
0.3333333333333333,0.6216216216216216
0.3382352941176471,0.6216216216216216
0.34328358208955223,0.6216216216216216
0.3484848484848485,0.6216216216216216
0.35384615384615387,0.6216216216216216
0.359375,0.6216216216216216
0.36507936507936506,0.6216216216216216
0.3709677419354839,0.6216216216216216
0.36065573770491804,0.5945945945945946
0.36666666666666664,0.5945945945945946
0.3728813559322034,0.5945945945945946
0.3620689655172414,0.5675675675675675
0.3508771929824561,0.5405405405405406
0.35714285714285715,0.5405405405405406
0.36363636363636365,0.5405405405405406
0.35185185185185186,0.5135135135135135
0.3584905660377358,0.5135135135135135
0.36538461538461536,0.5135135135135135
0.37254901960784315,0.5135135135135135
0.38,0.5135135135135135
0.3877551020408163,0.5135135135135135
0.3958333333333333,0.5135135135135135
0.40425531914893614,0.5135135135135135
0.41304347826086957,0.5135135135135135
0.4222222222222222,0.5135135135135135
0.4318181818181818,0.5135135135135135
0.4418604651162791,0.5135135135135135
0.4523809523809524,0.5135135135135135
0.4634146341463415,0.5135135135135135
0.475,0.5135135135135135
0.48717948717948717,0.5135135135135135
0.5,0.5135135135135135
0.5135135135135135,0.5135135135135135
0.5,0.4864864864864865
0.5142857142857142,0.4864864864864865
0.5294117647058824,0.4864864864864865
0.5454545454545454,0.4864864864864865
0.53125,0.4594594594594595
0.5483870967741935,0.4594594594594595
0.5666666666666667,0.4594594594594595
0.5517241379310345,0.43243243243243246
0.5714285714285714,0.43243243243243246
0.5555555555555556,0.40540540540540543
0.5769230769230769,0.40540540540540543
0.6,0.40540540540540543
0.5833333333333334,0.3783783783783784
0.6086956521739131,0.3783783783783784
0.6363636363636364,0.3783783783783784
0.6190476190476191,0.35135135135135137
0.65,0.35135135135135137
0.6842105263157895,0.35135135135135137
0.7222222222222222,0.35135135135135137
0.7058823529411765,0.32432432432432434
0.75,0.32432432432432434
0.7333333333333333,0.2972972972972973
0.7857142857142857,0.2972972972972973
0.7692307692307693,0.2702702702702703
0.75,0.24324324324324326
0.7272727272727273,0.21621621621621623
0.8,0.21621621621621623
0.8888888888888888,0.21621621621621623
0.875,0.1891891891891892
0.8571428571428571,0.16216216216216217
0.8333333333333334,0.13513513513513514
1.0,0.13513513513513514
1.0,0.10810810810810811
1.0,0.08108108108108109
1.0,0.05405405405405406
1.0,0.02702702702702703
1.0,0.0
