Precision,Recall
0.02177751618599176,1.0
0.02120141342756184,0.972972972972973
0.02121390689451974,0.972972972972973
0.02122641509433962,0.972972972972973
0.021238938053097345,0.972972972972973
0.021251475796930343,0.972972972972973
0.021264028352037802,0.972972972972973
0.02127659574468085,0.972972972972973
0.021289178001182733,0.972972972972973
0.021301775147928994,0.972972972972973
0.021314387211367674,0.972972972972973
0.02132701421800948,0.972972972972973
0.02133965619442798,0.972972972972973
0.021352313167259787,0.972972972972973
0.021364985163204748,0.972972972972973
0.021377672209026127,0.972972972972973
0.0213903743315508,0.972972972972973
0.02140309155766944,0.972972972972973
0.021415823914336704,0.972972972972973
0.02142857142857143,0.972972972972973
0.02144133412745682,0.972972972972973
0.021454112038140644,0.972972972972973
0.02146690518783542,0.972972972972973
0.021479713603818614,0.972972972972973
0.021492537313432834,0.972972972972973
0.021505376344086023,0.972972972972973
0.021518230723251645,0.972972972972973
0.0215311004784689,0.972972972972973
0.02154398563734291,0.972972972972973
0.02155688622754491,0.972972972972973
0.02156980227681246,0.972972972972973
0.02158273381294964,0.972972972972973
0.021595680863827234,0.972972972972973
0.021608643457382955,0.972972972972973
0.021621621621621623,0.972972972972973
0.021634615384615384,0.972972972972973
0.02164762477450391,0.972972972972973
0.021660649819494584,0.972972972972973
0.021673690547862733,0.972972972972973
0.021686746987951807,0.972972972972973
0.0216998191681736,0.972972972972973
0.021712907117008445,0.972972972972973
0.02172601086300543,0.972972972972973
0.021739130434782608,0.972972972972973
0.02175226586102719,0.972972972972973
0.02176541717049577,0.972972972972973
0.021778584392014518,0.972972972972973
0.021791767554479417,0.972972972972973
0.021804966686856452,0.972972972972973
0.02181818181818182,0.972972972972973
0.021831412977562158,0.972972972972973
0.021844660194174758,0.972972972972973
0.02185792349726776,0.972972972972973
0.02187120291616039,0.972972972972973
0.02188449848024316,0.972972972972973
0.021897810218978103,0.972972972972973
0.021911138161898967,0.972972972972973
0.02192448233861145,0.972972972972973
0.021937842778793418,0.972972972972973
0.02195121951219512,0.972972972972973
0.021964612568639415,0.972972972972973
0.02197802197802198,0.972972972972973
0.021991447770311544,0.972972972972973
0.022004889975550123,0.972972972972973
0.022018348623853212,0.972972972972973
0.022031823745410038,0.972972972972973
0.02204531537048377,0.972972972972973
0.022058823529411766,0.972972972972973
0.022072348252605765,0.972972972972973
0.022085889570552148,0.972972972972973
0.022099447513812154,0.972972972972973
0.022113022113022112,0.972972972972973
0.022126613398893668,0.972972972972973
0.02214022140221402,0.972972972972973
0.022153846153846152,0.972972972972973
0.022167487684729065,0.972972972972973
0.022181146025878003,0.972972972972973
0.02219482120838471,0.972972972972973
0.022208513263417645,0.972972972972973
0.022222222222222223,0.972972972972973
0.022235948116121063,0.972972972972973
0.022249690976514216,0.972972972972973
0.022263450834879406,0.972972972972973
0.022277227722772276,0.972972972972973
0.022291021671826627,0.972972972972973
0.022304832713754646,0.972972972972973
0.022318660880347178,0.972972972972973
0.022332506203473945,0.972972972972973
0.0223463687150838,0.972972972972973
0.02236024844720497,0.972972972972973
0.022374145431945307,0.972972972972973
0.022388059701492536,0.972972972972973
0.0224019912881145,0.972972972972973
0.0224159402241594,0.972972972972973
0.022429906542056073,0.972972972972973
0.022443890274314215,0.972972972972973
0.022457891453524642,0.972972972972973
0.02247191011235955,0.972972972972973
0.022485946283572766,0.972972972972973
0.0225,0.972972972972973
0.0225140712945591,0.972972972972973
0.02252816020025031,0.972972972972973
0.022542266750156543,0.972972972972973
0.022556390977443608,0.972972972972973
0.0225705329153605,0.972972972972973
0.02258469259723965,0.972972972972973
0.022598870056497175,0.972972972972973
0.022613065326633167,0.972972972972973
0.02262727844123193,0.972972972972973
0.022641509433962263,0.972972972972973
0.022655758338577723,0.972972972972973
0.022670025188916875,0.972972972972973
0.022684310018903593,0.972972972972973
0.02269861286254729,0.972972972972973
0.022712933753943218,0.972972972972973
0.022727272727272728,0.972972972972973
0.022741629816803537,0.972972972972973
0.022756005056890013,0.972972972972973
0.022770398481973434,0.972972972972973
0.02278481012658228,0.972972972972973
0.022799240025332488,0.972972972972973
0.022813688212927757,0.972972972972973
0.022828154724159798,0.972972972972973
0.02284263959390863,0.972972972972973
0.022857142857142857,0.972972972972973
0.022871664548919948,0.972972972972973
0.02288620470438652,0.972972972972973
0.022900763358778626,0.972972972972973
0.022915340547422024,0.972972972972973
0.022929936305732482,0.972972972972973
0.022944550669216062,0.972972972972973
0.02295918367346939,0.972972972972973
0.02297383535417996,0.972972972972973
0.022988505747126436,0.972972972972973
0.023003194888178913,0.972972972972973
0.023017902813299233,0.972972972972973
0.023032629558541268,0.972972972972973
0.023047375160051217,0.972972972972973
0.023062139654067906,0.972972972972973
0.023076923076923078,0.972972972972973
0.023091725465041693,0.972972972972973
0.023106546854942234,0.972972972972973
0.023121387283236993,0.972972972972973
0.02313624678663239,0.972972972972973
0.02315112540192926,0.972972972972973
0.023166023166023165,0.972972972972973
0.0231809401159047,0.972972972972973
0.023195876288659795,0.972972972972973
0.02321083172147002,0.972972972972973
0.023225806451612905,0.972972972972973
0.023240800516462233,0.972972972972973
0.023255813953488372,0.972972972972973
0.023270846800258566,0.972972972972973
0.02328589909443726,0.972972972972973
0.02330097087378641,0.972972972972973
0.023316062176165803,0.972972972972973
0.023331173039533377,0.972972972972973
0.023346303501945526,0.972972972972973
0.02336145360155743,0.972972972972973
0.023376623376623377,0.972972972972973
0.023391812865497075,0.972972972972973
0.02340702210663199,0.972972972972973
0.02342225113858165,0.972972972972973
0.0234375,0.972972972972973
0.023452768729641693,0.972972972972973
0.02346805736636245,0.972972972972973
0.023483365949119372,0.972972972972973
0.02349869451697128,0.972972972972973
0.023514043109079032,0.972972972972973
0.023529411764705882,0.972972972972973
0.02354480052321779,0.972972972972973
0.02356020942408377,0.972972972972973
0.023575638506876228,0.972972972972973
0.023591087811271297,0.972972972972973
0.02360655737704918,0.972972972972973
0.023622047244094488,0.972972972972973
0.023637557452396585,0.972972972972973
0.023653088042049936,0.972972972972973
0.023668639053254437,0.972972972972973
0.02368421052631579,0.972972972972973
0.02369980250164582,0.972972972972973
0.023715415019762844,0.972972972972973
0.023731048121292023,0.972972972972973
0.023746701846965697,0.972972972972973
0.023762376237623763,0.972972972972973
0.023778071334214,0.972972972972973
0.023793787177792465,0.972972972972973
0.023809523809523808,0.972972972972973
0.02382528127068167,0.972972972972973
0.02384105960264901,0.972972972972973
0.02385685884691849,0.972972972972973
0.023872679045092837,0.972972972972973
0.023888520238885203,0.972972972972973
0.02390438247011952,0.972972972972973
0.023920265780730896,0.972972972972973
0.023936170212765957,0.972972972972973
0.023952095808383235,0.972972972972973
0.023968042609853527,0.972972972972973
0.023984010659560292,0.972972972972973
0.024,0.972972972972973
0.02401601067378252,0.972972972972973
0.02403204272363151,0.972972972972973
0.02404809619238477,0.972972972972973
0.02406417112299465,0.972972972972973
0.024080267558528427,0.972972972972973
0.024096385542168676,0.972972972972973
0.024112525117213665,0.972972972972973
0.024128686327077747,0.972972972972973
0.02414486921529175,0.972972972972973
0.024161073825503355,0.972972972972973
0.0241773002014775,0.972972972972973
0.024193548387096774,0.972972972972973
0.0242098184263618,0.972972972972973
0.024226110363391656,0.972972972972973
0.024242424242424242,0.972972972972973
0.02425876010781671,0.972972972972973
0.024275118004045852,0.972972972972973
0.024291497975708502,0.972972972972973
0.024307900067521943,0.972972972972973
0.024324324324324326,0.972972972972973
0.02434077079107505,0.972972972972973
0.02435723951285521,0.972972972972973
0.024373730534867976,0.972972972972973
0.024390243902439025,0.972972972972973
0.02440677966101695,0.972972972972973
0.024423337856173677,0.972972972972973
0.024439918533604887,0.972972972972973
0.024456521739130436,0.972972972972973
0.024473147518694765,0.972972972972973
0.024489795918367346,0.972972972972973
0.02450646698434309,0.972972972972973
0.02452316076294278,0.972972972972973
0.024539877300613498,0.972972972972973
0.02455661664392906,0.972972972972973
0.023890784982935155,0.9459459459459459
0.02390710382513661,0.9459459459459459
0.023923444976076555,0.9459459459459459
0.023939808481532147,0.9459459459459459
0.023956194387405885,0.9459459459459459
0.023972602739726026,0.9459459459459459
0.023989033584647018,0.9459459459459459
0.02400548696844993,0.9459459459459459
0.024021962937542895,0.9459459459459459
0.02403846153846154,0.9459459459459459
0.024054982817869417,0.9459459459459459
0.024071526822558458,0.9459459459459459
0.024088093599449415,0.9459459459459459
0.024104683195592287,0.9459459459459459
0.024121295658166782,0.9459459459459459
0.02413793103448276,0.9459459459459459
0.024154589371980676,0.9459459459459459
0.024171270718232045,0.9459459459459459
0.024187975120939877,0.9459459459459459
0.024204702627939143,0.9459459459459459
0.02422145328719723,0.9459459459459459
0.024238227146814405,0.9459459459459459
0.024255024255024255,0.9459459459459459
0.024271844660194174,0.9459459459459459
0.024288688410825817,0.9459459459459459
0.024305555555555556,0.9459459459459459
0.024322446143154968,0.9459459459459459
0.024339360222531293,0.9459459459459459
0.024356297842727904,0.9459459459459459
0.02437325905292479,0.9459459459459459
0.024390243902439025,0.9459459459459459
0.024407252440725245,0.9459459459459459
0.024424284717376135,0.9459459459459459
0.024441340782122904,0.9459459459459459
0.02445842068483578,0.9459459459459459
0.024475524475524476,0.9459459459459459
0.0244926522043387,0.9459459459459459
0.024509803921568627,0.9459459459459459
0.02452697967764541,0.9459459459459459
0.024544179523141654,0.9459459459459459
0.02456140350877193,0.9459459459459459
0.02457865168539326,0.9459459459459459
0.024595924104005622,0.9459459459459459
0.02461322081575246,0.9459459459459459
0.024630541871921183,0.9459459459459459
0.02464788732394366,0.9459459459459459
0.02466525722339676,0.9459459459459459
0.02468265162200282,0.9459459459459459
0.024700070571630206,0.9459459459459459
0.024717514124293787,0.9459459459459459
0.024734982332155476,0.9459459459459459
0.024752475247524754,0.9459459459459459
0.024769992922859165,0.9459459459459459
0.024787535410764873,0.9459459459459459
0.024805102763997167,0.9459459459459459
0.024822695035460994,0.9459459459459459
0.0248403122782115,0.9459459459459459
0.024857954545454544,0.9459459459459459
0.024875621890547265,0.9459459459459459
0.024893314366998577,0.9459459459459459
0.02491103202846975,0.9459459459459459
0.02492877492877493,0.9459459459459459
0.024946543121881683,0.9459459459459459
0.024964336661911554,0.9459459459459459
0.024982155603140613,0.9459459459459459
0.025,0.9459459459459459
0.02501786990707648,0.9459459459459459
0.02503576537911302,0.9459459459459459
0.025053686471009307,0.9459459459459459
0.025071633237822348,0.9459459459459459
0.025089605734767026,0.9459459459459459
0.025107604017216643,0.9459459459459459
0.02512562814070352,0.9459459459459459
0.02514367816091954,0.9459459459459459
0.02516175413371675,0.9459459459459459
0.025179856115107913,0.9459459459459459
0.0251979841612671,0.9459459459459459
0.02521613832853026,0.9459459459459459
0.025234318673395817,0.9459459459459459
0.025252525252525252,0.9459459459459459
0.02527075812274368,0.9459459459459459
0.025289017341040464,0.9459459459459459
0.025307302964569775,0.9459459459459459
0.02532561505065123,0.9459459459459459
0.025343953656770456,0.9459459459459459
0.025362318840579712,0.9459459459459459
0.025380710659898477,0.9459459459459459
0.02539912917271408,0.9459459459459459
0.025417574437182282,0.9459459459459459
0.025436046511627907,0.9459459459459459
0.025454545454545455,0.9459459459459459
0.025473071324599708,0.9459459459459459
0.025491624180626365,0.9459459459459459
0.025510204081632654,0.9459459459459459
0.025528811086797956,0.9459459459459459
0.025547445255474453,0.9459459459459459
0.02556610664718773,0.9459459459459459
0.025584795321637425,0.9459459459459459
0.025603511338697878,0.9459459459459459
0.02562225475841874,0.9459459459459459
0.02564102564102564,0.9459459459459459
0.025659824046920823,0.9459459459459459
0.025678650036683785,0.9459459459459459
0.02569750367107195,0.9459459459459459
0.025716385011021307,0.9459459459459459
0.025735294117647058,0.9459459459459459
0.025754231052244298,0.9459459459459459
0.02577319587628866,0.9459459459459459
0.025792188651436992,0.9459459459459459
0.025811209439528023,0.9459459459459459
0.025830258302583026,0.9459459459459459
0.0258493353028065,0.9459459459459459
0.025868440502586843,0.9459459459459459
0.025887573964497042,0.9459459459459459
0.025906735751295335,0.9459459459459459
0.025925925925925925,0.9459459459459459
0.025945144551519646,0.9459459459459459
0.02596439169139466,0.9459459459459459
0.025983667409057165,0.9459459459459459
0.02600297176820208,0.9459459459459459
0.026022304832713755,0.9459459459459459
0.026041666666666668,0.9459459459459459
0.026061057334326135,0.9459459459459459
0.02608047690014903,0.9459459459459459
0.02609992542878449,0.9459459459459459
0.026119402985074626,0.9459459459459459
0.026138909634055265,0.9459459459459459
0.026158445440956652,0.9459459459459459
0.02617801047120419,0.9459459459459459
0.02619760479041916,0.9459459459459459
0.026217228464419477,0.9459459459459459
0.02623688155922039,0.9459459459459459
0.02625656414103526,0.9459459459459459
0.026276276276276277,0.9459459459459459
0.02629601803155522,0.9459459459459459
0.02631578947368421,0.9459459459459459
0.02633559066967645,0.9459459459459459
0.02635542168674699,0.9459459459459459
0.02637528259231349,0.9459459459459459
0.026395173453996983,0.9459459459459459
0.026415094339622643,0.9459459459459459
0.026435045317220542,0.9459459459459459
0.026455026455026454,0.9459459459459459
0.0264750378214826,0.9459459459459459
0.026495079485238455,0.9459459459459459
0.026515151515151516,0.9459459459459459
0.026535253980288095,0.9459459459459459
0.026555386949924126,0.9459459459459459
0.026575550493545937,0.9459459459459459
0.026595744680851064,0.9459459459459459
0.026615969581749048,0.9459459459459459
0.02663622526636225,0.9459459459459459
0.026656511805026657,0.9459459459459459
0.026676829268292682,0.9459459459459459
0.02669717772692601,0.9459459459459459
0.026717557251908396,0.9459459459459459
0.026737967914438502,0.9459459459459459
0.026758409785932722,0.9459459459459459
0.026778882938026015,0.9459459459459459
0.02679938744257274,0.9459459459459459
0.02681992337164751,0.9459459459459459
0.026840490797546013,0.9459459459459459
0.02686108979278588,0.9459459459459459
0.026881720430107527,0.9459459459459459
0.026902382782475018,0.9459459459459459
0.026923076923076925,0.9459459459459459
0.026943802925327175,0.9459459459459459
0.026964560862865947,0.9459459459459459
0.026985350809560524,0.9459459459459459
0.02700617283950617,0.9459459459459459
0.02702702702702703,0.9459459459459459
0.02704791344667697,0.9459459459459459
0.027068832173240527,0.9459459459459459
0.027089783281733747,0.9459459459459459
0.027110766847405113,0.9459459459459459
0.027131782945736434,0.9459459459459459
0.027152831652443754,0.9459459459459459
0.02717391304347826,0.9459459459459459
0.027195027195027196,0.9459459459459459
0.027216174183514776,0.9459459459459459
0.027237354085603113,0.9459459459459459
0.027258566978193146,0.9459459459459459
0.027279812938425563,0.9459459459459459
0.027301092043681748,0.9459459459459459
0.0273224043715847,0.9459459459459459
0.02734375,0.9459459459459459
0.027365129007036748,0.9459459459459459
0.027386541471048513,0.9459459459459459
0.0274079874706343,0.9459459459459459
0.0274294670846395,0.9459459459459459
0.027450980392156862,0.9459459459459459
0.027472527472527472,0.9459459459459459
0.02749410840534171,0.9459459459459459
0.027515723270440252,0.9459459459459459
0.02753737214791503,0.9459459459459459
0.027559055118110236,0.9459459459459459
0.027580772261623327,0.9459459459459459
0.027602523659305992,0.9459459459459459
0.027624309392265192,0.9459459459459459
0.02764612954186414,0.9459459459459459
0.02766798418972332,0.9459459459459459
0.027689873417721517,0.9459459459459459
0.027711797307996833,0.9459459459459459
0.0277337559429477,0.9459459459459459
0.02775574940523394,0.9459459459459459
0.027777777777777776,0.9459459459459459
0.02779984114376489,0.9459459459459459
0.02782193958664547,0.9459459459459459
0.02784407319013524,0.9459459459459459
0.02786624203821656,0.9459459459459459
0.027888446215139442,0.9459459459459459
0.027910685805422646,0.9459459459459459
0.027932960893854747,0.9459459459459459
0.027955271565495207,0.9459459459459459
0.027977617905675458,0.9459459459459459
0.028,0.9459459459459459
0.02802241793434748,0.9459459459459459
0.028044871794871796,0.9459459459459459
0.028067361668003207,0.9459459459459459
0.028089887640449437,0.9459459459459459
0.028112449799196786,0.9459459459459459
0.028135048231511254,0.9459459459459459
0.02815768302493966,0.9459459459459459
0.02818035426731079,0.9459459459459459
0.028203062046736505,0.9459459459459459
0.028225806451612902,0.9459459459459459
0.02824858757062147,0.9459459459459459
0.02827140549273021,0.9459459459459459
0.028294260307194827,0.9459459459459459
0.02831715210355987,0.9459459459459459
0.02834008097165992,0.9459459459459459
0.028363047001620744,0.9459459459459459
0.028386050283860504,0.9459459459459459
0.028409090909090908,0.9459459459459459
0.02843216896831844,0.9459459459459459
0.028455284552845527,0.9459459459459459
0.028478437754271765,0.9459459459459459
0.028501628664495113,0.9459459459459459
0.02852485737571312,0.9459459459459459
0.028548123980424143,0.9459459459459459
0.02857142857142857,0.9459459459459459
0.028594771241830064,0.9459459459459459
0.028618152085036794,0.9459459459459459
0.028641571194762683,0.9459459459459459
0.028665028665028666,0.9459459459459459
0.028688524590163935,0.9459459459459459
0.02871205906480722,0.9459459459459459
0.028735632183908046,0.9459459459459459
0.02875924404272802,0.9459459459459459
0.028782894736842105,0.9459459459459459
0.02880658436213992,0.9459459459459459
0.028830313014827018,0.9459459459459459
0.028854080791426217,0.9459459459459459
0.028877887788778877,0.9459459459459459
0.028901734104046242,0.9459459459459459
0.028925619834710745,0.9459459459459459
0.028949545078577336,0.9459459459459459
0.028973509933774833,0.9459459459459459
0.02899751449875725,0.9459459459459459
0.02902155887230514,0.9459459459459459
0.029045643153526972,0.9459459459459459
0.029069767441860465,0.9459459459459459
0.029093931837073983,0.9459459459459459
0.029118136439267885,0.9459459459459459
0.029142381348875937,0.9459459459459459
0.029166666666666667,0.9459459459459459
0.029190992493744787,0.9459459459459459
0.02921535893155259,0.9459459459459459
0.029239766081871343,0.9459459459459459
0.029264214046822744,0.9459459459459459
0.029288702928870293,0.9459459459459459
0.02931323283082077,0.9459459459459459
0.02933780385582565,0.9459459459459459
0.02936241610738255,0.9459459459459459
0.02938706968933669,0.9459459459459459
0.029411764705882353,0.9459459459459459
0.02943650126156434,0.9459459459459459
0.029461279461279462,0.9459459459459459
0.02948609941027801,0.9459459459459459
0.02951096121416526,0.9459459459459459
0.029535864978902954,0.9459459459459459
0.02956081081081081,0.9459459459459459
0.029585798816568046,0.9459459459459459
0.02961082910321489,0.9459459459459459
0.029635901778154106,0.9459459459459459
0.029661016949152543,0.9459459459459459
0.029686174724342665,0.9459459459459459
0.029711375212224108,0.9459459459459459
0.029736618521665252,0.9459459459459459
0.02976190476190476,0.9459459459459459
0.029787234042553193,0.9459459459459459
0.029812606473594547,0.9459459459459459
0.029838022165387893,0.9459459459459459
0.029863481228668942,0.9459459459459459
0.029888983774551667,0.9459459459459459
0.029914529914529916,0.9459459459459459
0.029940119760479042,0.9459459459459459
0.029965753424657533,0.9459459459459459
0.029991431019708654,0.9459459459459459
0.030017152658662092,0.9459459459459459
0.030042918454935622,0.9459459459459459
0.03006872852233677,0.9459459459459459
0.03009458297506449,0.9459459459459459
0.030120481927710843,0.9459459459459459
0.030146425495262703,0.9459459459459459
0.03017241379310345,0.9459459459459459
0.030198446937014668,0.9459459459459459
0.030224525043177894,0.9459459459459459
0.03025064822817632,0.9459459459459459
0.03027681660899654,0.9459459459459459
0.030303030303030304,0.9459459459459459
0.030329289428076257,0.9459459459459459
0.030355594102341718,0.9459459459459459
0.030381944444444444,0.9459459459459459
0.030408340573414423,0.9459459459459459
0.030434782608695653,0.9459459459459459
0.030461270670147953,0.9459459459459459
0.03048780487804878,0.9459459459459459
0.03051438535309503,0.9459459459459459
0.030541012216404886,0.9459459459459459
0.03056768558951965,0.9459459459459459
0.030594405594405596,0.9459459459459459
0.03062117235345582,0.9459459459459459
0.03064798598949212,0.9459459459459459
0.03067484662576687,0.9459459459459459
0.03070175438596491,0.9459459459459459
0.030728709394205442,0.9459459459459459
0.030755711775043937,0.9459459459459459
0.030782761653474055,0.9459459459459459
0.030809859154929578,0.9459459459459459
0.030837004405286344,0.9459459459459459
0.030864197530864196,0.9459459459459459
0.03089143865842895,0.9459459459459459
0.030918727915194347,0.9459459459459459
0.03094606542882405,0.9459459459459459
0.030973451327433628,0.9459459459459459
0.03100088573959256,0.9459459459459459
0.03102836879432624,0.9459459459459459
0.031055900621118012,0.9459459459459459
0.03108348134991119,0.9459459459459459
0.03111111111111111,0.9459459459459459
0.03113879003558719,0.9459459459459459
0.031166518254674976,0.9459459459459459
0.031194295900178252,0.9459459459459459
0.031222123104371096,0.9459459459459459
0.03125,0.9459459459459459
0.03127792672028597,0.9459459459459459
0.03130590339892665,0.9459459459459459
0.03133393017009848,0.9459459459459459
0.03136200716845878,0.9459459459459459
0.03139013452914798,0.9459459459459459
0.03141831238779174,0.9459459459459459
0.031446540880503145,0.9459459459459459
0.03147482014388489,0.9459459459459459
0.0315031503150315,0.9459459459459459
0.03153153153153153,0.9459459459459459
0.031559963931469794,0.9459459459459459
0.0315884476534296,0.9459459459459459
0.031616982836495035,0.9459459459459459
0.03164556962025317,0.9459459459459459
0.03167420814479638,0.9459459459459459
0.03170289855072464,0.9459459459459459
0.03173164097914778,0.9459459459459459
0.03176043557168784,0.9459459459459459
0.03178928247048138,0.9459459459459459
0.031818181818181815,0.9459459459459459
0.03184713375796178,0.9459459459459459
0.031876138433515486,0.9459459459459459
0.03190519598906107,0.9459459459459459
0.03193430656934307,0.9459459459459459
0.0319634703196347,0.9459459459459459
0.031992687385740404,0.9459459459459459
0.03202195791399817,0.9459459459459459
0.03205128205128205,0.9459459459459459
0.032080659945004586,0.9459459459459459
0.03211009174311927,0.9459459459459459
0.03213957759412305,0.9459459459459459
0.03216911764705882,0.9459459459459459
0.03219871205151794,0.9459459459459459
0.03222836095764273,0.9459459459459459
0.03225806451612903,0.9459459459459459
0.03228782287822878,0.9459459459459459
0.03139427516158818,0.918918918918919
0.031423290203327174,0.918918918918919
0.03145235892691952,0.918918918918919
0.03148148148148148,0.918918918918919
0.03151065801668211,0.918918918918919
0.03153988868274583,0.918918918918919
0.031569173630454965,0.918918918918919
0.031598513011152414,0.918918918918919
0.03162790697674418,0.918918918918919
0.03165735567970205,0.918918918918919
0.03168685927306617,0.918918918918919
0.03171641791044776,0.918918918918919
0.031746031746031744,0.918918918918919
0.03177570093457944,0.918918918918919
0.031805425631431246,0.918918918918919
0.031835205992509365,0.918918918918919
0.031865042174320526,0.918918918918919
0.03189493433395872,0.918918918918919
0.03192488262910798,0.918918918918919
0.03195488721804511,0.918918918918919
0.03198494825964252,0.918918918918919
0.032015065913371,0.918918918918919
0.03204524033930255,0.918918918918919
0.03207547169811321,0.918918918918919
0.03210576015108593,0.918918918918919
0.03213610586011342,0.918918918918919
0.03216650898770104,0.918918918918919
0.032196969696969696,0.918918918918919
0.03222748815165877,0.918918918918919
0.03225806451612903,0.918918918918919
0.032288698955365625,0.918918918918919
0.03231939163498099,0.918918918918919
0.03235014272121789,0.918918918918919
0.03238095238095238,0.918918918918919
0.032411820781696854,0.918918918918919
0.03244274809160305,0.918918918918919
0.03247373447946514,0.918918918918919
0.032504780114722756,0.918918918918919
0.03253588516746411,0.918918918918919
0.032567049808429116,0.918918918918919
0.032598274209012464,0.918918918918919
0.03262955854126679,0.918918918918919
0.03266090297790586,0.918918918918919
0.032692307692307694,0.918918918918919
0.032723772858517804,0.918918918918919
0.03275529865125241,0.918918918918919
0.03278688524590164,0.918918918918919
0.032818532818532815,0.918918918918919
0.03285024154589372,0.918918918918919
0.03288201160541586,0.918918918918919
0.03291384317521781,0.918918918918919
0.03294573643410853,0.918918918918919
0.03297769156159069,0.918918918918919
0.03300970873786408,0.918918918918919
0.03304178814382896,0.918918918918919
0.033073929961089495,0.918918918918919
0.033106134371957155,0.918918918918919
0.03313840155945419,0.918918918918919
0.033170731707317075,0.918918918918919
0.033203125,0.918918918918919
0.033235581622678395,0.918918918918919
0.033268101761252444,0.918918918918919
0.03330068560235064,0.918918918918919
0.03333333333333333,0.918918918918919
0.033366045142296366,0.918918918918919
0.03339882121807466,0.918918918918919
0.03343166175024582,0.918918918918919
0.03346456692913386,0.918918918918919
0.033497536945812804,0.918918918918919
0.03353057199211045,0.918918918918919
0.03356367226061204,0.918918918918919
0.03359683794466403,0.918918918918919
0.033630069238377844,0.918918918918919
0.033663366336633666,0.918918918918919
0.03369672943508424,0.918918918918919
0.03373015873015873,0.918918918918919
0.033763654419066536,0.918918918918919
0.033797216699801194,0.918918918918919
0.03383084577114428,0.918918918918919
0.03386454183266932,0.918918918918919
0.03389830508474576,0.918918918918919
0.033932135728542916,0.918918918918919
0.03396603396603397,0.918918918918919
0.034,0.918918918918919
0.03403403403403404,0.918918918918919
0.03406813627254509,0.918918918918919
0.034102306920762285,0.918918918918919
0.03413654618473896,0.918918918918919
0.034170854271356785,0.918918918918919
0.03420523138832998,0.918918918918919
0.03423967774420947,0.918918918918919
0.034274193548387094,0.918918918918919
0.034308779011099896,0.918918918918919
0.03434343434343434,0.918918918918919
0.034378159757330634,0.918918918918919
0.03441295546558704,0.918918918918919
0.034447821681864235,0.918918918918919
0.034482758620689655,0.918918918918919
0.03451776649746193,0.918918918918919
0.034552845528455285,0.918918918918919
0.03458799593082401,0.918918918918919
0.034623217922606926,0.918918918918919
0.034658511722731905,0.918918918918919
0.03469387755102041,0.918918918918919
0.03472931562819203,0.918918918918919
0.034764826175869123,0.918918918918919
0.03480040941658137,0.918918918918919
0.03483606557377049,0.918918918918919
0.03487179487179487,0.918918918918919
0.03490759753593429,0.918918918918919
0.03494347379239465,0.918918918918919
0.03497942386831276,0.918918918918919
0.035015447991761074,0.918918918918919
0.03505154639175258,0.918918918918919
0.03508771929824561,0.918918918918919
0.03512396694214876,0.918918918918919
0.03516028955532575,0.918918918918919
0.035196687370600416,0.918918918918919
0.035233160621761656,0.918918918918919
0.035269709543568464,0.918918918918919
0.035306334371754934,0.918918918918919
0.035343035343035345,0.918918918918919
0.03537981269510926,0.918918918918919
0.035416666666666666,0.918918918918919
0.035453597497393116,0.918918918918919
0.03549060542797495,0.918918918918919
0.035527690700104496,0.918918918918919
0.03556485355648536,0.918918918918919
0.0356020942408377,0.918918918918919
0.03563941299790356,0.918918918918919
0.035676810073452254,0.918918918918919
0.03571428571428571,0.918918918918919
0.035751840168243953,0.918918918918919
0.035789473684210524,0.918918918918919
0.03582718651211802,0.918918918918919
0.035864978902953586,0.918918918918919
0.03590285110876452,0.918918918918919
0.035940803382663845,0.918918918918919
0.03597883597883598,0.918918918918919
0.036016949152542374,0.918918918918919
0.036055143160127257,0.918918918918919
0.036093418259023353,0.918918918918919
0.036131774707757705,0.918918918918919
0.036170212765957444,0.918918918918919
0.0362087326943557,0.918918918918919
0.03624733475479744,0.918918918918919
0.03628601921024546,0.918918918918919
0.03632478632478633,0.918918918918919
0.03636363636363636,0.918918918918919
0.03640256959314775,0.918918918918919
0.03644158628081458,0.918918918918919
0.03648068669527897,0.918918918918919
0.036519871106337275,0.918918918918919
0.03655913978494624,0.918918918918919
0.03659849300322928,0.918918918918919
0.036637931034482756,0.918918918918919
0.036677454153182305,0.918918918918919
0.0367170626349892,0.918918918918919
0.036756756756756756,0.918918918918919
0.0367965367965368,0.918918918918919
0.03683640303358613,0.918918918918919
0.0368763557483731,0.918918918918919
0.03691639522258415,0.918918918918919
0.03695652173913044,0.918918918918919
0.036996735582154515,0.918918918918919
0.037037037037037035,0.918918918918919
0.03707742639040349,0.918918918918919
0.03711790393013101,0.918918918918919
0.03715846994535519,0.918918918918919
0.037199124726477024,0.918918918918919
0.03723986856516977,0.918918918918919
0.03728070175438596,0.918918918918919
0.03732162458836443,0.918918918918919
0.03736263736263736,0.918918918918919
0.0374037403740374,0.918918918918919
0.037444933920704845,0.918918918918919
0.037486218302094816,0.918918918918919
0.037527593818984545,0.918918918918919
0.03756906077348066,0.918918918918919
0.03761061946902655,0.918918918918919
0.03765227021040975,0.918918918918919
0.037694013303769404,0.918918918918919
0.03773584905660377,0.918918918918919
0.03777777777777778,0.918918918918919
0.03781979977753059,0.918918918918919
0.0378619153674833,0.918918918918919
0.0379041248606466,0.918918918918919
0.03794642857142857,0.918918918918919
0.03798882681564246,0.918918918918919
0.03803131991051454,0.918918918918919
0.03807390817469205,0.918918918918919
0.03811659192825112,0.918918918918919
0.038159371492704826,0.918918918918919
0.038202247191011236,0.918918918918919
0.03824521934758155,0.918918918918919
0.038288288288288286,0.918918918918919
0.038331454340473504,0.918918918918919
0.03837471783295711,0.918918918918919
0.0384180790960452,0.918918918918919
0.038461538461538464,0.918918918918919
0.03850509626274066,0.918918918918919
0.03854875283446712,0.918918918918919
0.03859250851305335,0.918918918918919
0.038636363636363635,0.918918918918919
0.038680318543799774,0.918918918918919
0.0387243735763098,0.918918918918919
0.03876852907639681,0.918918918918919
0.03881278538812785,0.918918918918919
0.038857142857142854,0.918918918918919
0.038901601830663615,0.918918918918919
0.038946162657502864,0.918918918918919
0.0389908256880734,0.918918918918919
0.03903559127439724,0.918918918918919
0.03908045977011494,0.918918918918919
0.039125431530494824,0.918918918918919
0.03917050691244239,0.918918918918919
0.0392156862745098,0.918918918918919
0.03926096997690531,0.918918918918919
0.03930635838150289,0.918918918918919
0.03935185185185185,0.918918918918919
0.039397450753186555,0.918918918918919
0.03944315545243619,0.918918918918919
0.03948896631823461,0.918918918918919
0.03953488372093023,0.918918918918919
0.03958090803259604,0.918918918918919
0.039627039627039624,0.918918918918919
0.039673278879813305,0.918918918918919
0.0397196261682243,0.918918918918919
0.03976608187134503,0.918918918918919
0.03981264637002342,0.918918918918919
0.03985932004689332,0.918918918918919
0.03990610328638498,0.918918918918919
0.0399529964747356,0.918918918918919
0.04,0.918918918918919
0.04004711425206125,0.918918918918919
0.04009433962264151,0.918918918918919
0.04014167650531287,0.918918918918919
0.04018912529550828,0.918918918918919
0.040236686390532544,0.918918918918919
0.04028436018957346,0.918918918918919
0.04033214709371293,0.918918918918919
0.040380047505938245,0.918918918918919
0.04042806183115339,0.918918918918919
0.04047619047619048,0.918918918918919
0.04052443384982122,0.918918918918919
0.0405727923627685,0.918918918918919
0.04062126642771804,0.918918918918919
0.04066985645933014,0.918918918918919
0.0407185628742515,0.918918918918919
0.0407673860911271,0.918918918918919
0.04081632653061224,0.918918918918919
0.040865384615384616,0.918918918918919
0.04091456077015644,0.918918918918919
0.04096385542168675,0.918918918918919
0.04101326899879373,0.918918918918919
0.04106280193236715,0.918918918918919
0.041112454655380895,0.918918918918919
0.04116222760290557,0.918918918918919
0.041212121212121214,0.918918918918919
0.0412621359223301,0.918918918918919
0.041312272174969626,0.918918918918919
0.0413625304136253,0.918918918918919
0.04141291108404385,0.918918918918919
0.041463414634146344,0.918918918918919
0.04151404151404151,0.918918918918919
0.04156479217603912,0.918918918918919
0.0416156670746634,0.918918918918919
0.041666666666666664,0.918918918918919
0.04171779141104295,0.918918918918919
0.04176904176904177,0.918918918918919
0.041820418204182044,0.918918918918919
0.04187192118226601,0.918918918918919
0.04192355117139334,0.918918918918919
0.04197530864197531,0.918918918918919
0.042027194066749075,0.918918918918919
0.04207920792079208,0.918918918918919
0.042131350681536554,0.918918918918919
0.04218362282878412,0.918918918918919
0.0422360248447205,0.918918918918919
0.04228855721393035,0.918918918918919
0.04234122042341221,0.918918918918919
0.04239401496259352,0.918918918918919
0.04244694132334582,0.918918918918919
0.0425,0.918918918918919
0.0425531914893617,0.918918918918919
0.042606516290726815,0.918918918918919
0.04265997490589712,0.918918918918919
0.04271356783919598,0.918918918918919
0.04150943396226415,0.8918918918918919
0.041561712846347604,0.8918918918918919
0.0416141235813367,0.8918918918918919
0.041666666666666664,0.8918918918918919
0.041719342604298354,0.8918918918918919
0.04177215189873418,0.8918918918918919
0.04182509505703422,0.8918918918918919
0.04187817258883249,0.8918918918918919
0.04193138500635324,0.8918918918918919
0.04198473282442748,0.8918918918918919
0.04203821656050955,0.8918918918918919
0.042091836734693876,0.8918918918918919
0.0421455938697318,0.8918918918918919
0.04092071611253197,0.8648648648648649
0.040973111395646605,0.8648648648648649
0.041025641025641026,0.8648648648648649
0.0410783055198973,0.8648648648648649
0.04113110539845758,0.8648648648648649
0.04118404118404118,0.8648648648648649
0.041237113402061855,0.8648648648648649
0.04129032258064516,0.8648648648648649
0.041343669250646,0.8648648648648649
0.04139715394566624,0.8648648648648649
0.04145077720207254,0.8648648648648649
0.041504539559014265,0.8648648648648649
0.04155844155844156,0.8648648648648649
0.04161248374512354,0.8648648648648649
0.041666666666666664,0.8648648648648649
0.041720990873533245,0.8648648648648649
0.04177545691906005,0.8648648648648649
0.04183006535947712,0.8648648648648649
0.041884816753926704,0.8648648648648649
0.04193971166448231,0.8648648648648649
0.04199475065616798,0.8648648648648649
0.04204993429697766,0.8648648648648649
0.042105263157894736,0.8648648648648649
0.04216073781291173,0.8648648648648649
0.04221635883905013,0.8648648648648649
0.04227212681638045,0.8648648648648649
0.042328042328042326,0.8648648648648649
0.0423841059602649,0.8648648648648649
0.042440318302387266,0.8648648648648649
0.04249667994687915,0.8648648648648649
0.0425531914893617,0.8648648648648649
0.0426098535286285,0.8648648648648649
0.042666666666666665,0.8648648648648649
0.042723631508678236,0.8648648648648649
0.0427807486631016,0.8648648648648649
0.0428380187416332,0.8648648648648649
0.04289544235924933,0.8648648648648649
0.042953020134228186,0.8648648648648649
0.041666666666666664,0.8378378378378378
0.04172274562584118,0.8378378378378378
0.04177897574123989,0.8378378378378378
0.04183535762483131,0.8378378378378378
0.041891891891891894,0.8378378378378378
0.04194857916102842,0.8378378378378378
0.04200542005420054,0.8378378378378378
0.04206241519674356,0.8378378378378378
0.042119565217391304,0.8378378378378378
0.04217687074829932,0.8378378378378378
0.04223433242506812,0.8378378378378378
0.04229195088676671,0.8378378378378378
0.04234972677595628,0.8378378378378378
0.04240766073871409,0.8378378378378378
0.04246575342465753,0.8378378378378378
0.04252400548696845,0.8378378378378378
0.042582417582417584,0.8378378378378378
0.04264099037138927,0.8378378378378378
0.04269972451790634,0.8378378378378378
0.04275862068965517,0.8378378378378378
0.04281767955801105,0.8378378378378378
0.042876901798063624,0.8378378378378378
0.04293628808864266,0.8378378378378378
0.04299583911234397,0.8378378378378378
0.043055555555555555,0.8378378378378378
0.043115438108484005,0.8378378378378378
0.04317548746518106,0.8378378378378378
0.043235704323570434,0.8378378378378378
0.04329608938547486,0.8378378378378378
0.043356643356643354,0.8378378378378378
0.04341736694677871,0.8378378378378378
0.043478260869565216,0.8378378378378378
0.042134831460674156,0.8108108108108109
0.04219409282700422,0.8108108108108109
0.04225352112676056,0.8108108108108109
0.04231311706629055,0.8108108108108109
0.0423728813559322,0.8108108108108109
0.042432814710042434,0.8108108108108109
0.042492917847025496,0.8108108108108109
0.0425531914893617,0.8108108108108109
0.04261363636363636,0.8108108108108109
0.04267425320056899,0.8108108108108109
0.042735042735042736,0.8108108108108109
0.042796005706134094,0.8108108108108109
0.04285714285714286,0.8108108108108109
0.04291845493562232,0.8108108108108109
0.04297994269340974,0.8108108108108109
0.043041606886657105,0.8108108108108109
0.04310344827586207,0.8108108108108109
0.04316546762589928,0.8108108108108109
0.043227665706051875,0.8108108108108109
0.04329004329004329,0.8108108108108109
0.04335260115606936,0.8108108108108109
0.04341534008683068,0.8108108108108109
0.043478260869565216,0.8108108108108109
0.04354136429608128,0.8108108108108109
0.0436046511627907,0.8108108108108109
0.043668122270742356,0.8108108108108109
0.043731778425655975,0.8108108108108109
0.043795620437956206,0.8108108108108109
0.043859649122807015,0.8108108108108109
0.043923865300146414,0.8108108108108109
0.04398826979472141,0.8108108108108109
0.04405286343612335,0.8108108108108109
0.04411764705882353,0.8108108108108109
0.044182621502209134,0.8108108108108109
0.04424778761061947,0.8108108108108109
0.04431314623338257,0.8108108108108109
0.04437869822485207,0.8108108108108109
0.044444444444444446,0.8108108108108109
0.04451038575667656,0.8108108108108109
0.04457652303120357,0.8108108108108109
0.044642857142857144,0.8108108108108109
0.044709388971684055,0.8108108108108109
0.04477611940298507,0.8108108108108109
0.04484304932735426,0.8108108108108109
0.04491017964071856,0.8108108108108109
0.044977511244377814,0.8108108108108109
0.04504504504504504,0.8108108108108109
0.045112781954887216,0.8108108108108109
0.045180722891566265,0.8108108108108109
0.04524886877828054,0.8108108108108109
0.045317220543806644,0.8108108108108109
0.0453857791225416,0.8108108108108109
0.045454545454545456,0.8108108108108109
0.04552352048558422,0.8108108108108109
0.04559270516717325,0.8108108108108109
0.045662100456621,0.8108108108108109
0.04573170731707317,0.8108108108108109
0.04580152671755725,0.8108108108108109
0.04434250764525994,0.7837837837837838
0.0444104134762634,0.7837837837837838
0.04447852760736196,0.7837837837837838
0.0445468509984639,0.7837837837837838
0.04461538461538461,0.7837837837837838
0.04468412942989214,0.7837837837837838
0.044753086419753084,0.7837837837837838
0.04482225656877898,0.7837837837837838
0.04489164086687306,0.7837837837837838
0.04496124031007752,0.7837837837837838
0.04503105590062112,0.7837837837837838
0.04510108864696734,0.7837837837837838
0.045171339563862926,0.7837837837837838
0.0452418096723869,0.7837837837837838
0.0453125,0.7837837837837838
0.04538341158059468,0.7837837837837838
0.045454545454545456,0.7837837837837838
0.04552590266875981,0.7837837837837838
0.04559748427672956,0.7837837837837838
0.04566929133858268,0.7837837837837838
0.04574132492113565,0.7837837837837838
0.045813586097946286,0.7837837837837838
0.04588607594936709,0.7837837837837838
0.04595879556259905,0.7837837837837838
0.046031746031746035,0.7837837837837838
0.046104928457869634,0.7837837837837838
0.04617834394904458,0.7837837837837838
0.046251993620414676,0.7837837837837838
0.0463258785942492,0.7837837837837838
0.0464,0.7837837837837838
0.046474358974358976,0.7837837837837838
0.04654895666131621,0.7837837837837838
0.04662379421221865,0.7837837837837838
0.04669887278582931,0.7837837837837838
0.0467741935483871,0.7837837837837838
0.046849757673667204,0.7837837837837838
0.04692556634304207,0.7837837837837838
0.04700162074554295,0.7837837837837838
0.04707792207792208,0.7837837837837838
0.04715447154471545,0.7837837837837838
0.04560260586319218,0.7567567567567568
0.04567699836867863,0.7567567567567568
0.0457516339869281,0.7567567567567568
0.04582651391162029,0.7567567567567568
0.04590163934426229,0.7567567567567568
0.04597701149425287,0.7567567567567568
0.046052631578947366,0.7567567567567568
0.04612850082372323,0.7567567567567568
0.0462046204620462,0.7567567567567568
0.04628099173553719,0.7567567567567568
0.046357615894039736,0.7567567567567568
0.04643449419568822,0.7567567567567568
0.046511627906976744,0.7567567567567568
0.04658901830282862,0.7567567567567568
0.04666666666666667,0.7567567567567568
0.04674457429048414,0.7567567567567568
0.046822742474916385,0.7567567567567568
0.04690117252931323,0.7567567567567568
0.04697986577181208,0.7567567567567568
0.047058823529411764,0.7567567567567568
0.04713804713804714,0.7567567567567568
0.047217537942664416,0.7567567567567568
0.0472972972972973,0.7567567567567568
0.047377326565143825,0.7567567567567568
0.04745762711864407,0.7567567567567568
0.04753820033955857,0.7567567567567568
0.047619047619047616,0.7567567567567568
0.04770017035775128,0.7567567567567568
0.04778156996587031,0.7567567567567568
0.04786324786324787,0.7567567567567568
0.04794520547945205,0.7567567567567568
0.048027444253859346,0.7567567567567568
0.048109965635738834,0.7567567567567568
0.04819277108433735,0.7567567567567568
0.04827586206896552,0.7567567567567568
0.04835924006908463,0.7567567567567568
0.04844290657439446,0.7567567567567568
0.04852686308492201,0.7567567567567568
0.04861111111111111,0.7567567567567568
0.04869565217391304,0.7567567567567568
0.04878048780487805,0.7567567567567568
0.04886561954624782,0.7567567567567568
0.04895104895104895,0.7567567567567568
0.04903677758318739,0.7567567567567568
0.04912280701754386,0.7567567567567568
0.0492091388400703,0.7567567567567568
0.04929577464788732,0.7567567567567568
0.04938271604938271,0.7567567567567568
0.04946996466431095,0.7567567567567568
0.049557522123893805,0.7567567567567568
0.04964539007092199,0.7567567567567568
0.0497335701598579,0.7567567567567568
0.0498220640569395,0.7567567567567568
0.049910873440285206,0.7567567567567568
0.05,0.7567567567567568
0.05008944543828265,0.7567567567567568
0.05017921146953405,0.7567567567567568
0.05026929982046679,0.7567567567567568
0.050359712230215826,0.7567567567567568
0.05045045045045045,0.7567567567567568
0.05054151624548736,0.7567567567567568
0.05063291139240506,0.7567567567567568
0.050724637681159424,0.7567567567567568
0.050816696914700546,0.7567567567567568
0.05090909090909091,0.7567567567567568
0.051001821493624776,0.7567567567567568
0.051094890510948905,0.7567567567567568
0.051188299817184646,0.7567567567567568
0.05128205128205128,0.7567567567567568
0.05137614678899083,0.7567567567567568
0.051470588235294115,0.7567567567567568
0.05156537753222836,0.7567567567567568
0.05166051660516605,0.7567567567567568
0.051756007393715345,0.7567567567567568
0.05185185185185185,0.7567567567567568
0.05009276437847866,0.7297297297297297
0.05018587360594796,0.7297297297297297
0.05027932960893855,0.7297297297297297
0.05037313432835821,0.7297297297297297
0.05046728971962617,0.7297297297297297
0.05056179775280899,0.7297297297297297
0.05065666041275797,0.7297297297297297
0.05075187969924812,0.7297297297297297
0.05084745762711865,0.7297297297297297
0.0509433962264151,0.7297297297297297
0.05103969754253308,0.7297297297297297
0.05113636363636364,0.7297297297297297
0.051233396584440226,0.7297297297297297
0.051330798479087454,0.7297297297297297
0.05142857142857143,0.7297297297297297
0.05152671755725191,0.7297297297297297
0.05162523900573614,0.7297297297297297
0.05172413793103448,0.7297297297297297
0.05182341650671785,0.7297297297297297
0.051923076923076926,0.7297297297297297
0.05202312138728324,0.7297297297297297
0.052123552123552123,0.7297297297297297
0.05222437137330754,0.7297297297297297
0.05232558139534884,0.7297297297297297
0.05242718446601942,0.7297297297297297
0.05252918287937743,0.7297297297297297
0.05263157894736842,0.7297297297297297
0.052734375,0.7297297297297297
0.05283757338551859,0.7297297297297297
0.052941176470588235,0.7297297297297297
0.05304518664047151,0.7297297297297297
0.0531496062992126,0.7297297297297297
0.05325443786982249,0.7297297297297297
0.0533596837944664,0.7297297297297297
0.053465346534653464,0.7297297297297297
0.05357142857142857,0.7297297297297297
0.0536779324055666,0.7297297297297297
0.053784860557768925,0.7297297297297297
0.05389221556886228,0.7297297297297297
0.054,0.7297297297297297
0.05410821643286573,0.7297297297297297
0.05421686746987952,0.7297297297297297
0.05432595573440644,0.7297297297297297
0.05443548387096774,0.7297297297297297
0.05454545454545454,0.7297297297297297
0.05465587044534413,0.7297297297297297
0.05476673427991886,0.7297297297297297
0.054878048780487805,0.7297297297297297
0.054989816700611,0.7297297297297297
0.05510204081632653,0.7297297297297297
0.05521472392638037,0.7297297297297297
0.055327868852459015,0.7297297297297297
0.055441478439425054,0.7297297297297297
0.05555555555555555,0.7297297297297297
0.05567010309278351,0.7297297297297297
0.05578512396694215,0.7297297297297297
0.055900621118012424,0.7297297297297297
0.056016597510373446,0.7297297297297297
0.056133056133056136,0.7297297297297297
0.05625,0.7297297297297297
0.05636743215031315,0.7297297297297297
0.056485355648535567,0.7297297297297297
0.05660377358490566,0.7297297297297297
0.05672268907563025,0.7297297297297297
0.056842105263157895,0.7297297297297297
0.056962025316455694,0.7297297297297297
0.05708245243128964,0.7297297297297297
0.057203389830508475,0.7297297297297297
0.05732484076433121,0.7297297297297297
0.0574468085106383,0.7297297297297297
0.057569296375266525,0.7297297297297297
0.057692307692307696,0.7297297297297297
0.057815845824411134,0.7297297297297297
0.05793991416309013,0.7297297297297297
0.05806451612903226,0.7297297297297297
0.05818965517241379,0.7297297297297297
0.058315334773218146,0.7297297297297297
0.05844155844155844,0.7297297297297297
0.05856832971800434,0.7297297297297297
0.058695652173913045,0.7297297297297297
0.058823529411764705,0.7297297297297297
0.05895196506550218,0.7297297297297297
0.05908096280087528,0.7297297297297297
0.05921052631578947,0.7297297297297297
0.05934065934065934,0.7297297297297297
0.05947136563876652,0.7297297297297297
0.059602649006622516,0.7297297297297297
0.059734513274336286,0.7297297297297297
0.0598669623059867,0.7297297297297297
0.06,0.7297297297297297
0.060133630289532294,0.7297297297297297
0.060267857142857144,0.7297297297297297
0.06040268456375839,0.7297297297297297
0.06053811659192825,0.7297297297297297
0.060674157303370786,0.7297297297297297
0.060810810810810814,0.7297297297297297
0.060948081264108354,0.7297297297297297
0.06108597285067873,0.7297297297297297
0.061224489795918366,0.7297297297297297
0.06136363636363636,0.7297297297297297
0.06150341685649203,0.7297297297297297
0.06164383561643835,0.7297297297297297
0.06178489702517163,0.7297297297297297
0.06192660550458716,0.7297297297297297
0.06206896551724138,0.7297297297297297
0.06221198156682028,0.7297297297297297
0.06235565819861432,0.7297297297297297
0.0625,0.7297297297297297
0.06264501160092807,0.7297297297297297
0.06279069767441861,0.7297297297297297
0.06293706293706294,0.7297297297297297
0.0630841121495327,0.7297297297297297
0.06323185011709602,0.7297297297297297
0.06338028169014084,0.7297297297297297
0.06352941176470588,0.7297297297297297
0.06367924528301887,0.7297297297297297
0.06382978723404255,0.7297297297297297
0.061611374407582936,0.7027027027027027
0.06175771971496437,0.7027027027027027
0.06190476190476191,0.7027027027027027
0.06205250596658711,0.7027027027027027
0.06220095693779904,0.7027027027027027
0.06235011990407674,0.7027027027027027
0.0625,0.7027027027027027
0.06265060240963856,0.7027027027027027
0.06280193236714976,0.7027027027027027
0.06295399515738499,0.7027027027027027
0.06310679611650485,0.7027027027027027
0.06326034063260341,0.7027027027027027
0.06341463414634146,0.7027027027027027
0.06356968215158924,0.7027027027027027
0.06372549019607843,0.7027027027027027
0.06388206388206388,0.7027027027027027
0.06403940886699508,0.7027027027027027
0.06419753086419754,0.7027027027027027
0.06435643564356436,0.7027027027027027
0.06451612903225806,0.7027027027027027
0.06467661691542288,0.7027027027027027
0.06483790523690773,0.7027027027027027
0.065,0.7027027027027027
0.06516290726817042,0.7027027027027027
0.06532663316582915,0.7027027027027027
0.0654911838790932,0.7027027027027027
0.06565656565656566,0.7027027027027027
0.06582278481012659,0.7027027027027027
0.06598984771573604,0.7027027027027027
0.06615776081424936,0.7027027027027027
0.0663265306122449,0.7027027027027027
0.06649616368286446,0.7027027027027027
0.06666666666666667,0.7027027027027027
0.06683804627249357,0.7027027027027027
0.06701030927835051,0.7027027027027027
0.06718346253229975,0.7027027027027027
0.06735751295336788,0.7027027027027027
0.06753246753246753,0.7027027027027027
0.06770833333333333,0.7027027027027027
0.06788511749347259,0.7027027027027027
0.06806282722513089,0.7027027027027027
0.06824146981627296,0.7027027027027027
0.06842105263157895,0.7027027027027027
0.06860158311345646,0.7027027027027027
0.06878306878306878,0.7027027027027027
0.06896551724137931,0.7027027027027027
0.06914893617021277,0.7027027027027027
0.06933333333333333,0.7027027027027027
0.06951871657754011,0.7027027027027027
0.06970509383378017,0.7027027027027027
0.06989247311827956,0.7027027027027027
0.07008086253369272,0.7027027027027027
0.07027027027027027,0.7027027027027027
0.07046070460704607,0.7027027027027027
0.07065217391304347,0.7027027027027027
0.07084468664850137,0.7027027027027027
0.07103825136612021,0.7027027027027027
0.0684931506849315,0.6756756756756757
0.06868131868131869,0.6756756756756757
0.06887052341597796,0.6756756756756757
0.06906077348066299,0.6756756756756757
0.06925207756232687,0.6756756756756757
0.06944444444444445,0.6756756756756757
0.06963788300835655,0.6756756756756757
0.06983240223463687,0.6756756756756757
0.0700280112044818,0.6756756756756757
0.0702247191011236,0.6756756756756757
0.07042253521126761,0.6756756756756757
0.07062146892655367,0.6756756756756757
0.0708215297450425,0.6756756756756757
0.07102272727272728,0.6756756756756757
0.07122507122507123,0.6756756756756757
0.07142857142857142,0.6756756756756757
0.07163323782234957,0.6756756756756757
0.07183908045977011,0.6756756756756757
0.07204610951008646,0.6756756756756757
0.07225433526011561,0.6756756756756757
0.07246376811594203,0.6756756756756757
0.07267441860465117,0.6756756756756757
0.0728862973760933,0.6756756756756757
0.07309941520467836,0.6756756756756757
0.07331378299120235,0.6756756756756757
0.07352941176470588,0.6756756756756757
0.07374631268436578,0.6756756756756757
0.07396449704142012,0.6756756756756757
0.07418397626112759,0.6756756756756757
0.0744047619047619,0.6756756756756757
0.07462686567164178,0.6756756756756757
0.0748502994011976,0.6756756756756757
0.07507507507507508,0.6756756756756757
0.07530120481927711,0.6756756756756757
0.0755287009063444,0.6756756756756757
0.07575757575757576,0.6756756756756757
0.07598784194528875,0.6756756756756757
0.07621951219512195,0.6756756756756757
0.0764525993883792,0.6756756756756757
0.07668711656441718,0.6756756756756757
0.07692307692307693,0.6756756756756757
0.07716049382716049,0.6756756756756757
0.07739938080495357,0.6756756756756757
0.07763975155279502,0.6756756756756757
0.0778816199376947,0.6756756756756757
0.078125,0.6756756756756757
0.07836990595611286,0.6756756756756757
0.07861635220125786,0.6756756756756757
0.07886435331230283,0.6756756756756757
0.07911392405063292,0.6756756756756757
0.07936507936507936,0.6756756756756757
0.07961783439490445,0.6756756756756757
0.07987220447284345,0.6756756756756757
0.08012820512820513,0.6756756756756757
0.08038585209003216,0.6756756756756757
0.08064516129032258,0.6756756756756757
0.08090614886731391,0.6756756756756757
0.08116883116883117,0.6756756756756757
0.08143322475570032,0.6756756756756757
0.08169934640522876,0.6756756756756757
0.08196721311475409,0.6756756756756757
0.08223684210526316,0.6756756756756757
0.08250825082508251,0.6756756756756757
0.08278145695364239,0.6756756756756757
0.08305647840531562,0.6756756756756757
0.08333333333333333,0.6756756756756757
0.08361204013377926,0.6756756756756757
0.08389261744966443,0.6756756756756757
0.08417508417508418,0.6756756756756757
0.08445945945945946,0.6756756756756757
0.08135593220338982,0.6486486486486487
0.08163265306122448,0.6486486486486487
0.08191126279863481,0.6486486486486487
0.0821917808219178,0.6486486486486487
0.08247422680412371,0.6486486486486487
0.08275862068965517,0.6486486486486487
0.08304498269896193,0.6486486486486487
0.08333333333333333,0.6486486486486487
0.08362369337979095,0.6486486486486487
0.08391608391608392,0.6486486486486487
0.08421052631578947,0.6486486486486487
0.08450704225352113,0.6486486486486487
0.08480565371024736,0.6486486486486487
0.0851063829787234,0.6486486486486487
0.08540925266903915,0.6486486486486487
0.08571428571428572,0.6486486486486487
0.08602150537634409,0.6486486486486487
0.08633093525179857,0.6486486486486487
0.08664259927797834,0.6486486486486487
0.08695652173913043,0.6486486486486487
0.08727272727272728,0.6486486486486487
0.08759124087591241,0.6486486486486487
0.08791208791208792,0.6486486486486487
0.08823529411764706,0.6486486486486487
0.08856088560885608,0.6486486486486487
0.08888888888888889,0.6486486486486487
0.08921933085501858,0.6486486486486487
0.08955223880597014,0.6486486486486487
0.0898876404494382,0.6486486486486487
0.09022556390977443,0.6486486486486487
0.09056603773584905,0.6486486486486487
0.09090909090909091,0.6486486486486487
0.09125475285171103,0.6486486486486487
0.0916030534351145,0.6486486486486487
0.09195402298850575,0.6486486486486487
0.09230769230769231,0.6486486486486487
0.09266409266409266,0.6486486486486487
0.09302325581395349,0.6486486486486487
0.0933852140077821,0.6486486486486487
0.09375,0.6486486486486487
0.09411764705882353,0.6486486486486487
0.09448818897637795,0.6486486486486487
0.09486166007905138,0.6486486486486487
0.09523809523809523,0.6486486486486487
0.09561752988047809,0.6486486486486487
0.096,0.6486486486486487
0.0963855421686747,0.6486486486486487
0.0967741935483871,0.6486486486486487
0.09716599190283401,0.6486486486486487
0.0975609756097561,0.6486486486486487
0.09795918367346938,0.6486486486486487
0.09836065573770492,0.6486486486486487
0.09876543209876543,0.6486486486486487
0.09917355371900827,0.6486486486486487
0.0995850622406639,0.6486486486486487
0.1,0.6486486486486487
0.100418410041841,0.6486486486486487
0.10084033613445378,0.6486486486486487
0.10126582278481013,0.6486486486486487
0.1016949152542373,0.6486486486486487
0.10212765957446808,0.6486486486486487
0.10256410256410256,0.6486486486486487
0.10300429184549356,0.6486486486486487
0.10344827586206896,0.6486486486486487
0.1038961038961039,0.6486486486486487
0.10434782608695652,0.6486486486486487
0.10480349344978165,0.6486486486486487
0.10526315789473684,0.6486486486486487
0.10572687224669604,0.6486486486486487
0.10619469026548672,0.6486486486486487
0.10666666666666667,0.6486486486486487
0.10714285714285714,0.6486486486486487
0.10762331838565023,0.6486486486486487
0.10810810810810811,0.6486486486486487
0.1085972850678733,0.6486486486486487
0.10909090909090909,0.6486486486486487
0.1095890410958904,0.6486486486486487
0.11009174311926606,0.6486486486486487
0.11059907834101383,0.6486486486486487
0.1111111111111111,0.6486486486486487
0.11162790697674418,0.6486486486486487
0.11214953271028037,0.6486486486486487
0.11267605633802817,0.6486486486486487
0.11320754716981132,0.6486486486486487
0.11374407582938388,0.6486486486486487
0.11428571428571428,0.6486486486486487
0.11483253588516747,0.6486486486486487
0.11538461538461539,0.6486486486486487
0.11594202898550725,0.6486486486486487
0.11650485436893204,0.6486486486486487
0.11707317073170732,0.6486486486486487
0.11764705882352941,0.6486486486486487
0.11822660098522167,0.6486486486486487
0.1188118811881188,0.6486486486486487
0.11940298507462686,0.6486486486486487
0.12,0.6486486486486487
0.12060301507537688,0.6486486486486487
0.12121212121212122,0.6486486486486487
0.1218274111675127,0.6486486486486487
0.12244897959183673,0.6486486486486487
0.12307692307692308,0.6486486486486487
0.12371134020618557,0.6486486486486487
0.12435233160621761,0.6486486486486487
0.125,0.6486486486486487
0.1256544502617801,0.6486486486486487
0.12631578947368421,0.6486486486486487
0.12698412698412698,0.6486486486486487
0.12234042553191489,0.6216216216216216
0.12299465240641712,0.6216216216216216
0.12365591397849462,0.6216216216216216
0.12432432432432433,0.6216216216216216
0.125,0.6216216216216216
0.12568306010928962,0.6216216216216216
0.12637362637362637,0.6216216216216216
0.1270718232044199,0.6216216216216216
0.12777777777777777,0.6216216216216216
0.12849162011173185,0.6216216216216216
0.12921348314606743,0.6216216216216216
0.12994350282485875,0.6216216216216216
0.13068181818181818,0.6216216216216216
0.13142857142857142,0.6216216216216216
0.13218390804597702,0.6216216216216216
0.1329479768786127,0.6216216216216216
0.13372093023255813,0.6216216216216216
0.13450292397660818,0.6216216216216216
0.13529411764705881,0.6216216216216216
0.13609467455621302,0.6216216216216216
0.13690476190476192,0.6216216216216216
0.1377245508982036,0.6216216216216216
0.13855421686746988,0.6216216216216216
0.1393939393939394,0.6216216216216216
0.1402439024390244,0.6216216216216216
0.1411042944785276,0.6216216216216216
0.1419753086419753,0.6216216216216216
0.14285714285714285,0.6216216216216216
0.14375,0.6216216216216216
0.14465408805031446,0.6216216216216216
0.14556962025316456,0.6216216216216216
0.1464968152866242,0.6216216216216216
0.14743589743589744,0.6216216216216216
0.14838709677419354,0.6216216216216216
0.14935064935064934,0.6216216216216216
0.1503267973856209,0.6216216216216216
0.1513157894736842,0.6216216216216216
0.152317880794702,0.6216216216216216
0.15333333333333332,0.6216216216216216
0.15436241610738255,0.6216216216216216
0.1554054054054054,0.6216216216216216
0.1564625850340136,0.6216216216216216
0.15753424657534246,0.6216216216216216
0.15862068965517243,0.6216216216216216
0.1597222222222222,0.6216216216216216
0.16083916083916083,0.6216216216216216
0.1619718309859155,0.6216216216216216
0.16312056737588654,0.6216216216216216
0.16428571428571428,0.6216216216216216
0.16546762589928057,0.6216216216216216
0.16666666666666666,0.6216216216216216
0.1678832116788321,0.6216216216216216
0.16911764705882354,0.6216216216216216
0.17037037037037037,0.6216216216216216
0.17164179104477612,0.6216216216216216
0.17293233082706766,0.6216216216216216
0.17424242424242425,0.6216216216216216
0.17557251908396945,0.6216216216216216
0.17692307692307693,0.6216216216216216
0.17829457364341086,0.6216216216216216
0.1796875,0.6216216216216216
0.18110236220472442,0.6216216216216216
0.18253968253968253,0.6216216216216216
0.184,0.6216216216216216
0.18548387096774194,0.6216216216216216
0.18699186991869918,0.6216216216216216
0.1885245901639344,0.6216216216216216
0.19008264462809918,0.6216216216216216
0.19166666666666668,0.6216216216216216
0.19327731092436976,0.6216216216216216
0.19491525423728814,0.6216216216216216
0.19658119658119658,0.6216216216216216
0.19827586206896552,0.6216216216216216
0.2,0.6216216216216216
0.20175438596491227,0.6216216216216216
0.20353982300884957,0.6216216216216216
0.20535714285714285,0.6216216216216216
0.2072072072072072,0.6216216216216216
0.20909090909090908,0.6216216216216216
0.21100917431192662,0.6216216216216216
0.21296296296296297,0.6216216216216216
0.21495327102803738,0.6216216216216216
0.2169811320754717,0.6216216216216216
0.21904761904761905,0.6216216216216216
0.22115384615384615,0.6216216216216216
0.22330097087378642,0.6216216216216216
0.22549019607843138,0.6216216216216216
0.22772277227722773,0.6216216216216216
0.23,0.6216216216216216
0.23232323232323232,0.6216216216216216
0.23469387755102042,0.6216216216216216
0.23711340206185566,0.6216216216216216
0.23958333333333334,0.6216216216216216
0.24210526315789474,0.6216216216216216
0.24468085106382978,0.6216216216216216
0.24731182795698925,0.6216216216216216
0.25,0.6216216216216216
0.25274725274725274,0.6216216216216216
0.25555555555555554,0.6216216216216216
0.25842696629213485,0.6216216216216216
0.26136363636363635,0.6216216216216216
0.26436781609195403,0.6216216216216216
0.26744186046511625,0.6216216216216216
0.27058823529411763,0.6216216216216216
0.27380952380952384,0.6216216216216216
0.26506024096385544,0.5945945945945946
0.2682926829268293,0.5945945945945946
0.2716049382716049,0.5945945945945946
0.275,0.5945945945945946
0.27848101265822783,0.5945945945945946
0.28205128205128205,0.5945945945945946
0.2857142857142857,0.5945945945945946
0.2894736842105263,0.5945945945945946
0.29333333333333333,0.5945945945945946
0.2972972972972973,0.5945945945945946
0.3013698630136986,0.5945945945945946
0.3055555555555556,0.5945945945945946
0.30985915492957744,0.5945945945945946
0.3142857142857143,0.5945945945945946
0.3188405797101449,0.5945945945945946
0.3235294117647059,0.5945945945945946
0.3283582089552239,0.5945945945945946
0.3333333333333333,0.5945945945945946
0.3230769230769231,0.5675675675675675
0.328125,0.5675675675675675
0.3333333333333333,0.5675675675675675
0.3387096774193548,0.5675675675675675
0.3442622950819672,0.5675675675675675
0.35,0.5675675675675675
0.3559322033898305,0.5675675675675675
0.3620689655172414,0.5675675675675675
0.3508771929824561,0.5405405405405406
0.35714285714285715,0.5405405405405406
0.36363636363636365,0.5405405405405406
0.37037037037037035,0.5405405405405406
0.37735849056603776,0.5405405405405406
0.38461538461538464,0.5405405405405406
0.39215686274509803,0.5405405405405406
0.4,0.5405405405405406
0.40816326530612246,0.5405405405405406
0.4166666666666667,0.5405405405405406
0.425531914893617,0.5405405405405406
0.43478260869565216,0.5405405405405406
0.4444444444444444,0.5405405405405406
0.45454545454545453,0.5405405405405406
0.4418604651162791,0.5135135135135135
0.4523809523809524,0.5135135135135135
0.4634146341463415,0.5135135135135135
0.475,0.5135135135135135
0.48717948717948717,0.5135135135135135
0.5,0.5135135135135135
0.5135135135135135,0.5135135135135135
0.5277777777777778,0.5135135135135135
0.5428571428571428,0.5135135135135135
0.5588235294117647,0.5135135135135135
0.5757575757575758,0.5135135135135135
0.5625,0.4864864864864865
0.5483870967741935,0.4594594594594595
0.5333333333333333,0.43243243243243246
0.5517241379310345,0.43243243243243246
0.5714285714285714,0.43243243243243246
0.5925925925925926,0.43243243243243246
0.5769230769230769,0.40540540540540543
0.6,0.40540540540540543
0.625,0.40540540540540543
0.6521739130434783,0.40540540540540543
0.6818181818181818,0.40540540540540543
0.6666666666666666,0.3783783783783784
0.7,0.3783783783783784
0.6842105263157895,0.35135135135135137
0.7222222222222222,0.35135135135135137
0.7058823529411765,0.32432432432432434
0.75,0.32432432432432434
0.7333333333333333,0.2972972972972973
0.7142857142857143,0.2702702702702703
0.7692307692307693,0.2702702702702703
0.75,0.24324324324324326
0.7272727272727273,0.21621621621621623
0.8,0.21621621621621623
0.8888888888888888,0.21621621621621623
0.875,0.1891891891891892
0.8571428571428571,0.16216216216216217
0.8333333333333334,0.13513513513513514
1.0,0.13513513513513514
1.0,0.10810810810810811
1.0,0.08108108108108109
1.0,0.05405405405405406
1.0,0.02702702702702703
1.0,0.0
