Precision,Recall
0.022316043425814235,1.0
0.02172601086300543,0.972972972972973
0.021739130434782608,0.972972972972973
0.02175226586102719,0.972972972972973
0.02176541717049577,0.972972972972973
0.021778584392014518,0.972972972972973
0.021791767554479417,0.972972972972973
0.02181818181818182,0.972972972972973
0.021831412977562158,0.972972972972973
0.02185792349726776,0.972972972972973
0.02187120291616039,0.972972972972973
0.02188449848024316,0.972972972972973
0.021897810218978103,0.972972972972973
0.021911138161898967,0.972972972972973
0.02192448233861145,0.972972972972973
0.021937842778793418,0.972972972972973
0.02195121951219512,0.972972972972973
0.021964612568639415,0.972972972972973
0.02197802197802198,0.972972972972973
0.021991447770311544,0.972972972972973
0.022004889975550123,0.972972972972973
0.022018348623853212,0.972972972972973
0.02204531537048377,0.972972972972973
0.022058823529411766,0.972972972972973
0.022072348252605765,0.972972972972973
0.022085889570552148,0.972972972972973
0.022099447513812154,0.972972972972973
0.022113022113022112,0.972972972972973
0.022126613398893668,0.972972972972973
0.02214022140221402,0.972972972972973
0.022153846153846152,0.972972972972973
0.022167487684729065,0.972972972972973
0.022181146025878003,0.972972972972973
0.02219482120838471,0.972972972972973
0.022208513263417645,0.972972972972973
0.022222222222222223,0.972972972972973
0.022235948116121063,0.972972972972973
0.022249690976514216,0.972972972972973
0.022263450834879406,0.972972972972973
0.022277227722772276,0.972972972972973
0.022291021671826627,0.972972972972973
0.022304832713754646,0.972972972972973
0.022318660880347178,0.972972972972973
0.022332506203473945,0.972972972972973
0.0223463687150838,0.972972972972973
0.02236024844720497,0.972972972972973
0.022374145431945307,0.972972972972973
0.022388059701492536,0.972972972972973
0.0224019912881145,0.972972972972973
0.0224159402241594,0.972972972972973
0.021806853582554516,0.9459459459459459
0.021820448877805487,0.9459459459459459
0.021834061135371178,0.9459459459459459
0.02184769038701623,0.9459459459459459
0.021861336664584636,0.9459459459459459
0.021875,0.9459459459459459
0.021888680425265792,0.9459459459459459
0.02190237797246558,0.9459459459459459
0.021916092673763307,0.9459459459459459
0.021929824561403508,0.9459459459459459
0.0219435736677116,0.9459459459459459
0.021957340025094103,0.9459459459459459
0.02197112366603892,0.9459459459459459
0.02198492462311558,0.9459459459459459
0.02199874292897549,0.9459459459459459
0.0220125786163522,0.9459459459459459
0.022026431718061675,0.9459459459459459
0.02204030226700252,0.9459459459459459
0.02205419029615627,0.9459459459459459
0.022068095838587643,0.9459459459459459
0.022082018927444796,0.9459459459459459
0.022095959595959596,0.9459459459459459
0.022109917877447885,0.9459459459459459
0.022123893805309734,0.9459459459459459
0.022137887413029727,0.9459459459459459
0.022151898734177215,0.9459459459459459
0.022165927802406588,0.9459459459459459
0.022179974651457542,0.9459459459459459
0.02219403931515536,0.9459459459459459
0.022208121827411168,0.9459459459459459
0.022222222222222223,0.9459459459459459
0.022236340533672173,0.9459459459459459
0.02225047679593134,0.9459459459459459
0.022264631043257,0.9459459459459459
0.022278803309993635,0.9459459459459459
0.022292993630573247,0.9459459459459459
0.022307202039515615,0.9459459459459459
0.022321428571428572,0.9459459459459459
0.022335673261008295,0.9459459459459459
0.02234993614303959,0.9459459459459459
0.022364217252396165,0.9459459459459459
0.02237851662404092,0.9459459459459459
0.022392834293026232,0.9459459459459459
0.02240717029449424,0.9459459459459459
0.02242152466367713,0.9459459459459459
0.022435897435897436,0.9459459459459459
0.02245028864656831,0.9459459459459459
0.022464698331193838,0.9459459459459459
0.0224791265253693,0.9459459459459459
0.02249357326478149,0.9459459459459459
0.022508038585209004,0.9459459459459459
0.02252252252252252,0.9459459459459459
0.022537025112685124,0.9459459459459459
0.022551546391752577,0.9459459459459459
0.02256608639587363,0.9459459459459459
0.022595222724338282,0.9459459459459459
0.02260981912144703,0.9459459459459459
0.022639068564036222,0.9459459459459459
0.022653721682847898,0.9459459459459459
0.02266839378238342,0.9459459459459459
0.02268308489954634,0.9459459459459459
0.022697795071335927,0.9459459459459459
0.0227125243348475,0.9459459459459459
0.022727272727272728,0.9459459459459459
0.022742040285899934,0.9459459459459459
0.022756827048114433,0.9459459459459459
0.02277163305139883,0.9459459459459459
0.022786458333333332,0.9459459459459459
0.02280130293159609,0.9459459459459459
0.022816166883963495,0.9459459459459459
0.0228310502283105,0.9459459459459459
0.022845953002610966,0.9459459459459459
0.022860875244937948,0.9459459459459459
0.02287581699346405,0.9459459459459459
0.02289077828646174,0.9459459459459459
0.022905759162303665,0.9459459459459459
0.022920759659463,0.9459459459459459
0.022935779816513763,0.9459459459459459
0.022950819672131147,0.9459459459459459
0.022965879265091863,0.9459459459459459
0.02298095863427446,0.9459459459459459
0.022996057818659658,0.9459459459459459
0.023011176857330704,0.9459459459459459
0.023026315789473683,0.9459459459459459
0.02304147465437788,0.9459459459459459
0.0230566534914361,0.9459459459459459
0.023071852340145024,0.9459459459459459
0.02308707124010554,0.9459459459459459
0.0231023102310231,0.9459459459459459
0.023117569352708058,0.9459459459459459
0.023132848645076007,0.9459459459459459
0.023148148148148147,0.9459459459459459
0.02316346790205162,0.9459459459459459
0.023178807947019868,0.9459459459459459
0.023194168323392977,0.9459459459459459
0.023209549071618037,0.9459459459459459
0.023224950232249502,0.9459459459459459
0.023240371845949535,0.9459459459459459
0.023255813953488372,0.9459459459459459
0.02327127659574468,0.9459459459459459
0.02330226364846871,0.9459459459459459
0.023317788141239172,0.9459459459459459
0.023333333333333334,0.9459459459459459
0.02334889926617745,0.9459459459459459
0.02336448598130841,0.9459459459459459
0.02338009352037408,0.9459459459459459
0.02339572192513369,0.9459459459459459
0.023411371237458192,0.9459459459459459
0.023427041499330656,0.9459459459459459
0.02344273275284662,0.9459459459459459
0.023458445040214475,0.9459459459459459
0.023474178403755867,0.9459459459459459
0.02348993288590604,0.9459459459459459
0.02350570852921424,0.9459459459459459
0.023521505376344086,0.9459459459459459
0.023537323470073975,0.9459459459459459
0.023553162853297442,0.9459459459459459
0.02356902356902357,0.9459459459459459
0.02358490566037736,0.9459459459459459
0.023600809170600135,0.9459459459459459
0.023616734143049933,0.9459459459459459
0.02363268062120189,0.9459459459459459
0.02364864864864865,0.9459459459459459
0.023664638269100743,0.9459459459459459
0.02368064952638701,0.9459459459459459
0.023696682464454975,0.9459459459459459
0.023712737127371274,0.9459459459459459
0.023728813559322035,0.9459459459459459
0.02376103190767142,0.9459459459459459
0.02379333786539769,0.9459459459459459
0.023809523809523808,0.9459459459459459
0.023825731790333562,0.9459459459459459
0.023841961852861037,0.9459459459459459
0.023874488403819918,0.9459459459459459
0.023890784982935155,0.9459459459459459
0.02390710382513661,0.9459459459459459
0.023923444976076555,0.9459459459459459
0.023939808481532147,0.9459459459459459
0.023956194387405885,0.9459459459459459
0.023972602739726026,0.9459459459459459
0.023989033584647018,0.9459459459459459
0.02400548696844993,0.9459459459459459
0.024021962937542895,0.9459459459459459
0.02403846153846154,0.9459459459459459
0.024054982817869417,0.9459459459459459
0.024071526822558458,0.9459459459459459
0.024088093599449415,0.9459459459459459
0.024104683195592287,0.9459459459459459
0.024121295658166782,0.9459459459459459
0.02413793103448276,0.9459459459459459
0.024154589371980676,0.9459459459459459
0.024171270718232045,0.9459459459459459
0.024187975120939877,0.9459459459459459
0.024204702627939143,0.9459459459459459
0.02422145328719723,0.9459459459459459
0.024238227146814405,0.9459459459459459
0.024255024255024255,0.9459459459459459
0.024271844660194174,0.9459459459459459
0.024288688410825817,0.9459459459459459
0.024305555555555556,0.9459459459459459
0.024322446143154968,0.9459459459459459
0.024339360222531293,0.9459459459459459
0.024356297842727904,0.9459459459459459
0.02437325905292479,0.9459459459459459
0.024390243902439025,0.9459459459459459
0.024407252440725245,0.9459459459459459
0.024424284717376135,0.9459459459459459
0.024441340782122904,0.9459459459459459
0.02445842068483578,0.9459459459459459
0.024475524475524476,0.9459459459459459
0.0244926522043387,0.9459459459459459
0.024509803921568627,0.9459459459459459
0.024544179523141654,0.9459459459459459
0.02456140350877193,0.9459459459459459
0.02457865168539326,0.9459459459459459
0.024595924104005622,0.9459459459459459
0.02461322081575246,0.9459459459459459
0.02464788732394366,0.9459459459459459
0.02466525722339676,0.9459459459459459
0.02468265162200282,0.9459459459459459
0.024700070571630206,0.9459459459459459
0.024717514124293787,0.9459459459459459
0.024734982332155476,0.9459459459459459
0.024752475247524754,0.9459459459459459
0.024769992922859165,0.9459459459459459
0.024787535410764873,0.9459459459459459
0.024805102763997167,0.9459459459459459
0.024822695035460994,0.9459459459459459
0.0248403122782115,0.9459459459459459
0.024857954545454544,0.9459459459459459
0.024875621890547265,0.9459459459459459
0.024893314366998577,0.9459459459459459
0.02492877492877493,0.9459459459459459
0.024946543121881683,0.9459459459459459
0.024964336661911554,0.9459459459459459
0.024982155603140613,0.9459459459459459
0.025,0.9459459459459459
0.02501786990707648,0.9459459459459459
0.025053686471009307,0.9459459459459459
0.025071633237822348,0.9459459459459459
0.025089605734767026,0.9459459459459459
0.025107604017216643,0.9459459459459459
0.02512562814070352,0.9459459459459459
0.02514367816091954,0.9459459459459459
0.02516175413371675,0.9459459459459459
0.025179856115107913,0.9459459459459459
0.0251979841612671,0.9459459459459459
0.02521613832853026,0.9459459459459459
0.025234318673395817,0.9459459459459459
0.025252525252525252,0.9459459459459459
0.02527075812274368,0.9459459459459459
0.025289017341040464,0.9459459459459459
0.025307302964569775,0.9459459459459459
0.02532561505065123,0.9459459459459459
0.025343953656770456,0.9459459459459459
0.025362318840579712,0.9459459459459459
0.025380710659898477,0.9459459459459459
0.02539912917271408,0.9459459459459459
0.025417574437182282,0.9459459459459459
0.025436046511627907,0.9459459459459459
0.025454545454545455,0.9459459459459459
0.025491624180626365,0.9459459459459459
0.025510204081632654,0.9459459459459459
0.025528811086797956,0.9459459459459459
0.025547445255474453,0.9459459459459459
0.02556610664718773,0.9459459459459459
0.025584795321637425,0.9459459459459459
0.025603511338697878,0.9459459459459459
0.02562225475841874,0.9459459459459459
0.02564102564102564,0.9459459459459459
0.025659824046920823,0.9459459459459459
0.025678650036683785,0.9459459459459459
0.02569750367107195,0.9459459459459459
0.025716385011021307,0.9459459459459459
0.025735294117647058,0.9459459459459459
0.025754231052244298,0.9459459459459459
0.02577319587628866,0.9459459459459459
0.025792188651436992,0.9459459459459459
0.025811209439528023,0.9459459459459459
0.025830258302583026,0.9459459459459459
0.0258493353028065,0.9459459459459459
0.025868440502586843,0.9459459459459459
0.025887573964497042,0.9459459459459459
0.025925925925925925,0.9459459459459459
0.025945144551519646,0.9459459459459459
0.02596439169139466,0.9459459459459459
0.025983667409057165,0.9459459459459459
0.02600297176820208,0.9459459459459459
0.026041666666666668,0.9459459459459459
0.026061057334326135,0.9459459459459459
0.02608047690014903,0.9459459459459459
0.02609992542878449,0.9459459459459459
0.026119402985074626,0.9459459459459459
0.026138909634055265,0.9459459459459459
0.026158445440956652,0.9459459459459459
0.02617801047120419,0.9459459459459459
0.02619760479041916,0.9459459459459459
0.026217228464419477,0.9459459459459459
0.02623688155922039,0.9459459459459459
0.02625656414103526,0.9459459459459459
0.026276276276276277,0.9459459459459459
0.02629601803155522,0.9459459459459459
0.02631578947368421,0.9459459459459459
0.02633559066967645,0.9459459459459459
0.02635542168674699,0.9459459459459459
0.02637528259231349,0.9459459459459459
0.026395173453996983,0.9459459459459459
0.026415094339622643,0.9459459459459459
0.026435045317220542,0.9459459459459459
0.026455026455026454,0.9459459459459459
0.026495079485238455,0.9459459459459459
0.026515151515151516,0.9459459459459459
0.026535253980288095,0.9459459459459459
0.026555386949924126,0.9459459459459459
0.026575550493545937,0.9459459459459459
0.026595744680851064,0.9459459459459459
0.026615969581749048,0.9459459459459459
0.02663622526636225,0.9459459459459459
0.026656511805026657,0.9459459459459459
0.026676829268292682,0.9459459459459459
0.02669717772692601,0.9459459459459459
0.026717557251908396,0.9459459459459459
0.026737967914438502,0.9459459459459459
0.026758409785932722,0.9459459459459459
0.026778882938026015,0.9459459459459459
0.02679938744257274,0.9459459459459459
0.02681992337164751,0.9459459459459459
0.026840490797546013,0.9459459459459459
0.02686108979278588,0.9459459459459459
0.026881720430107527,0.9459459459459459
0.026923076923076925,0.9459459459459459
0.026943802925327175,0.9459459459459459
0.026964560862865947,0.9459459459459459
0.026985350809560524,0.9459459459459459
0.02700617283950617,0.9459459459459459
0.02702702702702703,0.9459459459459459
0.02704791344667697,0.9459459459459459
0.027068832173240527,0.9459459459459459
0.027089783281733747,0.9459459459459459
0.027131782945736434,0.9459459459459459
0.02717391304347826,0.9459459459459459
0.027195027195027196,0.9459459459459459
0.027216174183514776,0.9459459459459459
0.027237354085603113,0.9459459459459459
0.027258566978193146,0.9459459459459459
0.027279812938425563,0.9459459459459459
0.027301092043681748,0.9459459459459459
0.0273224043715847,0.9459459459459459
0.02734375,0.9459459459459459
0.027365129007036748,0.9459459459459459
0.027386541471048513,0.9459459459459459
0.0274079874706343,0.9459459459459459
0.0274294670846395,0.9459459459459459
0.027450980392156862,0.9459459459459459
0.027472527472527472,0.9459459459459459
0.02749410840534171,0.9459459459459459
0.027515723270440252,0.9459459459459459
0.02753737214791503,0.9459459459459459
0.027559055118110236,0.9459459459459459
0.027580772261623327,0.9459459459459459
0.027602523659305992,0.9459459459459459
0.027624309392265192,0.9459459459459459
0.02764612954186414,0.9459459459459459
0.02766798418972332,0.9459459459459459
0.027689873417721517,0.9459459459459459
0.027711797307996833,0.9459459459459459
0.0277337559429477,0.9459459459459459
0.02775574940523394,0.9459459459459459
0.027777777777777776,0.9459459459459459
0.02779984114376489,0.9459459459459459
0.02782193958664547,0.9459459459459459
0.02784407319013524,0.9459459459459459
0.02786624203821656,0.9459459459459459
0.027888446215139442,0.9459459459459459
0.027932960893854747,0.9459459459459459
0.027955271565495207,0.9459459459459459
0.028,0.9459459459459459
0.02802241793434748,0.9459459459459459
0.028044871794871796,0.9459459459459459
0.028067361668003207,0.9459459459459459
0.028089887640449437,0.9459459459459459
0.028112449799196786,0.9459459459459459
0.02815768302493966,0.9459459459459459
0.02818035426731079,0.9459459459459459
0.028203062046736505,0.9459459459459459
0.028225806451612902,0.9459459459459459
0.02824858757062147,0.9459459459459459
0.02827140549273021,0.9459459459459459
0.028294260307194827,0.9459459459459459
0.02831715210355987,0.9459459459459459
0.02834008097165992,0.9459459459459459
0.028363047001620744,0.9459459459459459
0.028386050283860504,0.9459459459459459
0.028409090909090908,0.9459459459459459
0.02843216896831844,0.9459459459459459
0.028455284552845527,0.9459459459459459
0.028478437754271765,0.9459459459459459
0.028501628664495113,0.9459459459459459
0.02852485737571312,0.9459459459459459
0.028548123980424143,0.9459459459459459
0.02857142857142857,0.9459459459459459
0.028594771241830064,0.9459459459459459
0.028618152085036794,0.9459459459459459
0.028641571194762683,0.9459459459459459
0.028665028665028666,0.9459459459459459
0.028688524590163935,0.9459459459459459
0.02871205906480722,0.9459459459459459
0.028735632183908046,0.9459459459459459
0.02875924404272802,0.9459459459459459
0.028782894736842105,0.9459459459459459
0.02880658436213992,0.9459459459459459
0.028830313014827018,0.9459459459459459
0.028854080791426217,0.9459459459459459
0.028877887788778877,0.9459459459459459
0.028925619834710745,0.9459459459459459
0.028949545078577336,0.9459459459459459
0.028973509933774833,0.9459459459459459
0.02899751449875725,0.9459459459459459
0.02902155887230514,0.9459459459459459
0.029045643153526972,0.9459459459459459
0.029069767441860465,0.9459459459459459
0.029093931837073983,0.9459459459459459
0.029118136439267885,0.9459459459459459
0.029142381348875937,0.9459459459459459
0.029166666666666667,0.9459459459459459
0.029190992493744787,0.9459459459459459
0.02921535893155259,0.9459459459459459
0.029239766081871343,0.9459459459459459
0.029264214046822744,0.9459459459459459
0.029288702928870293,0.9459459459459459
0.02931323283082077,0.9459459459459459
0.02933780385582565,0.9459459459459459
0.02936241610738255,0.9459459459459459
0.02938706968933669,0.9459459459459459
0.029411764705882353,0.9459459459459459
0.029461279461279462,0.9459459459459459
0.02948609941027801,0.9459459459459459
0.02951096121416526,0.9459459459459459
0.029535864978902954,0.9459459459459459
0.02956081081081081,0.9459459459459459
0.029585798816568046,0.9459459459459459
0.02961082910321489,0.9459459459459459
0.029635901778154106,0.9459459459459459
0.029711375212224108,0.9459459459459459
0.029736618521665252,0.9459459459459459
0.02976190476190476,0.9459459459459459
0.029787234042553193,0.9459459459459459
0.029812606473594547,0.9459459459459459
0.029838022165387893,0.9459459459459459
0.029863481228668942,0.9459459459459459
0.029888983774551667,0.9459459459459459
0.029940119760479042,0.9459459459459459
0.029965753424657533,0.9459459459459459
0.029991431019708654,0.9459459459459459
0.030017152658662092,0.9459459459459459
0.030042918454935622,0.9459459459459459
0.03006872852233677,0.9459459459459459
0.03009458297506449,0.9459459459459459
0.030120481927710843,0.9459459459459459
0.030146425495262703,0.9459459459459459
0.03017241379310345,0.9459459459459459
0.030198446937014668,0.9459459459459459
0.030224525043177894,0.9459459459459459
0.03025064822817632,0.9459459459459459
0.03027681660899654,0.9459459459459459
0.030303030303030304,0.9459459459459459
0.030329289428076257,0.9459459459459459
0.030355594102341718,0.9459459459459459
0.030381944444444444,0.9459459459459459
0.030408340573414423,0.9459459459459459
0.030434782608695653,0.9459459459459459
0.030461270670147953,0.9459459459459459
0.03048780487804878,0.9459459459459459
0.03051438535309503,0.9459459459459459
0.030541012216404886,0.9459459459459459
0.03056768558951965,0.9459459459459459
0.030594405594405596,0.9459459459459459
0.03062117235345582,0.9459459459459459
0.03064798598949212,0.9459459459459459
0.03070175438596491,0.9459459459459459
0.030728709394205442,0.9459459459459459
0.030755711775043937,0.9459459459459459
0.030782761653474055,0.9459459459459459
0.030809859154929578,0.9459459459459459
0.030837004405286344,0.9459459459459459
0.030864197530864196,0.9459459459459459
0.03089143865842895,0.9459459459459459
0.030918727915194347,0.9459459459459459
0.03094606542882405,0.9459459459459459
0.030973451327433628,0.9459459459459459
0.03100088573959256,0.9459459459459459
0.03102836879432624,0.9459459459459459
0.031055900621118012,0.9459459459459459
0.03108348134991119,0.9459459459459459
0.03111111111111111,0.9459459459459459
0.03113879003558719,0.9459459459459459
0.031166518254674976,0.9459459459459459
0.031194295900178252,0.9459459459459459
0.031222123104371096,0.9459459459459459
0.03125,0.9459459459459459
0.03127792672028597,0.9459459459459459
0.03130590339892665,0.9459459459459459
0.03133393017009848,0.9459459459459459
0.03136200716845878,0.9459459459459459
0.03139013452914798,0.9459459459459459
0.03141831238779174,0.9459459459459459
0.031446540880503145,0.9459459459459459
0.03147482014388489,0.9459459459459459
0.0315031503150315,0.9459459459459459
0.03153153153153153,0.9459459459459459
0.031559963931469794,0.9459459459459459
0.0315884476534296,0.9459459459459459
0.031616982836495035,0.9459459459459459
0.03164556962025317,0.9459459459459459
0.03167420814479638,0.9459459459459459
0.03170289855072464,0.9459459459459459
0.03173164097914778,0.9459459459459459
0.03176043557168784,0.9459459459459459
0.03178928247048138,0.9459459459459459
0.031818181818181815,0.9459459459459459
0.03184713375796178,0.9459459459459459
0.031876138433515486,0.9459459459459459
0.03190519598906107,0.9459459459459459
0.03193430656934307,0.9459459459459459
0.0319634703196347,0.9459459459459459
0.031992687385740404,0.9459459459459459
0.03202195791399817,0.9459459459459459
0.03205128205128205,0.9459459459459459
0.03211009174311927,0.9459459459459459
0.03213957759412305,0.9459459459459459
0.03216911764705882,0.9459459459459459
0.03219871205151794,0.9459459459459459
0.03222836095764273,0.9459459459459459
0.03225806451612903,0.9459459459459459
0.03228782287822878,0.9459459459459459
0.032317636195752536,0.9459459459459459
0.03234750462107209,0.9459459459459459
0.032377428307123035,0.9459459459459459
0.032407407407407406,0.9459459459459459
0.03243744207599629,0.9459459459459459
0.032497678737233054,0.9459459459459459
0.032527881040892194,0.9459459459459459
0.03255813953488372,0.9459459459459459
0.032588454376163874,0.9459459459459459
0.032618825722273995,0.9459459459459459
0.03264925373134328,0.9459459459459459
0.032679738562091505,0.9459459459459459
0.03271028037383177,0.9459459459459459
0.03274087932647334,0.9459459459459459
0.03277153558052434,0.9459459459459459
0.03280224929709466,0.9459459459459459
0.03283302063789869,0.9459459459459459
0.03286384976525822,0.9459459459459459
0.03289473684210526,0.9459459459459459
0.03292568203198495,0.9459459459459459
0.03295668549905838,0.9459459459459459
0.03298774740810556,0.9459459459459459
0.0330188679245283,0.9459459459459459
0.033050047214353166,0.9459459459459459
0.0330812854442344,0.9459459459459459
0.033112582781456956,0.9459459459459459
0.03314393939393939,0.9459459459459459
0.03317535545023697,0.9459459459459459
0.03320683111954459,0.9459459459459459
0.03323836657169991,0.9459459459459459
0.03326996197718631,0.9459459459459459
0.03330161750713606,0.9459459459459459
0.03333333333333333,0.9459459459459459
0.03336510962821735,0.9459459459459459
0.033396946564885496,0.9459459459459459
0.033428844317096466,0.9459459459459459
0.033460803059273424,0.9459459459459459
0.033524904214559385,0.9459459459459459
0.03355704697986577,0.9459459459459459
0.03358925143953935,0.9459459459459459
0.03362151777137368,0.9459459459459459
0.03365384615384615,0.9459459459459459
0.03368623676612127,0.9459459459459459
0.03371868978805395,0.9459459459459459
0.033751205400192864,0.9459459459459459
0.033783783783783786,0.9459459459459459
0.033816425120772944,0.9459459459459459
0.033849129593810444,0.9459459459459459
0.03388189738625363,0.9459459459459459
0.03391472868217054,0.9459459459459459
0.03394762366634336,0.9459459459459459
0.03398058252427184,0.9459459459459459
0.034013605442176874,0.9459459459459459
0.03404669260700389,0.9459459459459459
0.034079844206426485,0.9459459459459459
0.0341130604288499,0.9459459459459459
0.03414634146341464,0.9459459459459459
0.0341796875,0.9459459459459459
0.03421309872922776,0.9459459459459459
0.03424657534246575,0.9459459459459459
0.034280117531831536,0.9459459459459459
0.03431372549019608,0.9459459459459459
0.03434739941118744,0.9459459459459459
0.0343811394891945,0.9459459459459459
0.0344149459193707,0.9459459459459459
0.0344488188976378,0.9459459459459459
0.034482758620689655,0.9459459459459459
0.03451676528599606,0.9459459459459459
0.034550839091806514,0.9459459459459459
0.03458498023715415,0.9459459459459459
0.03461918892185954,0.9459459459459459
0.034653465346534656,0.9459459459459459
0.03468780971258672,0.9459459459459459
0.034722222222222224,0.9459459459459459
0.03475670307845084,0.9459459459459459
0.03479125248508946,0.9459459459459459
0.03482587064676617,0.9459459459459459
0.0348605577689243,0.9459459459459459
0.03489531405782652,0.9459459459459459
0.03493013972055888,0.9459459459459459
0.03496503496503497,0.9459459459459459
0.035,0.9459459459459459
0.035035035035035036,0.9459459459459459
0.03507014028056112,0.9459459459459459
0.03510531594784353,0.9459459459459459
0.035140562248995984,0.9459459459459459
0.035175879396984924,0.9459459459459459
0.035211267605633804,0.9459459459459459
0.035246727089627394,0.9459459459459459
0.03528225806451613,0.9459459459459459
0.035317860746720484,0.9459459459459459
0.03535353535353535,0.9459459459459459
0.03538928210313448,0.9459459459459459
0.0354251012145749,0.9459459459459459
0.03546099290780142,0.9459459459459459
0.035496957403651115,0.9459459459459459
0.03553299492385787,0.9459459459459459
0.03556910569105691,0.9459459459459459
0.03560528992878942,0.9459459459459459
0.035641547861507125,0.9459459459459459
0.03567787971457696,0.9459459459459459
0.03571428571428571,0.9459459459459459
0.03575076608784474,0.9459459459459459
0.03578732106339468,0.9459459459459459
0.03582395087001024,0.9459459459459459
0.035860655737704916,0.9459459459459459
0.035897435897435895,0.9459459459459459
0.03593429158110883,0.9459459459459459
0.03597122302158273,0.9459459459459459
0.0360082304526749,0.9459459459459459
0.03604531410916581,0.9459459459459459
0.03608247422680412,0.9459459459459459
0.03611971104231166,0.9459459459459459
0.03615702479338843,0.9459459459459459
0.03619441571871768,0.9459459459459459
0.036231884057971016,0.9459459459459459
0.03626943005181347,0.9459459459459459
0.03630705394190872,0.9459459459459459
0.036344755970924195,0.9459459459459459
0.036382536382536385,0.9459459459459459
0.036420395421436005,0.9459459459459459
0.036458333333333336,0.9459459459459459
0.0364963503649635,0.9459459459459459
0.03653444676409186,0.9459459459459459
0.03657262277951933,0.9459459459459459
0.036610878661087864,0.9459459459459459
0.03664921465968586,0.9459459459459459
0.03668763102725367,0.9459459459459459
0.03672612801678909,0.9459459459459459
0.03676470588235294,0.9459459459459459
0.03680336487907466,0.9459459459459459
0.03684210526315789,0.9459459459459459
0.0368809272918862,0.9459459459459459
0.03691983122362869,0.9459459459459459
0.03695881731784583,0.9459459459459459
0.03699788583509514,0.9459459459459459
0.037037037037037035,0.9459459459459459
0.037076271186440676,0.9459459459459459
0.03711558854718982,0.9459459459459459
0.037154989384288746,0.9459459459459459
0.03719447396386823,0.9459459459459459
0.03723404255319149,0.9459459459459459
0.03727369542066028,0.9459459459459459
0.03731343283582089,0.9459459459459459
0.03735325506937033,0.9459459459459459
0.03739316239316239,0.9459459459459459
0.0374331550802139,0.9459459459459459
0.03747323340471092,0.9459459459459459
0.03751339764201501,0.9459459459459459
0.03755364806866953,0.9459459459459459
0.03759398496240601,0.9459459459459459
0.03655913978494624,0.918918918918919
0.03659849300322928,0.918918918918919
0.036637931034482756,0.918918918918919
0.036677454153182305,0.918918918918919
0.0367170626349892,0.918918918918919
0.036756756756756756,0.918918918918919
0.0367965367965368,0.918918918918919
0.03683640303358613,0.918918918918919
0.0368763557483731,0.918918918918919
0.03695652173913044,0.918918918918919
0.036996735582154515,0.918918918918919
0.037037037037037035,0.918918918918919
0.03707742639040349,0.918918918918919
0.03711790393013101,0.918918918918919
0.03715846994535519,0.918918918918919
0.037199124726477024,0.918918918918919
0.03723986856516977,0.918918918918919
0.03728070175438596,0.918918918918919
0.03732162458836443,0.918918918918919
0.03736263736263736,0.918918918918919
0.0374037403740374,0.918918918918919
0.037444933920704845,0.918918918918919
0.03638368246968027,0.8918918918918919
0.03642384105960265,0.8918918918918919
0.036464088397790057,0.8918918918918919
0.03650442477876106,0.8918918918918919
0.036544850498338874,0.8918918918918919
0.036585365853658534,0.8918918918918919
0.03662597114317425,0.8918918918918919
0.03666666666666667,0.8918918918918919
0.03670745272525028,0.8918918918918919
0.036748329621380846,0.8918918918918919
0.03678929765886288,0.8918918918918919
0.03687150837988827,0.8918918918918919
0.03691275167785235,0.8918918918918919
0.036954087346024636,0.8918918918918919
0.03699551569506727,0.8918918918918919
0.037037037037037035,0.8918918918918919
0.03707865168539326,0.8918918918918919
0.03712035995500562,0.8918918918918919
0.037162162162162164,0.8918918918918919
0.03720405862457723,0.8918918918918919
0.03724604966139955,0.8918918918918919
0.03728813559322034,0.8918918918918919
0.03733031674208145,0.8918918918918919
0.03737259343148358,0.8918918918918919
0.03640500568828214,0.8648648648648649
0.036488027366020526,0.8648648648648649
0.0365296803652968,0.8648648648648649
0.036571428571428574,0.8648648648648649
0.036613272311212815,0.8648648648648649
0.03665521191294387,0.8648648648648649
0.03669724770642202,0.8648648648648649
0.03673938002296211,0.8648648648648649
0.0367816091954023,0.8648648648648649
0.03682393555811277,0.8648648648648649
0.03686635944700461,0.8648648648648649
0.03690888119953864,0.8648648648648649
0.03695150115473441,0.8648648648648649
0.03699421965317919,0.8648648648648649
0.037037037037037035,0.8648648648648649
0.03707995365005794,0.8648648648648649
0.037122969837587005,0.8648648648648649
0.037209302325581395,0.8648648648648649
0.037252619324796274,0.8648648648648649
0.037296037296037296,0.8648648648648649
0.03733955659276546,0.8648648648648649
0.037383177570093455,0.8648648648648649
0.03742690058479532,0.8648648648648649
0.03747072599531616,0.8648648648648649
0.03751465416178194,0.8648648648648649
0.03755868544600939,0.8648648648648649
0.03760282021151586,0.8648648648648649
0.03764705882352941,0.8648648648648649
0.03769140164899882,0.8648648648648649
0.03773584905660377,0.8648648648648649
0.03778040141676505,0.8648648648648649
0.037825059101654845,0.8648648648648649
0.0378698224852071,0.8648648648648649
0.03800475059382423,0.8648648648648649
0.03804994054696789,0.8648648648648649
0.0380952380952381,0.8648648648648649
0.03814064362336114,0.8648648648648649
0.03818615751789976,0.8648648648648649
0.038231780167264036,0.8648648648648649
0.03827751196172249,0.8648648648648649
0.03832335329341317,0.8648648648648649
0.03836930455635491,0.8648648648648649
0.03841536614645858,0.8648648648648649
0.038461538461538464,0.8648648648648649
0.03850782190132371,0.8648648648648649
0.03855421686746988,0.8648648648648649
0.038600723763570564,0.8648648648648649
0.03864734299516908,0.8648648648648649
0.03869407496977025,0.8648648648648649
0.0387409200968523,0.8648648648648649
0.03878787878787879,0.8648648648648649
0.038834951456310676,0.8648648648648649
0.038882138517618466,0.8648648648648649
0.038929440389294405,0.8648648648648649
0.0389768574908648,0.8648648648648649
0.03902439024390244,0.8648648648648649
0.03907203907203907,0.8648648648648649
0.039119804400977995,0.8648648648648649
0.03916768665850673,0.8648648648648649
0.0392156862745098,0.8648648648648649
0.0392638036809816,0.8648648648648649
0.03931203931203931,0.8648648648648649
0.03936039360393604,0.8648648648648649
0.03940886699507389,0.8648648648648649
0.03945745992601726,0.8648648648648649
0.03950617283950617,0.8648648648648649
0.03955500618046971,0.8648648648648649
0.039603960396039604,0.8648648648648649
0.03965303593556382,0.8648648648648649
0.03970223325062035,0.8648648648648649
0.03975155279503106,0.8648648648648649
0.03980099502487562,0.8648648648648649
0.039850560398505604,0.8648648648648649
0.0399002493765586,0.8648648648648649
0.039950062421972535,0.8648648648648649
0.04,0.8648648648648649
0.04005006257822278,0.8648648648648649
0.040100250626566414,0.8648648648648649
0.04015056461731493,0.8648648648648649
0.04020100502512563,0.8648648648648649
0.04025157232704402,0.8648648648648649
0.04030226700251889,0.8648648648648649
0.0403530895334174,0.8648648648648649
0.04040404040404041,0.8648648648648649
0.040455120101137804,0.8648648648648649
0.04050632911392405,0.8648648648648649
0.04055766793409379,0.8648648648648649
0.04060913705583756,0.8648648648648649
0.04066073697585769,0.8648648648648649
0.04071246819338423,0.8648648648648649
0.04076433121019108,0.8648648648648649
0.04086845466155811,0.8648648648648649
0.04092071611253197,0.8648648648648649
0.040973111395646605,0.8648648648648649
0.041025641025641026,0.8648648648648649
0.04113110539845758,0.8648648648648649
0.04118404118404118,0.8648648648648649
0.041237113402061855,0.8648648648648649
0.04129032258064516,0.8648648648648649
0.041343669250646,0.8648648648648649
0.04139715394566624,0.8648648648648649
0.04145077720207254,0.8648648648648649
0.041504539559014265,0.8648648648648649
0.04155844155844156,0.8648648648648649
0.04161248374512354,0.8648648648648649
0.041666666666666664,0.8648648648648649
0.041720990873533245,0.8648648648648649
0.04177545691906005,0.8648648648648649
0.04183006535947712,0.8648648648648649
0.041884816753926704,0.8648648648648649
0.04193971166448231,0.8648648648648649
0.04199475065616798,0.8648648648648649
0.04204993429697766,0.8648648648648649
0.04216073781291173,0.8648648648648649
0.04221635883905013,0.8648648648648649
0.04227212681638045,0.8648648648648649
0.042328042328042326,0.8648648648648649
0.0423841059602649,0.8648648648648649
0.042440318302387266,0.8648648648648649
0.04249667994687915,0.8648648648648649
0.0425531914893617,0.8648648648648649
0.0426098535286285,0.8648648648648649
0.042666666666666665,0.8648648648648649
0.042723631508678236,0.8648648648648649
0.0427807486631016,0.8648648648648649
0.0428380187416332,0.8648648648648649
0.04289544235924933,0.8648648648648649
0.042953020134228186,0.8648648648648649
0.043010752688172046,0.8648648648648649
0.04306864064602961,0.8648648648648649
0.0431266846361186,0.8648648648648649
0.043184885290148446,0.8648648648648649
0.043243243243243246,0.8648648648648649
0.04330175913396482,0.8648648648648649
0.04336043360433604,0.8648648648648649
0.04341926729986431,0.8648648648648649
0.043478260869565216,0.8648648648648649
0.04353741496598639,0.8648648648648649
0.043596730245231606,0.8648648648648649
0.04365620736698499,0.8648648648648649
0.04371584699453552,0.8648648648648649
0.04377564979480164,0.8648648648648649
0.043835616438356165,0.8648648648648649
0.0438957475994513,0.8648648648648649
0.04395604395604396,0.8648648648648649
0.04401650618982118,0.8648648648648649
0.0440771349862259,0.8648648648648649
0.044137931034482755,0.8648648648648649
0.04419889502762431,0.8648648648648649
0.04426002766251729,0.8648648648648649
0.0443213296398892,0.8648648648648649
0.044382801664355064,0.8648648648648649
0.044444444444444446,0.8648648648648649
0.04450625869262865,0.8648648648648649
0.04456824512534819,0.8648648648648649
0.044630404463040445,0.8648648648648649
0.0446927374301676,0.8648648648648649
0.044755244755244755,0.8648648648648649
0.04481792717086835,0.8648648648648649
0.04488078541374474,0.8648648648648649
0.0449438202247191,0.8648648648648649
0.0450070323488045,0.8648648648648649
0.04507042253521127,0.8648648648648649
0.045133991537376586,0.8648648648648649
0.04519774011299435,0.8648648648648649
0.04526166902404526,0.8648648648648649
0.0453257790368272,0.8648648648648649
0.04539007092198582,0.8648648648648649
0.045454545454545456,0.8648648648648649
0.04551920341394026,0.8648648648648649
0.045584045584045586,0.8648648648648649
0.0456490727532097,0.8648648648648649
0.045714285714285714,0.8648648648648649
0.045779685264663805,0.8648648648648649
0.04597701149425287,0.8648648648648649
0.0460431654676259,0.8648648648648649
0.04610951008645533,0.8648648648648649
0.046176046176046176,0.8648648648648649
0.046242774566473986,0.8648648648648649
0.04630969609261939,0.8648648648648649
0.0463768115942029,0.8648648648648649
0.04644412191582003,0.8648648648648649
0.046511627906976744,0.8648648648648649
0.046579330422125184,0.8648648648648649
0.04664723032069971,0.8648648648648649
0.04671532846715328,0.8648648648648649
0.04678362573099415,0.8648648648648649
0.04685212298682284,0.8648648648648649
0.0469208211143695,0.8648648648648649
0.04698972099853157,0.8648648648648649
0.047058823529411764,0.8648648648648649
0.047128129602356406,0.8648648648648649
0.0471976401179941,0.8648648648648649
0.047267355982274745,0.8648648648648649
0.047337278106508875,0.8648648648648649
0.047407407407407405,0.8648648648648649
0.04747774480712166,0.8648648648648649
0.0475482912332838,0.8648648648648649
0.047619047619047616,0.8648648648648649
0.04769001490312966,0.8648648648648649
0.04776119402985075,0.8648648648648649
0.04783258594917788,0.8648648648648649
0.04790419161676647,0.8648648648648649
0.047976011994003,0.8648648648648649
0.04804804804804805,0.8648648648648649
0.0481203007518797,0.8648648648648649
0.04819277108433735,0.8648648648648649
0.048265460030165915,0.8648648648648649
0.04833836858006042,0.8648648648648649
0.048411497730711045,0.8648648648648649
0.048484848484848485,0.8648648648648649
0.04704097116843703,0.8378378378378378
0.04711246200607903,0.8378378378378378
0.0471841704718417,0.8378378378378378
0.047400611620795105,0.8378378378378378
0.04747320061255743,0.8378378378378378
0.04754601226993865,0.8378378378378378
0.047619047619047616,0.8378378378378378
0.047692307692307694,0.8378378378378378
0.04776579352850539,0.8378378378378378
0.047839506172839504,0.8378378378378378
0.04791344667697063,0.8378378378378378
0.047987616099071206,0.8378378378378378
0.04806201550387597,0.8378378378378378
0.04813664596273292,0.8378378378378378
0.04821150855365474,0.8378378378378378
0.048286604361370715,0.8378378378378378
0.0483619344773791,0.8378378378378378
0.0484375,0.8378378378378378
0.048513302034428794,0.8378378378378378
0.048589341692789965,0.8378378378378378
0.04866562009419152,0.8378378378378378
0.04874213836477988,0.8378378378378378
0.048818897637795275,0.8378378378378378
0.04889589905362776,0.8378378378378378
0.04897314375987362,0.8378378378378378
0.0490506329113924,0.8378378378378378
0.0491283676703645,0.8378378378378378
0.049206349206349205,0.8378378378378378
0.0492845786963434,0.8378378378378378
0.04936305732484077,0.8378378378378378
0.049441786283891544,0.8378378378378378
0.04952076677316294,0.8378378378378378
0.0496,0.8378378378378378
0.049679487179487176,0.8378378378378378
0.04975922953451043,0.8378378378378378
0.04983922829581994,0.8378378378378378
0.0499194847020934,0.8378378378378378
0.05,0.8378378378378378
0.050080775444264945,0.8378378378378378
0.05016181229773463,0.8378378378378378
0.050243111831442464,0.8378378378378378
0.05032467532467533,0.8378378378378378
0.05040650406504065,0.8378378378378378
0.050488599348534204,0.8378378378378378
0.05057096247960848,0.8378378378378378
0.05065359477124183,0.8378378378378378
0.05073649754500818,0.8378378378378378
0.05081967213114754,0.8378378378378378
0.05090311986863711,0.8378378378378378
0.05098684210526316,0.8378378378378378
0.051070840197693576,0.8378378378378378
0.05115511551155116,0.8378378378378378
0.0512396694214876,0.8378378378378378
0.05132450331125828,0.8378378378378378
0.05140961857379768,0.8378378378378378
0.05149501661129568,0.8378378378378378
0.051580698835274545,0.8378378378378378
0.051666666666666666,0.8378378378378378
0.05175292153589316,0.8378378378378378
0.051839464882943144,0.8378378378378378
0.051926298157453935,0.8378378378378378
0.05201342281879195,0.8378378378378378
0.052100840336134456,0.8378378378378378
0.05218855218855219,0.8378378378378378
0.05227655986509275,0.8378378378378378
0.052364864864864864,0.8378378378378378
0.05245346869712352,0.8378378378378378
0.05272108843537415,0.8378378378378378
0.05281090289608177,0.8378378378378378
0.052901023890784986,0.8378378378378378
0.05299145299145299,0.8378378378378378
0.053082191780821915,0.8378378378378378
0.05317324185248713,0.8378378378378378
0.05326460481099656,0.8378378378378378
0.05335628227194492,0.8378378378378378
0.05344827586206897,0.8378378378378378
0.0535405872193437,0.8378378378378378
0.05363321799307959,0.8378378378378378
0.053726169844020795,0.8378378378378378
0.05381944444444445,0.8378378378378378
0.05391304347826087,0.8378378378378378
0.05400696864111498,0.8378378378378378
0.05410122164048865,0.8378378378378378
0.05419580419580419,0.8378378378378378
0.0542907180385289,0.8378378378378378
0.054385964912280704,0.8378378378378378
0.054481546572934976,0.8378378378378378
0.05457746478873239,0.8378378378378378
0.054673721340388004,0.8378378378378378
0.054770318021201414,0.8378378378378378
0.05486725663716814,0.8378378378378378
0.0549645390070922,0.8378378378378378
0.055062166962699825,0.8378378378378378
0.05516014234875445,0.8378378378378378
0.05525846702317291,0.8378378378378378
0.055357142857142855,0.8378378378378378
0.055456171735241505,0.8378378378378378
0.05555555555555555,0.8378378378378378
0.05565529622980251,0.8378378378378378
0.05575539568345324,0.8378378378378378
0.055855855855855854,0.8378378378378378
0.05595667870036101,0.8378378378378378
0.05605786618444846,0.8378378378378378
0.05615942028985507,0.8378378378378378
0.056363636363636366,0.8378378378378378
0.056466302367941715,0.8378378378378378
0.05656934306569343,0.8378378378378378
0.056672760511883,0.8378378378378378
0.056776556776556776,0.8378378378378378
0.05688073394495413,0.8378378378378378
0.05698529411764706,0.8378378378378378
0.0570902394106814,0.8378378378378378
0.05719557195571956,0.8378378378378378
0.05730129390018484,0.8378378378378378
0.05740740740740741,0.8378378378378378
0.0575139146567718,0.8378378378378378
0.05762081784386617,0.8378378378378378
0.05772811918063315,0.8378378378378378
0.05783582089552239,0.8378378378378378
0.05794392523364486,0.8378378378378378
0.05805243445692884,0.8378378378378378
0.058161350844277676,0.8378378378378378
0.05827067669172932,0.8378378378378378
0.0583804143126177,0.8378378378378378
0.05849056603773585,0.8378378378378378
0.05860113421550094,0.8378378378378378
0.058712121212121215,0.8378378378378378
0.058823529411764705,0.8378378378378378
0.058935361216730035,0.8378378378378378
0.05904761904761905,0.8378378378378378
0.05916030534351145,0.8378378378378378
0.05927342256214149,0.8378378378378378
0.05938697318007663,0.8378378378378378
0.05950095969289827,0.8378378378378378
0.05961538461538462,0.8378378378378378
0.05973025048169557,0.8378378378378378
0.05791505791505792,0.8108108108108109
0.058027079303675046,0.8108108108108109
0.05813953488372093,0.8108108108108109
0.05825242718446602,0.8108108108108109
0.058365758754863814,0.8108108108108109
0.05847953216374269,0.8108108108108109
0.05859375,0.8108108108108109
0.05870841487279843,0.8108108108108109
0.058823529411764705,0.8108108108108109
0.05893909626719057,0.8108108108108109
0.05905511811023622,0.8108108108108109
0.05917159763313609,0.8108108108108109
0.05928853754940711,0.8108108108108109
0.0594059405940594,0.8108108108108109
0.05952380952380952,0.8108108108108109
0.05964214711729622,0.8108108108108109
0.05976095617529881,0.8108108108108109
0.059880239520958084,0.8108108108108109
0.06,0.8108108108108109
0.06012024048096192,0.8108108108108109
0.060240963855421686,0.8108108108108109
0.060362173038229376,0.8108108108108109
0.06048387096774194,0.8108108108108109
0.06060606060606061,0.8108108108108109
0.06072874493927125,0.8108108108108109
0.060851926977687626,0.8108108108108109
0.06097560975609756,0.8108108108108109
0.061224489795918366,0.8108108108108109
0.06134969325153374,0.8108108108108109
0.06147540983606557,0.8108108108108109
0.061601642710472276,0.8108108108108109
0.06172839506172839,0.8108108108108109
0.061855670103092786,0.8108108108108109
0.06198347107438017,0.8108108108108109
0.062111801242236024,0.8108108108108109
0.06224066390041494,0.8108108108108109
0.062370062370062374,0.8108108108108109
0.0625,0.8108108108108109
0.06263048016701461,0.8108108108108109
0.06276150627615062,0.8108108108108109
0.06289308176100629,0.8108108108108109
0.06302521008403361,0.8108108108108109
0.06315789473684211,0.8108108108108109
0.06329113924050633,0.8108108108108109
0.06342494714587738,0.8108108108108109
0.0635593220338983,0.8108108108108109
0.06369426751592357,0.8108108108108109
0.06382978723404255,0.8108108108108109
0.06396588486140725,0.8108108108108109
0.0641025641025641,0.8108108108108109
0.06423982869379015,0.8108108108108109
0.06437768240343347,0.8108108108108109
0.06451612903225806,0.8108108108108109
0.06465517241379311,0.8108108108108109
0.06479481641468683,0.8108108108108109
0.06493506493506493,0.8108108108108109
0.0650759219088937,0.8108108108108109
0.06521739130434782,0.8108108108108109
0.06535947712418301,0.8108108108108109
0.06550218340611354,0.8108108108108109
0.06564551422319474,0.8108108108108109
0.06578947368421052,0.8108108108108109
0.06593406593406594,0.8108108108108109
0.06607929515418502,0.8108108108108109
0.06622516556291391,0.8108108108108109
0.06637168141592921,0.8108108108108109
0.06651884700665188,0.8108108108108109
0.06666666666666667,0.8108108108108109
0.066815144766147,0.8108108108108109
0.06696428571428571,0.8108108108108109
0.06711409395973154,0.8108108108108109
0.06726457399103139,0.8108108108108109
0.06741573033707865,0.8108108108108109
0.06756756756756757,0.8108108108108109
0.06772009029345373,0.8108108108108109
0.06787330316742081,0.8108108108108109
0.06802721088435375,0.8108108108108109
0.06818181818181818,0.8108108108108109
0.0683371298405467,0.8108108108108109
0.0684931506849315,0.8108108108108109
0.06864988558352403,0.8108108108108109
0.06880733944954129,0.8108108108108109
0.06896551724137931,0.8108108108108109
0.06912442396313365,0.8108108108108109
0.06928406466512702,0.8108108108108109
0.06944444444444445,0.8108108108108109
0.06960556844547564,0.8108108108108109
0.06976744186046512,0.8108108108108109
0.06993006993006994,0.8108108108108109
0.07009345794392523,0.8108108108108109
0.0702576112412178,0.8108108108108109
0.07042253521126761,0.8108108108108109
0.07058823529411765,0.8108108108108109
0.07075471698113207,0.8108108108108109
0.07092198581560284,0.8108108108108109
0.07109004739336493,0.8108108108108109
0.07125890736342043,0.8108108108108109
0.07142857142857142,0.8108108108108109
0.07159904534606205,0.8108108108108109
0.07177033492822966,0.8108108108108109
0.07194244604316546,0.8108108108108109
0.07211538461538461,0.8108108108108109
0.07228915662650602,0.8108108108108109
0.07246376811594203,0.8108108108108109
0.07263922518159806,0.8108108108108109
0.07281553398058252,0.8108108108108109
0.072992700729927,0.8108108108108109
0.07317073170731707,0.8108108108108109
0.07334963325183375,0.8108108108108109
0.07352941176470588,0.8108108108108109
0.07371007371007371,0.8108108108108109
0.07389162561576355,0.8108108108108109
0.07407407407407407,0.8108108108108109
0.07425742574257425,0.8108108108108109
0.07444168734491315,0.8108108108108109
0.07462686567164178,0.8108108108108109
0.07481296758104738,0.8108108108108109
0.075,0.8108108108108109
0.07518796992481203,0.8108108108108109
0.07537688442211055,0.8108108108108109
0.07304785894206549,0.7837837837837838
0.07323232323232323,0.7837837837837838
0.07341772151898734,0.7837837837837838
0.07360406091370558,0.7837837837837838
0.0737913486005089,0.7837837837837838
0.07397959183673469,0.7837837837837838
0.0741687979539642,0.7837837837837838
0.07435897435897436,0.7837837837837838
0.07455012853470437,0.7837837837837838
0.07474226804123711,0.7837837837837838
0.07493540051679587,0.7837837837837838
0.07512953367875648,0.7837837837837838
0.07532467532467532,0.7837837837837838
0.07552083333333333,0.7837837837837838
0.07571801566579635,0.7837837837837838
0.07591623036649214,0.7837837837837838
0.07611548556430446,0.7837837837837838
0.07631578947368421,0.7837837837837838
0.07651715039577836,0.7837837837837838
0.07671957671957672,0.7837837837837838
0.07692307692307693,0.7837837837837838
0.07712765957446809,0.7837837837837838
0.07733333333333334,0.7837837837837838
0.07754010695187166,0.7837837837837838
0.0777479892761394,0.7837837837837838
0.07795698924731183,0.7837837837837838
0.07816711590296496,0.7837837837837838
0.07837837837837838,0.7837837837837838
0.07859078590785908,0.7837837837837838
0.07880434782608696,0.7837837837837838
0.07901907356948229,0.7837837837837838
0.07923497267759563,0.7837837837837838
0.07945205479452055,0.7837837837837838
0.07967032967032966,0.7837837837837838
0.07988980716253444,0.7837837837837838
0.08011049723756906,0.7837837837837838
0.08033240997229917,0.7837837837837838
0.08055555555555556,0.7837837837837838
0.0807799442896936,0.7837837837837838
0.08100558659217877,0.7837837837837838
0.08123249299719888,0.7837837837837838
0.08146067415730338,0.7837837837837838
0.08169014084507042,0.7837837837837838
0.07909604519774012,0.7567567567567568
0.07932011331444759,0.7567567567567568
0.07954545454545454,0.7567567567567568
0.07977207977207977,0.7567567567567568
0.08,0.7567567567567568
0.08022922636103152,0.7567567567567568
0.08045977011494253,0.7567567567567568
0.08069164265129683,0.7567567567567568
0.08092485549132948,0.7567567567567568
0.08115942028985507,0.7567567567567568
0.08139534883720931,0.7567567567567568
0.08163265306122448,0.7567567567567568
0.08187134502923976,0.7567567567567568
0.08211143695014662,0.7567567567567568
0.08235294117647059,0.7567567567567568
0.08259587020648967,0.7567567567567568
0.08284023668639054,0.7567567567567568
0.0830860534124629,0.7567567567567568
0.08333333333333333,0.7567567567567568
0.08358208955223881,0.7567567567567568
0.08383233532934131,0.7567567567567568
0.08408408408408409,0.7567567567567568
0.08433734939759036,0.7567567567567568
0.08459214501510574,0.7567567567567568
0.08484848484848485,0.7567567567567568
0.0851063829787234,0.7567567567567568
0.08536585365853659,0.7567567567567568
0.0856269113149847,0.7567567567567568
0.08588957055214724,0.7567567567567568
0.08615384615384615,0.7567567567567568
0.08641975308641975,0.7567567567567568
0.08668730650154799,0.7567567567567568
0.08695652173913043,0.7567567567567568
0.08722741433021806,0.7567567567567568
0.0875,0.7567567567567568
0.0877742946708464,0.7567567567567568
0.0880503144654088,0.7567567567567568
0.08832807570977919,0.7567567567567568
0.08860759493670886,0.7567567567567568
0.08888888888888889,0.7567567567567568
0.08598726114649681,0.7297297297297297
0.08626198083067092,0.7297297297297297
0.08653846153846154,0.7297297297297297
0.08681672025723473,0.7297297297297297
0.08709677419354839,0.7297297297297297
0.08737864077669903,0.7297297297297297
0.08766233766233766,0.7297297297297297
0.08794788273615635,0.7297297297297297
0.08823529411764706,0.7297297297297297
0.08852459016393442,0.7297297297297297
0.08881578947368421,0.7297297297297297
0.0891089108910891,0.7297297297297297
0.08940397350993377,0.7297297297297297
0.08970099667774087,0.7297297297297297
0.09,0.7297297297297297
0.0903010033444816,0.7297297297297297
0.09060402684563758,0.7297297297297297
0.09090909090909091,0.7297297297297297
0.09121621621621621,0.7297297297297297
0.09152542372881356,0.7297297297297297
0.09183673469387756,0.7297297297297297
0.09215017064846416,0.7297297297297297
0.09246575342465753,0.7297297297297297
0.09278350515463918,0.7297297297297297
0.09310344827586207,0.7297297297297297
0.09342560553633218,0.7297297297297297
0.09375,0.7297297297297297
0.09407665505226481,0.7297297297297297
0.0944055944055944,0.7297297297297297
0.09473684210526316,0.7297297297297297
0.09507042253521127,0.7297297297297297
0.09540636042402827,0.7297297297297297
0.09574468085106383,0.7297297297297297
0.09608540925266904,0.7297297297297297
0.09642857142857143,0.7297297297297297
0.0967741935483871,0.7297297297297297
0.09712230215827339,0.7297297297297297
0.09747292418772563,0.7297297297297297
0.09782608695652174,0.7297297297297297
0.09818181818181818,0.7297297297297297
0.09854014598540146,0.7297297297297297
0.0989010989010989,0.7297297297297297
0.09926470588235294,0.7297297297297297
0.0996309963099631,0.7297297297297297
0.1,0.7297297297297297
0.10037174721189591,0.7297297297297297
0.10074626865671642,0.7297297297297297
0.10112359550561797,0.7297297297297297
0.10150375939849623,0.7297297297297297
0.1018867924528302,0.7297297297297297
0.10227272727272728,0.7297297297297297
0.10266159695817491,0.7297297297297297
0.10305343511450382,0.7297297297297297
0.10344827586206896,0.7297297297297297
0.10384615384615385,0.7297297297297297
0.10424710424710425,0.7297297297297297
0.10465116279069768,0.7297297297297297
0.10505836575875487,0.7297297297297297
0.10546875,0.7297297297297297
0.10588235294117647,0.7297297297297297
0.1062992125984252,0.7297297297297297
0.1067193675889328,0.7297297297297297
0.10714285714285714,0.7297297297297297
0.10756972111553785,0.7297297297297297
0.108,0.7297297297297297
0.10843373493975904,0.7297297297297297
0.10887096774193548,0.7297297297297297
0.10931174089068826,0.7297297297297297
0.10975609756097561,0.7297297297297297
0.11020408163265306,0.7297297297297297
0.11065573770491803,0.7297297297297297
0.1111111111111111,0.7297297297297297
0.1115702479338843,0.7297297297297297
0.11203319502074689,0.7297297297297297
0.1125,0.7297297297297297
0.11297071129707113,0.7297297297297297
0.1134453781512605,0.7297297297297297
0.11392405063291139,0.7297297297297297
0.11440677966101695,0.7297297297297297
0.1148936170212766,0.7297297297297297
0.11538461538461539,0.7297297297297297
0.11587982832618025,0.7297297297297297
0.11637931034482758,0.7297297297297297
0.11688311688311688,0.7297297297297297
0.11739130434782609,0.7297297297297297
0.11790393013100436,0.7297297297297297
0.11842105263157894,0.7297297297297297
0.11894273127753303,0.7297297297297297
0.11946902654867257,0.7297297297297297
0.12,0.7297297297297297
0.12053571428571429,0.7297297297297297
0.1210762331838565,0.7297297297297297
0.12162162162162163,0.7297297297297297
0.12217194570135746,0.7297297297297297
0.12272727272727273,0.7297297297297297
0.1232876712328767,0.7297297297297297
0.12385321100917432,0.7297297297297297
0.12442396313364056,0.7297297297297297
0.125,0.7297297297297297
0.12093023255813953,0.7027027027027027
0.12149532710280374,0.7027027027027027
0.11737089201877934,0.6756756756756757
0.1179245283018868,0.6756756756756757
0.11848341232227488,0.6756756756756757
0.11904761904761904,0.6756756756756757
0.11961722488038277,0.6756756756756757
0.1201923076923077,0.6756756756756757
0.12077294685990338,0.6756756756756757
0.12135922330097088,0.6756756756756757
0.12195121951219512,0.6756756756756757
0.12254901960784313,0.6756756756756757
0.12376237623762376,0.6756756756756757
0.12437810945273632,0.6756756756756757
0.125,0.6756756756756757
0.12626262626262627,0.6756756756756757
0.12690355329949238,0.6756756756756757
0.12755102040816327,0.6756756756756757
0.1282051282051282,0.6756756756756757
0.12886597938144329,0.6756756756756757
0.12953367875647667,0.6756756756756757
0.13020833333333334,0.6756756756756757
0.13089005235602094,0.6756756756756757
0.13157894736842105,0.6756756756756757
0.13227513227513227,0.6756756756756757
0.13297872340425532,0.6756756756756757
0.13368983957219252,0.6756756756756757
0.13440860215053763,0.6756756756756757
0.13513513513513514,0.6756756756756757
0.1358695652173913,0.6756756756756757
0.1366120218579235,0.6756756756756757
0.13736263736263737,0.6756756756756757
0.13812154696132597,0.6756756756756757
0.1388888888888889,0.6756756756756757
0.13966480446927373,0.6756756756756757
0.1404494382022472,0.6756756756756757
0.14124293785310735,0.6756756756756757
0.14204545454545456,0.6756756756756757
0.14285714285714285,0.6756756756756757
0.14367816091954022,0.6756756756756757
0.14450867052023122,0.6756756756756757
0.14534883720930233,0.6756756756756757
0.14619883040935672,0.6756756756756757
0.14705882352941177,0.6756756756756757
0.14792899408284024,0.6756756756756757
0.1488095238095238,0.6756756756756757
0.1497005988023952,0.6756756756756757
0.15060240963855423,0.6756756756756757
0.15151515151515152,0.6756756756756757
0.1524390243902439,0.6756756756756757
0.15337423312883436,0.6756756756756757
0.15432098765432098,0.6756756756756757
0.15527950310559005,0.6756756756756757
0.15625,0.6756756756756757
0.15723270440251572,0.6756756756756757
0.15822784810126583,0.6756756756756757
0.1592356687898089,0.6756756756756757
0.16025641025641027,0.6756756756756757
0.16129032258064516,0.6756756756756757
0.16233766233766234,0.6756756756756757
0.16339869281045752,0.6756756756756757
0.16447368421052633,0.6756756756756757
0.16556291390728478,0.6756756756756757
0.16666666666666666,0.6756756756756757
0.16778523489932887,0.6756756756756757
0.16891891891891891,0.6756756756756757
0.17006802721088435,0.6756756756756757
0.17123287671232876,0.6756756756756757
0.1724137931034483,0.6756756756756757
0.1736111111111111,0.6756756756756757
0.17482517482517482,0.6756756756756757
0.176056338028169,0.6756756756756757
0.1773049645390071,0.6756756756756757
0.17857142857142858,0.6756756756756757
0.17985611510791366,0.6756756756756757
0.18115942028985507,0.6756756756756757
0.18248175182481752,0.6756756756756757
0.18382352941176472,0.6756756756756757
0.18518518518518517,0.6756756756756757
0.1791044776119403,0.6486486486486487
0.18045112781954886,0.6486486486486487
0.18181818181818182,0.6486486486486487
0.183206106870229,0.6486486486486487
0.18461538461538463,0.6486486486486487
0.18604651162790697,0.6486486486486487
0.1796875,0.6216216216216216
0.18110236220472442,0.6216216216216216
0.18253968253968253,0.6216216216216216
0.184,0.6216216216216216
0.18548387096774194,0.6216216216216216
0.18699186991869918,0.6216216216216216
0.1885245901639344,0.6216216216216216
0.19008264462809918,0.6216216216216216
0.19166666666666668,0.6216216216216216
0.19327731092436976,0.6216216216216216
0.19491525423728814,0.6216216216216216
0.19658119658119658,0.6216216216216216
0.19827586206896552,0.6216216216216216
0.2,0.6216216216216216
0.20175438596491227,0.6216216216216216
0.20353982300884957,0.6216216216216216
0.20535714285714285,0.6216216216216216
0.2072072072072072,0.6216216216216216
0.20909090909090908,0.6216216216216216
0.21100917431192662,0.6216216216216216
0.21296296296296297,0.6216216216216216
0.21495327102803738,0.6216216216216216
0.2169811320754717,0.6216216216216216
0.21904761904761905,0.6216216216216216
0.22115384615384615,0.6216216216216216
0.22330097087378642,0.6216216216216216
0.22549019607843138,0.6216216216216216
0.22772277227722773,0.6216216216216216
0.23,0.6216216216216216
0.23232323232323232,0.6216216216216216
0.23469387755102042,0.6216216216216216
0.23711340206185566,0.6216216216216216
0.23958333333333334,0.6216216216216216
0.24210526315789474,0.6216216216216216
0.24468085106382978,0.6216216216216216
0.24731182795698925,0.6216216216216216
0.25,0.6216216216216216
0.25274725274725274,0.6216216216216216
0.25555555555555554,0.6216216216216216
0.25842696629213485,0.6216216216216216
0.26136363636363635,0.6216216216216216
0.26436781609195403,0.6216216216216216
0.26744186046511625,0.6216216216216216
0.27058823529411763,0.6216216216216216
0.27380952380952384,0.6216216216216216
0.27710843373493976,0.6216216216216216
0.2804878048780488,0.6216216216216216
0.2839506172839506,0.6216216216216216
0.2875,0.6216216216216216
0.2911392405063291,0.6216216216216216
0.2948717948717949,0.6216216216216216
0.2987012987012987,0.6216216216216216
0.3026315789473684,0.6216216216216216
0.30666666666666664,0.6216216216216216
0.3108108108108108,0.6216216216216216
0.3150684931506849,0.6216216216216216
0.3194444444444444,0.6216216216216216
0.323943661971831,0.6216216216216216
0.32857142857142857,0.6216216216216216
0.3333333333333333,0.6216216216216216
0.3382352941176471,0.6216216216216216
0.34328358208955223,0.6216216216216216
0.3484848484848485,0.6216216216216216
0.35384615384615387,0.6216216216216216
0.359375,0.6216216216216216
0.36507936507936506,0.6216216216216216
0.3709677419354839,0.6216216216216216
0.3770491803278688,0.6216216216216216
0.38333333333333336,0.6216216216216216
0.3898305084745763,0.6216216216216216
0.3793103448275862,0.5945945945945946
0.38596491228070173,0.5945945945945946
0.39285714285714285,0.5945945945945946
0.4,0.5945945945945946
0.3888888888888889,0.5675675675675675
0.39622641509433965,0.5675675675675675
0.40384615384615385,0.5675675675675675
0.4117647058823529,0.5675675675675675
0.42,0.5675675675675675
0.42857142857142855,0.5675675675675675
0.4375,0.5675675675675675
0.44680851063829785,0.5675675675675675
0.45652173913043476,0.5675675675675675
0.4666666666666667,0.5675675675675675
0.4772727272727273,0.5675675675675675
0.4883720930232558,0.5675675675675675
0.5,0.5675675675675675
0.5121951219512195,0.5675675675675675
0.5,0.5405405405405406
0.5128205128205128,0.5405405405405406
0.5263157894736842,0.5405405405405406
0.5405405405405406,0.5405405405405406
0.5555555555555556,0.5405405405405406
0.5714285714285714,0.5405405405405406
0.5882352941176471,0.5405405405405406
0.6060606060606061,0.5405405405405406
0.625,0.5405405405405406
0.6451612903225806,0.5405405405405406
0.6666666666666666,0.5405405405405406
0.6896551724137931,0.5405405405405406
0.7142857142857143,0.5405405405405406
0.7037037037037037,0.5135135135135135
0.6923076923076923,0.4864864864864865
0.72,0.4864864864864865
0.75,0.4864864864864865
0.782608695652174,0.4864864864864865
0.7727272727272727,0.4594594594594595
0.8095238095238095,0.4594594594594595
0.8,0.43243243243243246
0.7894736842105263,0.40540540540540543
0.7777777777777778,0.3783783783783784
0.7647058823529411,0.35135135135135137
0.75,0.32432432432432434
0.7333333333333333,0.2972972972972973
0.7857142857142857,0.2972972972972973
0.7692307692307693,0.2702702702702703
0.75,0.24324324324324326
0.7272727272727273,0.21621621621621623
0.7,0.1891891891891892
0.6666666666666666,0.16216216216216217
0.625,0.13513513513513514
0.7142857142857143,0.13513513513513514
0.8333333333333334,0.13513513513513514
1.0,0.13513513513513514
1.0,0.10810810810810811
1.0,0.08108108108108109
1.0,0.05405405405405406
1.0,0.02702702702702703
1.0,0.0
