Precision,Recall
0.033112582781456956,1.0
0.03231151615575808,0.975
0.03233830845771144,0.975
0.03236514522821577,0.975
0.03239202657807309,0.975
0.032418952618453865,0.975
0.0324459234608985,0.975
0.0324729392173189,0.975
0.0325,0.975
0.03252710592160134,0.975
0.0325542570951586,0.975
0.03258145363408521,0.975
0.03260869565217391,0.975
0.032635983263598324,0.975
0.032663316582914576,0.975
0.03269069572506287,0.975
0.03271812080536913,0.975
0.0327455919395466,0.975
0.03277310924369748,0.975
0.03280067283431455,0.975
0.03282828282828283,0.975
0.03285593934288121,0.975
0.03288364249578415,0.975
0.03291139240506329,0.975
0.032939189189189186,0.975
0.03296703296703297,0.975
0.03299492385786802,0.975
0.03302286198137172,0.975
0.03305084745762712,0.975
0.03307888040712468,0.975
0.03310696095076401,0.975
0.03313508920985556,0.975
0.03316326530612245,0.975
0.033191489361702124,0.975
0.03321976149914821,0.975
0.03324808184143223,0.975
0.033276450511945395,0.975
0.033304867634500426,0.975
0.03333333333333333,0.975
0.033361847733105215,0.975
0.03339041095890411,0.975
0.033419023136246784,0.975
0.03344768439108062,0.975
0.03347639484978541,0.975
0.03350515463917526,0.975
0.03353396388650043,0.975
0.03356282271944923,0.975
0.03359173126614987,0.975
0.03362068965517241,0.975
0.03364969801553063,0.975
0.03367875647668394,0.975
0.033707865168539325,0.975
0.03373702422145329,0.975
0.033766233766233764,0.975
0.033795493934142114,0.975
0.033824804856895055,0.975
0.033854166666666664,0.975
0.03388357949609035,0.975
0.03391304347826087,0.975
0.033942558746736295,0.975
0.03397212543554007,0.975
0.03400174367916303,0.975
0.034031413612565446,0.975
0.03406113537117904,0.975
0.03409090909090909,0.975
0.03412073490813648,0.975
0.03415061295971979,0.975
0.03418054338299737,0.975
0.034210526315789476,0.975
0.03424056189640035,0.975
0.03427065026362039,0.975
0.03430079155672823,0.975
0.03433098591549296,0.975
0.03436123348017621,0.975
0.03439153439153439,0.975
0.03442188879082083,0.975
0.03445229681978799,0.975
0.034482758620689655,0.975
0.034513274336283185,0.975
0.03454384410983171,0.975
0.034574468085106384,0.975
0.03460514640638864,0.975
0.03463587921847247,0.975
0.034666666666666665,0.975
0.03469750889679715,0.975
0.034728406055209264,0.975
0.034759358288770054,0.975
0.03479036574487065,0.975
0.03482142857142857,0.975
0.03485254691689008,0.975
0.03488372093023256,0.975
0.03491495076096687,0.975
0.03494623655913978,0.975
0.03497757847533632,0.975
0.03500897666068223,0.975
0.03504043126684636,0.975
0.03507194244604316,0.975
0.0351035103510351,0.975
0.03513513513513514,0.975
0.0351668169522092,0.975
0.0351985559566787,0.975
0.03523035230352303,0.975
0.0352622061482821,0.975
0.03529411764705882,0.975
0.035326086956521736,0.975
0.03535811423390753,0.975
0.03539019963702359,0.975
0.035422343324250684,0.975
0.035454545454545454,0.975
0.03548680618744313,0.975
0.03551912568306011,0.975
0.03555150410209663,0.975
0.035583941605839414,0.975
0.03561643835616438,0.975
0.0356489945155393,0.975
0.035681610247026534,0.975
0.03571428571428571,0.975
0.035747021081576534,0.975
0.03577981651376147,0.975
0.03581267217630854,0.975
0.035845588235294115,0.975
0.035878564857405704,0.975
0.03591160220994475,0.975
0.035944700460829496,0.975
0.035977859778597784,0.975
0.036011080332409975,0.975
0.036044362292051754,0.975
0.036077705827937095,0.975
0.03611111111111111,0.975
0.03614457831325301,0.975
0.036178107606679034,0.975
0.036211699164345405,0.975
0.0362453531598513,0.975
0.03627906976744186,0.975
0.036312849162011177,0.975
0.036346691519105315,0.975
0.036380597014925374,0.975
0.036414565826330535,0.975
0.03644859813084112,0.975
0.03648269410664172,0.975
0.03651685393258427,0.975
0.03655107778819119,0.975
0.036585365853658534,0.975
0.036619718309859155,0.975
0.03665413533834586,0.975
0.036688617121354655,0.975
0.03672316384180791,0.975
0.036757775683317624,0.975
0.03679245283018868,0.975
0.036827195467422094,0.975
0.036862003780718335,0.975
0.036896877956480605,0.975
0.036931818181818184,0.975
0.03696682464454976,0.975
0.03700189753320683,0.975
0.037037037037037035,0.975
0.0370722433460076,0.975
0.037107516650808754,0.975
0.037142857142857144,0.975
0.037178265014299335,0.975
0.03721374045801527,0.975
0.03724928366762178,0.975
0.0372848948374761,0.975
0.03732057416267943,0.975
0.03735632183908046,0.975
0.037392138063279005,0.975
0.03742802303262956,0.975
0.037463976945244955,0.975
0.0375,0.975
0.03753609239653513,0.975
0.03757225433526012,0.975
0.037608486017357765,0.975
0.037644787644787646,0.975
0.03768115942028986,0.975
0.037717601547388784,0.975
0.0377541142303969,0.975
0.0377906976744186,0.975
0.037827352085354024,0.975
0.037864077669902914,0.975
0.037900874635568516,0.975
0.037937743190661476,0.975
0.0379746835443038,0.975
0.038011695906432746,0.975
0.03804878048780488,0.975
0.0380859375,0.975
0.03812316715542522,0.975
0.03816046966731898,0.975
0.03819784524975514,0.975
0.03823529411764706,0.975
0.038272816486751716,0.975
0.03831041257367387,0.975
0.038348082595870206,0.975
0.038385826771653545,0.975
0.03842364532019704,0.975
0.038461538461538464,0.975
0.0384995064165844,0.975
0.038537549407114624,0.975
0.03857566765578635,0.975
0.03861386138613861,0.975
0.03865213082259663,0.975
0.03869047619047619,0.975
0.038728897715988087,0.975
0.03876739562624255,0.975
0.03880597014925373,0.975
0.03884462151394422,0.975
0.038883349950149554,0.975
0.038922155688622756,0.975
0.03896103896103896,0.975
0.039,0.975
0.03903903903903904,0.975
0.03907815631262525,0.975
0.03911735205616851,0.975
0.0391566265060241,0.975
0.03919597989949749,0.975
0.039235412474849095,0.975
0.03927492447129909,0.975
0.03931451612903226,0.975
0.039354187689202826,0.975
0.03939393939393939,0.975
0.03943377148634985,0.975
0.039473684210526314,0.975
0.03951367781155015,0.975
0.03955375253549696,0.975
0.03959390862944162,0.975
0.039634146341463415,0.975
0.03967446592065107,0.975
0.03971486761710794,0.975
0.039755351681957186,0.975
0.03979591836734694,0.975
0.03983656792645557,0.975
0.03987730061349693,0.975
0.03991811668372569,0.975
0.039959016393442626,0.975
0.04,0.975
0.04004106776180698,0.975
0.040082219938335044,0.975
0.040123456790123455,0.975
0.04016477857878476,0.975
0.04020618556701031,0.975
0.04024767801857585,0.975
0.040289256198347105,0.975
0.04033092037228542,0.975
0.040372670807453416,0.975
0.04041450777202073,0.975
0.04045643153526971,0.975
0.040498442367601244,0.975
0.04054054054054054,0.975
0.04058272632674298,0.975
0.040625,0.975
0.040667361835245046,0.975
0.0407098121085595,0.975
0.04075235109717868,0.975
0.04079497907949791,0.975
0.040837696335078534,0.975
0.040880503144654086,0.975
0.040923399790136414,0.975
0.04096638655462185,0.975
0.04100946372239748,0.975
0.04105263157894737,0.975
0.0410958904109589,0.975
0.04113924050632911,0.975
0.04118268215417107,0.975
0.0412262156448203,0.975
0.04126984126984127,0.975
0.0413135593220339,0.975
0.041357370095440084,0.975
0.041401273885350316,0.975
0.04144527098831031,0.975
0.04148936170212766,0.975
0.04153354632587859,0.975
0.04157782515991471,0.975
0.0416221985058698,0.975
0.041666666666666664,0.975
0.04171122994652406,0.975
0.0417558886509636,0.975
0.04180064308681672,0.975
0.04184549356223176,0.975
0.04189044038668099,0.975
0.041935483870967745,0.975
0.04198062432723358,0.975
0.04202586206896552,0.975
0.042071197411003236,0.975
0.042116630669546434,0.975
0.04216216216216216,0.975
0.04220779220779221,0.975
0.04225352112676056,0.975
0.04229934924078091,0.975
0.04234527687296417,0.975
0.042391304347826085,0.975
0.042437431991294884,0.975
0.042483660130718956,0.975
0.04252998909487459,0.975
0.0425764192139738,0.975
0.04262295081967213,0.975
0.04266958424507659,0.975
0.04271631982475356,0.975
0.04276315789473684,0.975
0.042810098792535674,0.975
0.04285714285714286,0.975
0.0429042904290429,0.975
0.042951541850220265,0.975
0.04299889746416759,0.975
0.04304635761589404,0.975
0.0430939226519337,0.975
0.04314159292035398,0.975
0.04318936877076412,0.975
0.043237250554323724,0.975
0.04328523862375139,0.975
0.043333333333333335,0.975
0.04338153503893215,0.975
0.043429844097995544,0.975
0.043478260869565216,0.975
0.04352678571428571,0.975
0.04357541899441341,0.975
0.0436241610738255,0.975
0.043673012318029114,0.975
0.043721973094170405,0.975
0.04377104377104377,0.975
0.043820224719101124,0.975
0.043869516310461196,0.975
0.04391891891891892,0.975
0.043968432919954906,0.975
0.04401805869074492,0.975
0.04406779661016949,0.975
0.04411764705882353,0.975
0.044167610419026046,0.975
0.04421768707482993,0.975
0.04426787741203178,0.975
0.04431818181818182,0.975
0.04436860068259386,0.975
0.04441913439635535,0.975
0.04446978335233751,0.975
0.04452054794520548,0.975
0.044571428571428574,0.975
0.04462242562929062,0.975
0.044673539518900345,0.975
0.04472477064220184,0.975
0.04477611940298507,0.975
0.04482758620689655,0.975
0.04487917146144994,0.975
0.044930875576036866,0.975
0.04498269896193772,0.975
0.04503464203233257,0.975
0.04508670520231214,0.975
0.04513888888888889,0.975
0.04519119351100811,0.975
0.04524361948955916,0.975
0.04529616724738676,0.975
0.04534883720930233,0.975
0.04540162980209546,0.975
0.045454545454545456,0.975
0.045507584597432905,0.975
0.0455607476635514,0.975
0.0456140350877193,0.975
0.04566744730679157,0.975
0.04572098475967175,0.975
0.045774647887323945,0.975
0.045828437132784956,0.975
0.04588235294117647,0.975
0.045936395759717315,0.975
0.045990566037735846,0.975
0.04604486422668241,0.975
0.04609929078014184,0.975
0.046153846153846156,0.975
0.0462085308056872,0.975
0.046263345195729534,0.975
0.04631828978622328,0.975
0.04637336504161712,0.975
0.04642857142857143,0.975
0.04648390941597139,0.975
0.046539379474940336,0.975
0.04659498207885305,0.975
0.04665071770334928,0.975
0.046706586826347304,0.975
0.046762589928057555,0.975
0.0468187274909964,0.975
0.046875,0.975
0.04693140794223827,0.975
0.046987951807228916,0.975
0.047044632086851626,0.975
0.04710144927536232,0.975
0.0471584038694075,0.975
0.04721549636803874,0.975
0.04727272727272727,0.975
0.04733009708737864,0.975
0.04738760631834751,0.975
0.04744525547445255,0.975
0.047503045066991476,0.975
0.0475609756097561,0.975
0.047619047619047616,0.975
0.04767726161369193,0.975
0.04773561811505508,0.975
0.04779411764705882,0.975
0.04785276073619632,0.975
0.04791154791154791,0.975
0.04797047970479705,0.975
0.0480295566502463,0.975
0.04808877928483354,0.975
0.04814814814814815,0.975
0.048207663782447466,0.975
0.04826732673267327,0.975
0.048327137546468404,0.975
0.04838709677419355,0.975
0.0484472049689441,0.975
0.048507462686567165,0.975
0.048567870485678705,0.975
0.048628428927680795,0.975
0.04868913857677903,0.975
0.04875,0.975
0.04881101376720901,0.975
0.04887218045112782,0.975
0.04893350062735257,0.975
0.048994974874371856,0.975
0.04905660377358491,0.975
0.0491183879093199,0.975
0.04918032786885246,0.975
0.04924242424242424,0.975
0.0493046776232617,0.975
0.049367088607594936,0.975
0.049429657794676805,0.975
0.04949238578680203,0.975
0.04955527318932656,0.975
0.04961832061068702,0.975
0.049681528662420385,0.975
0.04974489795918367,0.975
0.04980842911877394,0.975
0.049872122762148335,0.975
0.0499359795134443,0.975
0.05,0.975
0.05006418485237484,0.975
0.05012853470437018,0.975
0.05019305019305019,0.975
0.05025773195876289,0.975
0.05032258064516129,0.975
0.050387596899224806,0.975
0.050452781371280724,0.975
0.050518134715025906,0.975
0.05058365758754864,0.975
0.05064935064935065,0.975
0.05071521456436931,0.975
0.05078125,0.975
0.05084745762711865,0.975
0.050913838120104436,0.975
0.050980392156862744,0.975
0.051047120418848166,0.975
0.05111402359108781,0.975
0.051181102362204724,0.975
0.051248357424441525,0.975
0.05131578947368421,0.975
0.05138339920948617,0.975
0.051451187335092345,0.975
0.05151915455746367,0.975
0.051587301587301584,0.975
0.051655629139072845,0.975
0.05172413793103448,0.975
0.05179282868525897,0.975
0.05186170212765957,0.975
0.05193075898801598,0.975
0.052,0.975
0.0520694259012016,0.975
0.05213903743315508,0.975
0.05220883534136546,0.975
0.05227882037533512,0.975
0.052348993288590606,0.975
0.05241935483870968,0.975
0.052489905787348586,0.975
0.05256064690026954,0.975
0.05263157894736842,0.975
0.052702702702702706,0.975
0.05277401894451962,0.975
0.052845528455284556,0.975
0.052917232021709636,0.975
0.05298913043478261,0.975
0.053061224489795916,0.975
0.05313351498637602,0.975
0.05320600272851296,0.975
0.05327868852459016,0.975
0.0533515731874145,0.975
0.05342465753424658,0.975
0.053497942386831275,0.975
0.05357142857142857,0.975
0.05364511691884457,0.975
0.05371900826446281,0.975
0.05379310344827586,0.975
0.05386740331491713,0.975
0.05394190871369295,0.975
0.054016620498614956,0.975
0.05409153952843273,0.975
0.05416666666666667,0.975
0.054242002781641166,0.975
0.054317548746518104,0.975
0.05439330543933055,0.975
0.05446927374301676,0.975
0.05454545454545454,0.975
0.0546218487394958,0.975
0.0546984572230014,0.975
0.054775280898876406,0.975
0.05485232067510549,0.975
0.054929577464788736,0.975
0.05500705218617771,0.975
0.05508474576271186,0.975
0.055162659123055166,0.975
0.05524079320113314,0.975
0.05531914893617021,0.975
0.05539772727272727,0.975
0.05547652916073969,0.975
0.05555555555555555,0.975
0.05563480741797432,0.975
0.055714285714285716,0.975
0.055793991416309016,0.975
0.055873925501432664,0.975
0.05595408895265423,0.975
0.05603448275862069,0.975
0.05611510791366906,0.975
0.056195965417867436,0.975
0.05627705627705628,0.975
0.05635838150289017,0.975
0.056439942112879886,0.975
0.05652173913043478,0.975
0.05660377358490566,0.975
0.056686046511627904,0.975
0.056768558951965066,0.975
0.056851311953352766,0.975
0.05693430656934306,0.975
0.05701754385964912,0.975
0.05710102489019034,0.975
0.05718475073313783,0.975
0.05726872246696035,0.975
0.057352941176470586,0.975
0.05743740795287187,0.975
0.05752212389380531,0.975
0.05760709010339734,0.975
0.057692307692307696,0.975
0.057777777777777775,0.975
0.057863501483679525,0.975
0.05794947994056464,0.975
0.05803571428571429,0.975
0.05812220566318927,0.975
0.058208955223880594,0.975
0.05829596412556054,0.975
0.058383233532934134,0.975
0.05847076461769116,0.975
0.05855855855855856,0.975
0.058646616541353384,0.975
0.058734939759036146,0.975
0.058823529411764705,0.975
0.05891238670694864,0.975
0.059001512859304085,0.975
0.05909090909090909,0.975
0.05918057663125948,0.975
0.05927051671732523,0.975
0.0593607305936073,0.975
0.05945121951219512,0.975
0.059541984732824425,0.975
0.05963302752293578,0.975
0.05972434915773354,0.975
0.0598159509202454,0.975
0.059907834101382486,0.975
0.06,0.975
0.060092449922958396,0.975
0.06018518518518518,0.975
0.06027820710973725,0.975
0.06037151702786378,0.975
0.06046511627906977,0.975
0.06055900621118013,0.975
0.060653188180404355,0.975
0.06074766355140187,0.975
0.060842433697347896,0.975
0.0609375,0.975
0.06103286384976526,0.975
0.061128526645768025,0.975
0.061224489795918366,0.975
0.06132075471698113,0.975
0.06141732283464567,0.975
0.061514195583596214,0.975
0.061611374407582936,0.975
0.061708860759493674,0.975
0.061806656101426306,0.975
0.06190476190476191,0.975
0.06200317965023847,0.975
0.06210191082802548,0.975
0.06220095693779904,0.975
0.06230031948881789,0.975
0.0624,0.975
0.0625,0.975
0.06260032102728733,0.975
0.06270096463022508,0.975
0.06280193236714976,0.975
0.06290322580645161,0.975
0.0630048465266559,0.975
0.06310679611650485,0.975
0.06320907617504051,0.975
0.0633116883116883,0.975
0.06341463414634146,0.975
0.06351791530944625,0.975
0.0636215334420881,0.975
0.06372549019607843,0.975
0.06382978723404255,0.975
0.06393442622950819,0.975
0.06403940886699508,0.975
0.06414473684210527,0.975
0.0642504118616145,0.975
0.06435643564356436,0.975
0.06446280991735537,0.975
0.06456953642384106,0.975
0.06467661691542288,0.975
0.06478405315614617,0.975
0.064891846921797,0.975
0.065,0.975
0.0651085141903172,0.975
0.06521739130434782,0.975
0.06532663316582915,0.975
0.06543624161073826,0.975
0.06554621848739496,0.975
0.06565656565656566,0.975
0.0657672849915683,0.975
0.06587837837837837,0.975
0.06598984771573604,0.975
0.06610169491525424,0.975
0.06621392190152801,0.975
0.0663265306122449,0.975
0.06643952299829642,0.975
0.06655290102389079,0.975
0.06666666666666667,0.975
0.06678082191780822,0.975
0.06689536878216124,0.975
0.06701030927835051,0.975
0.06712564543889846,0.975
0.06724137931034482,0.975
0.06735751295336788,0.975
0.06747404844290658,0.975
0.06759098786828423,0.975
0.06770833333333333,0.975
0.06782608695652174,0.975
0.06794425087108014,0.975
0.06806282722513089,0.975
0.06818181818181818,0.975
0.06830122591943957,0.975
0.06842105263157895,0.975
0.06854130052724078,0.975
0.06866197183098592,0.975
0.06878306878306878,0.975
0.06890459363957598,0.975
0.06902654867256637,0.975
0.06914893617021277,0.975
0.06927175843694494,0.975
0.0693950177935943,0.975
0.06951871657754011,0.975
0.06964285714285715,0.975
0.06976744186046512,0.975
0.06989247311827956,0.975
0.07001795332136446,0.975
0.07014388489208633,0.975
0.07027027027027027,0.975
0.0703971119133574,0.975
0.0705244122965642,0.975
0.07065217391304347,0.975
0.07078039927404718,0.975
0.07090909090909091,0.975
0.07103825136612021,0.975
0.07116788321167883,0.975
0.0712979890310786,0.975
0.07142857142857142,0.975
0.07155963302752294,0.975
0.07169117647058823,0.975
0.0718232044198895,0.975
0.07195571955719557,0.975
0.07208872458410351,0.975
0.07222222222222222,0.975
0.07235621521335807,0.975
0.0724907063197026,0.975
0.07262569832402235,0.975
0.07276119402985075,0.975
0.07289719626168224,0.975
0.07303370786516854,0.975
0.07317073170731707,0.975
0.07330827067669173,0.975
0.07344632768361582,0.975
0.07358490566037736,0.975
0.07372400756143667,0.975
0.07386363636363637,0.975
0.07400379506641366,0.975
0.0741444866920152,0.975
0.07428571428571429,0.975
0.07442748091603053,0.975
0.0745697896749522,0.975
0.07471264367816093,0.975
0.07485604606525911,0.975
0.075,0.975
0.07514450867052024,0.975
0.07528957528957529,0.975
0.07543520309477757,0.975
0.0755813953488372,0.975
0.07572815533980583,0.975
0.07587548638132295,0.975
0.07602339181286549,0.975
0.076171875,0.975
0.07632093933463796,0.975
0.07647058823529412,0.975
0.07662082514734773,0.975
0.07677165354330709,0.975
0.07692307692307693,0.975
0.07707509881422925,0.975
0.07722772277227723,0.975
0.07738095238095238,0.975
0.0775347912524851,0.975
0.07768924302788845,0.975
0.07784431137724551,0.975
0.078,0.975
0.0781563126252505,0.975
0.0783132530120482,0.975
0.07847082494969819,0.975
0.07862903225806452,0.975
0.07878787878787878,0.975
0.07894736842105263,0.975
0.07910750507099391,0.975
0.07926829268292683,0.975
0.07942973523421588,0.975
0.07959183673469387,0.975
0.07975460122699386,0.975
0.07991803278688525,0.975
0.08008213552361396,0.975
0.08024691358024691,0.975
0.08041237113402062,0.975
0.08057851239669421,0.975
0.08074534161490683,0.975
0.08091286307053942,0.975
0.08108108108108109,0.975
0.08125,0.975
0.081419624217119,0.975
0.08158995815899582,0.975
0.08176100628930817,0.975
0.0819327731092437,0.975
0.08210526315789474,0.975
0.08227848101265822,0.975
0.0824524312896406,0.975
0.0826271186440678,0.975
0.08280254777070063,0.975
0.08297872340425531,0.975
0.08315565031982942,0.975
0.08333333333333333,0.975
0.0835117773019272,0.975
0.08369098712446352,0.975
0.08387096774193549,0.975
0.08405172413793104,0.975
0.08423326133909287,0.975
0.08441558441558442,0.975
0.08459869848156182,0.975
0.08478260869565217,0.975
0.08496732026143791,0.975
0.0851528384279476,0.975
0.08533916849015317,0.975
0.08552631578947369,0.975
0.08571428571428572,0.975
0.08590308370044053,0.975
0.08609271523178808,0.975
0.08628318584070796,0.975
0.08647450110864745,0.975
0.08666666666666667,0.975
0.08685968819599109,0.975
0.08705357142857142,0.975
0.087248322147651,0.975
0.08744394618834081,0.975
0.08764044943820225,0.975
0.08783783783783784,0.975
0.08803611738148984,0.975
0.08823529411764706,0.975
0.08843537414965986,0.975
0.08863636363636364,0.975
0.0888382687927107,0.975
0.08904109589041095,0.975
0.08924485125858124,0.975
0.08944954128440367,0.975
0.0896551724137931,0.975
0.08986175115207373,0.975
0.09006928406466513,0.975
0.09027777777777778,0.975
0.09048723897911833,0.975
0.09069767441860466,0.975
0.09090909090909091,0.975
0.0911214953271028,0.975
0.09133489461358314,0.975
0.09154929577464789,0.975
0.09176470588235294,0.975
0.09198113207547169,0.975
0.09219858156028368,0.975
0.0924170616113744,0.975
0.09263657957244656,0.975
0.09285714285714286,0.975
0.09307875894988067,0.975
0.09330143540669857,0.975
0.09352517985611511,0.975
0.09375,0.975
0.09397590361445783,0.975
0.09420289855072464,0.975
0.09443099273607748,0.975
0.09466019417475728,0.975
0.0948905109489051,0.975
0.0951219512195122,0.975
0.09535452322738386,0.975
0.09558823529411764,0.975
0.09582309582309582,0.975
0.0960591133004926,0.975
0.0962962962962963,0.975
0.09653465346534654,0.975
0.0967741935483871,0.975
0.09701492537313433,0.975
0.09725685785536159,0.975
0.0975,0.975
0.09774436090225563,0.975
0.09798994974874371,0.975
0.0982367758186398,0.975
0.09848484848484848,0.975
0.09873417721518987,0.975
0.09898477157360407,0.975
0.09923664122137404,0.975
0.09948979591836735,0.975
0.09974424552429667,0.975
0.1,0.975
0.10025706940874037,0.975
0.10051546391752578,0.975
0.10077519379844961,0.975
0.10103626943005181,0.975
0.1012987012987013,0.975
0.1015625,0.975
0.09921671018276762,0.95
0.09947643979057591,0.95
0.09973753280839895,0.95
0.1,0.95
0.10026385224274406,0.95
0.10052910052910052,0.95
0.10079575596816977,0.95
0.10106382978723404,0.95
0.10133333333333333,0.95
0.10160427807486631,0.95
0.10187667560321716,0.95
0.10215053763440861,0.95
0.10242587601078167,0.95
0.10270270270270271,0.95
0.10298102981029811,0.95
0.10326086956521739,0.95
0.10354223433242507,0.95
0.10382513661202186,0.95
0.10410958904109589,0.95
0.1043956043956044,0.95
0.1046831955922865,0.95
0.10497237569060773,0.95
0.10526315789473684,0.95
0.10555555555555556,0.95
0.10584958217270195,0.95
0.10614525139664804,0.95
0.10644257703081232,0.95
0.10674157303370786,0.95
0.10704225352112676,0.95
0.10734463276836158,0.95
0.10764872521246459,0.95
0.10795454545454546,0.95
0.10826210826210826,0.95
0.10857142857142857,0.95
0.10888252148997135,0.95
0.10919540229885058,0.95
0.10951008645533142,0.95
0.10982658959537572,0.95
0.11014492753623188,0.95
0.11046511627906977,0.95
0.11078717201166181,0.95
0.1111111111111111,0.95
0.11143695014662756,0.95
0.11176470588235295,0.95
0.11209439528023599,0.95
0.11242603550295859,0.95
0.11275964391691394,0.95
0.1130952380952381,0.95
0.11343283582089553,0.95
0.11377245508982035,0.95
0.11411411411411411,0.95
0.1144578313253012,0.95
0.1148036253776435,0.95
0.11515151515151516,0.95
0.11550151975683891,0.95
0.11585365853658537,0.95
0.1162079510703364,0.95
0.1165644171779141,0.95
0.11692307692307692,0.95
0.11728395061728394,0.95
0.11764705882352941,0.95
0.11801242236024845,0.95
0.11838006230529595,0.95
0.11875,0.95
0.11912225705329153,0.95
0.11949685534591195,0.95
0.11987381703470032,0.95
0.12025316455696203,0.95
0.12063492063492064,0.95
0.12101910828025478,0.95
0.12140575079872204,0.95
0.12179487179487179,0.95
0.12218649517684887,0.95
0.12258064516129032,0.95
0.12297734627831715,0.95
0.12337662337662338,0.95
0.1237785016286645,0.95
0.12418300653594772,0.95
0.12459016393442623,0.95
0.125,0.95
0.1254125412541254,0.95
0.12582781456953643,0.95
0.12624584717607973,0.95
0.12666666666666668,0.95
0.12709030100334448,0.95
0.12751677852348994,0.95
0.12794612794612795,0.95
0.12837837837837837,0.95
0.1288135593220339,0.95
0.1292517006802721,0.95
0.1296928327645051,0.95
0.13013698630136986,0.95
0.13058419243986255,0.95
0.1310344827586207,0.95
0.1314878892733564,0.95
0.13194444444444445,0.95
0.13240418118466898,0.95
0.13286713286713286,0.95
0.13333333333333333,0.95
0.13380281690140844,0.95
0.13427561837455831,0.95
0.1347517730496454,0.95
0.13523131672597866,0.95
0.1357142857142857,0.95
0.13620071684587814,0.95
0.1366906474820144,0.95
0.1371841155234657,0.95
0.13768115942028986,0.95
0.13818181818181818,0.95
0.1386861313868613,0.95
0.1391941391941392,0.95
0.13970588235294118,0.95
0.14022140221402213,0.95
0.14074074074074075,0.95
0.1412639405204461,0.95
0.1417910447761194,0.95
0.14232209737827714,0.95
0.14285714285714285,0.95
0.14339622641509434,0.95
0.14393939393939395,0.95
0.1444866920152091,0.95
0.1450381679389313,0.95
0.14559386973180077,0.95
0.14615384615384616,0.95
0.14671814671814673,0.95
0.14728682170542637,0.95
0.14785992217898833,0.95
0.1484375,0.95
0.14901960784313725,0.95
0.14960629921259844,0.95
0.15019762845849802,0.95
0.15079365079365079,0.95
0.15139442231075698,0.95
0.152,0.95
0.15261044176706828,0.95
0.1532258064516129,0.95
0.15384615384615385,0.95
0.15447154471544716,0.95
0.15510204081632653,0.95
0.1557377049180328,0.95
0.15637860082304528,0.95
0.15702479338842976,0.95
0.15767634854771784,0.95
0.15833333333333333,0.95
0.1589958158995816,0.95
0.15966386554621848,0.95
0.16033755274261605,0.95
0.16101694915254236,0.95
0.16170212765957448,0.95
0.1623931623931624,0.95
0.1630901287553648,0.95
0.16379310344827586,0.95
0.1645021645021645,0.95
0.16521739130434782,0.95
0.16593886462882096,0.95
0.16666666666666666,0.95
0.16740088105726872,0.95
0.168141592920354,0.95
0.1688888888888889,0.95
0.16964285714285715,0.95
0.17040358744394618,0.95
0.17117117117117117,0.95
0.17194570135746606,0.95
0.17272727272727273,0.95
0.1735159817351598,0.95
0.1743119266055046,0.95
0.17511520737327188,0.95
0.17592592592592593,0.95
0.17674418604651163,0.95
0.17757009345794392,0.95
0.1784037558685446,0.95
0.1792452830188679,0.95
0.18009478672985782,0.95
0.18095238095238095,0.95
0.18181818181818182,0.95
0.18269230769230768,0.95
0.18357487922705315,0.95
0.18446601941747573,0.95
0.18536585365853658,0.95
0.18627450980392157,0.95
0.18719211822660098,0.95
0.18811881188118812,0.95
0.1890547263681592,0.95
0.19,0.95
0.19095477386934673,0.95
0.1919191919191919,0.95
0.19289340101522842,0.95
0.19387755102040816,0.95
0.19487179487179487,0.95
0.1958762886597938,0.95
0.19689119170984457,0.95
0.19791666666666666,0.95
0.19895287958115182,0.95
0.2,0.95
0.20105820105820105,0.95
0.20212765957446807,0.95
0.20320855614973263,0.95
0.20430107526881722,0.95
0.20540540540540542,0.95
0.20652173913043478,0.95
0.20765027322404372,0.95
0.2087912087912088,0.95
0.20994475138121546,0.95
0.2111111111111111,0.95
0.2122905027932961,0.95
0.21348314606741572,0.95
0.21468926553672316,0.95
0.2159090909090909,0.95
0.21714285714285714,0.95
0.21839080459770116,0.95
0.21965317919075145,0.95
0.22093023255813954,0.95
0.2222222222222222,0.95
0.2235294117647059,0.95
0.22485207100591717,0.95
0.2261904761904762,0.95
0.2275449101796407,0.95
0.2289156626506024,0.95
0.23030303030303031,0.95
0.23170731707317074,0.95
0.2331288343558282,0.95
0.2345679012345679,0.95
0.2360248447204969,0.95
0.2375,0.95
0.2389937106918239,0.95
0.24050632911392406,0.95
0.24203821656050956,0.95
0.24358974358974358,0.95
0.24516129032258063,0.95
0.24675324675324675,0.95
0.24836601307189543,0.95
0.25,0.95
0.25165562913907286,0.95
0.25333333333333335,0.95
0.2550335570469799,0.95
0.25675675675675674,0.95
0.2585034013605442,0.95
0.2602739726027397,0.95
0.2620689655172414,0.95
0.2638888888888889,0.95
0.26573426573426573,0.95
0.2676056338028169,0.95
0.2695035460992908,0.95
0.2714285714285714,0.95
0.2733812949640288,0.95
0.2753623188405797,0.95
0.2773722627737226,0.95
0.27941176470588236,0.95
0.2814814814814815,0.95
0.2835820895522388,0.95
0.2857142857142857,0.95
0.2878787878787879,0.95
0.2900763358778626,0.95
0.2923076923076923,0.95
0.29457364341085274,0.95
0.296875,0.95
0.2992125984251969,0.95
0.30158730158730157,0.95
0.304,0.95
0.3064516129032258,0.95
0.3089430894308943,0.95
0.3114754098360656,0.95
0.3140495867768595,0.95
0.31666666666666665,0.95
0.31932773109243695,0.95
0.3220338983050847,0.95
0.3247863247863248,0.95
0.3275862068965517,0.95
0.33043478260869563,0.95
0.3333333333333333,0.95
0.336283185840708,0.95
0.3392857142857143,0.95
0.34234234234234234,0.95
0.34545454545454546,0.95
0.3486238532110092,0.95
0.35185185185185186,0.95
0.35514018691588783,0.95
0.3584905660377358,0.95
0.3619047619047619,0.95
0.36538461538461536,0.95
0.36893203883495146,0.95
0.37254901960784315,0.95
0.37623762376237624,0.95
0.38,0.95
0.3838383838383838,0.95
0.3877551020408163,0.95
0.3917525773195876,0.95
0.3958333333333333,0.95
0.4,0.95
0.40425531914893614,0.95
0.40860215053763443,0.95
0.41304347826086957,0.95
0.4175824175824176,0.95
0.4222222222222222,0.95
0.42696629213483145,0.95
0.4318181818181818,0.95
0.4367816091954023,0.95
0.4418604651162791,0.95
0.4470588235294118,0.95
0.4523809523809524,0.95
0.4578313253012048,0.95
0.4634146341463415,0.95
0.4567901234567901,0.925
0.46835443037974683,0.925
0.47435897435897434,0.925
0.4805194805194805,0.925
0.4868421052631579,0.925
0.49333333333333335,0.925
0.5,0.925
0.5068493150684932,0.925
0.5138888888888888,0.925
0.5211267605633803,0.925
0.5285714285714286,0.925
0.5362318840579711,0.925
0.5441176470588235,0.925
0.5522388059701493,0.925
0.5606060606060606,0.925
0.5692307692307692,0.925
0.578125,0.925
0.5967741935483871,0.925
0.6065573770491803,0.925
0.6166666666666667,0.925
0.6271186440677966,0.925
0.6428571428571429,0.9
0.6666666666666666,0.9
0.660377358490566,0.875
0.6730769230769231,0.875
0.7,0.875
1.0,0.0
