Precision,Recall
0.033444816053511704,1.0
0.032635983263598324,0.975
0.032663316582914576,0.975
0.03269069572506287,0.975
0.03271812080536913,0.975
0.0327455919395466,0.975
0.03277310924369748,0.975
0.03280067283431455,0.975
0.03282828282828283,0.975
0.03285593934288121,0.975
0.03288364249578415,0.975
0.03291139240506329,0.975
0.032939189189189186,0.975
0.03296703296703297,0.975
0.03299492385786802,0.975
0.03302286198137172,0.975
0.03305084745762712,0.975
0.03307888040712468,0.975
0.03310696095076401,0.975
0.03313508920985556,0.975
0.03316326530612245,0.975
0.033191489361702124,0.975
0.03321976149914821,0.975
0.03324808184143223,0.975
0.033276450511945395,0.975
0.033304867634500426,0.975
0.03333333333333333,0.975
0.033361847733105215,0.975
0.03339041095890411,0.975
0.033419023136246784,0.975
0.03344768439108062,0.975
0.03347639484978541,0.975
0.03350515463917526,0.975
0.03353396388650043,0.975
0.03356282271944923,0.975
0.03359173126614987,0.975
0.03362068965517241,0.975
0.03364969801553063,0.975
0.03367875647668394,0.975
0.033707865168539325,0.975
0.03373702422145329,0.975
0.033766233766233764,0.975
0.033795493934142114,0.975
0.033824804856895055,0.975
0.033854166666666664,0.975
0.03388357949609035,0.975
0.03391304347826087,0.975
0.033942558746736295,0.975
0.03397212543554007,0.975
0.03400174367916303,0.975
0.034031413612565446,0.975
0.03406113537117904,0.975
0.03409090909090909,0.975
0.03412073490813648,0.975
0.03415061295971979,0.975
0.03418054338299737,0.975
0.034210526315789476,0.975
0.03424056189640035,0.975
0.03427065026362039,0.975
0.03430079155672823,0.975
0.03433098591549296,0.975
0.03436123348017621,0.975
0.03439153439153439,0.975
0.03442188879082083,0.975
0.03445229681978799,0.975
0.034482758620689655,0.975
0.034513274336283185,0.975
0.03454384410983171,0.975
0.034574468085106384,0.975
0.03460514640638864,0.975
0.03463587921847247,0.975
0.034666666666666665,0.975
0.03469750889679715,0.975
0.034728406055209264,0.975
0.034759358288770054,0.975
0.03479036574487065,0.975
0.03482142857142857,0.975
0.03485254691689008,0.975
0.03488372093023256,0.975
0.03491495076096687,0.975
0.03494623655913978,0.975
0.03497757847533632,0.975
0.03500897666068223,0.975
0.03504043126684636,0.975
0.03507194244604316,0.975
0.0351035103510351,0.975
0.03513513513513514,0.975
0.0351668169522092,0.975
0.0351985559566787,0.975
0.03523035230352303,0.975
0.0352622061482821,0.975
0.03529411764705882,0.975
0.035326086956521736,0.975
0.03535811423390753,0.975
0.03539019963702359,0.975
0.035422343324250684,0.975
0.035454545454545454,0.975
0.03548680618744313,0.975
0.03551912568306011,0.975
0.03555150410209663,0.975
0.035583941605839414,0.975
0.03561643835616438,0.975
0.0356489945155393,0.975
0.035681610247026534,0.975
0.03571428571428571,0.975
0.035747021081576534,0.975
0.03577981651376147,0.975
0.03581267217630854,0.975
0.035845588235294115,0.975
0.035878564857405704,0.975
0.03591160220994475,0.975
0.035944700460829496,0.975
0.035977859778597784,0.975
0.036011080332409975,0.975
0.036044362292051754,0.975
0.036077705827937095,0.975
0.03611111111111111,0.975
0.03614457831325301,0.975
0.036178107606679034,0.975
0.036211699164345405,0.975
0.0362453531598513,0.975
0.03627906976744186,0.975
0.036312849162011177,0.975
0.036346691519105315,0.975
0.036380597014925374,0.975
0.036414565826330535,0.975
0.03644859813084112,0.975
0.03648269410664172,0.975
0.03651685393258427,0.975
0.03655107778819119,0.975
0.036585365853658534,0.975
0.036619718309859155,0.975
0.03665413533834586,0.975
0.036688617121354655,0.975
0.03672316384180791,0.975
0.036757775683317624,0.975
0.03679245283018868,0.975
0.036827195467422094,0.975
0.036862003780718335,0.975
0.036896877956480605,0.975
0.036931818181818184,0.975
0.03696682464454976,0.975
0.03700189753320683,0.975
0.037037037037037035,0.975
0.0370722433460076,0.975
0.037107516650808754,0.975
0.037142857142857144,0.975
0.037178265014299335,0.975
0.03721374045801527,0.975
0.03724928366762178,0.975
0.0372848948374761,0.975
0.03732057416267943,0.975
0.03735632183908046,0.975
0.037392138063279005,0.975
0.03742802303262956,0.975
0.037463976945244955,0.975
0.0375,0.975
0.03753609239653513,0.975
0.03757225433526012,0.975
0.037608486017357765,0.975
0.037644787644787646,0.975
0.03768115942028986,0.975
0.037717601547388784,0.975
0.0377541142303969,0.975
0.0377906976744186,0.975
0.037827352085354024,0.975
0.037864077669902914,0.975
0.037900874635568516,0.975
0.037937743190661476,0.975
0.0379746835443038,0.975
0.038011695906432746,0.975
0.037073170731707315,0.95
0.0361328125,0.925
0.03616813294232649,0.925
0.036203522504892366,0.925
0.03623898139079334,0.925
0.03627450980392157,0.925
0.03631010794896958,0.925
0.036345776031434185,0.925
0.03638151425762045,0.925
0.03641732283464567,0.925
0.03645320197044335,0.925
0.03648915187376726,0.925
0.03652517275419546,0.925
0.036561264822134384,0.925
0.036597428288822946,0.925
0.03663366336633663,0.925
0.036669970267591674,0.925
0.03670634920634921,0.925
0.036742800397219465,0.925
0.036779324055666,0.925
0.03681592039800995,0.925
0.036852589641434265,0.925
0.036889332003988036,0.925
0.036926147704590816,0.925
0.03696303696303696,0.925
0.037,0.925
0.037037037037037035,0.925
0.03707414829659319,0.925
0.037111334002006016,0.925
0.03714859437751004,0.925
0.0371859296482412,0.925
0.03722334004024145,0.925
0.03726082578046324,0.925
0.037298387096774195,0.925
0.03733602421796166,0.925
0.03737373737373737,0.925
0.03741152679474216,0.925
0.03744939271255061,0.925
0.037487335359675786,0.925
0.037525354969574036,0.925
0.03756345177664975,0.925
0.037601626016260166,0.925
0.03763987792472025,0.925
0.03767820773930754,0.925
0.03771661569826707,0.925
0.03775510204081633,0.925
0.03779366700715015,0.925
0.03783231083844581,0.925
0.037871033776867964,0.925
0.03790983606557377,0.925
0.03794871794871795,0.925
0.037987679671457907,0.925
0.03802672147995889,0.925
0.03806584362139918,0.925
0.03810504634397528,0.925
0.03814432989690722,0.925
0.038183694530443756,0.925
0.038223140495867766,0.925
0.038262668045501554,0.925
0.038302277432712216,0.925
0.0383419689119171,0.925
0.038381742738589214,0.925
0.03842159916926272,0.925
0.038461538461538464,0.925
0.03850156087408949,0.925
0.03854166666666667,0.925
0.03858185610010428,0.925
0.038622129436325675,0.925
0.038662486938349006,0.925
0.038702928870292884,0.925
0.0387434554973822,0.925
0.03878406708595388,0.925
0.03882476390346275,0.925
0.038865546218487396,0.925
0.03890641430073607,0.925
0.03894736842105263,0.925
0.03898840885142255,0.925
0.039029535864978905,0.925
0.03907074973600845,0.925
0.039112050739957716,0.925
0.039153439153439155,0.925
0.03919491525423729,0.925
0.03923647932131495,0.925
0.03927813163481953,0.925
0.039319872476089264,0.925
0.039361702127659576,0.925
0.039403620873269436,0.925
0.039445628997867806,0.925
0.03948772678762007,0.925
0.03952991452991453,0.925
0.039572192513368985,0.925
0.03961456102783726,0.925
0.03965702036441586,0.925
0.03969957081545064,0.925
0.0397422126745435,0.925
0.03978494623655914,0.925
0.038751345532831,0.9
0.03879310344827586,0.9
0.038834951456310676,0.9
0.038876889848812095,0.9
0.03891891891891892,0.9
0.03896103896103896,0.9
0.0390032502708559,0.9
0.039045553145336226,0.9
0.03908794788273615,0.9
0.0391304347826087,0.9
0.03917301414581066,0.9
0.0392156862745098,0.9
0.03925845147219193,0.9
0.039301310043668124,0.9
0.03934426229508197,0.9
0.03938730853391685,0.9
0.03943044906900329,0.9
0.039473684210526314,0.9
0.03951701427003293,0.9
0.03956043956043956,0.9
0.039603960396039604,0.9
0.039647577092511016,0.9
0.03969128996692393,0.9
0.039735099337748346,0.9
0.039779005524861875,0.9
0.03982300884955752,0.9
0.03986710963455149,0.9
0.03991130820399113,0.9
0.03995560488346282,0.9
0.04,0.9
0.04004449388209121,0.9
0.0400890868596882,0.9
0.04013377926421405,0.9
0.04017857142857143,0.9
0.04022346368715084,0.9
0.040268456375838924,0.9
0.040313549832026875,0.9
0.04035874439461883,0.9
0.04040404040404041,0.9
0.04044943820224719,0.9
0.04049493813273341,0.9
0.04054054054054054,0.9
0.040586245772266064,0.9
0.040632054176072234,0.9
0.04067796610169491,0.9
0.04072398190045249,0.9
0.04077010192525481,0.9
0.04081632653061224,0.9
0.04086265607264472,0.9
0.04090909090909091,0.9
0.040955631399317405,0.9
0.04100227790432802,0.9
0.04104903078677309,0.9
0.0410958904109589,0.9
0.04114285714285714,0.9
0.041189931350114416,0.9
0.041237113402061855,0.9
0.04128440366972477,0.9
0.04133180252583238,0.9
0.041379310344827586,0.9
0.04142692750287687,0.9
0.041474654377880185,0.9
0.04152249134948097,0.9
0.04157043879907621,0.9
0.04161849710982659,0.9
0.041666666666666664,0.9
0.04171494785631518,0.9
0.04176334106728538,0.9
0.041811846689895474,0.9
0.04186046511627907,0.9
0.04190919674039581,0.9
0.04195804195804196,0.9
0.042007001166861145,0.9
0.04088785046728972,0.875
0.04093567251461988,0.875
0.040983606557377046,0.875
0.041031652989449004,0.875
0.04107981220657277,0.875
0.041128084606345476,0.875
0.041176470588235294,0.875
0.04122497055359246,0.875
0.041273584905660375,0.875
0.04132231404958678,0.875
0.041371158392434985,0.875
0.04142011834319527,0.875
0.041469194312796206,0.875
0.04151838671411625,0.875
0.04156769596199525,0.875
0.041617122473246136,0.875
0.041666666666666664,0.875
0.041716328963051254,0.875
0.041766109785202864,0.875
0.04181600955794504,0.875
0.041866028708133975,0.875
0.041916167664670656,0.875
0.04196642685851319,0.875
0.04201680672268908,0.875
0.042067307692307696,0.875
0.0421179302045728,0.875
0.04216867469879518,0.875
0.04221954161640531,0.875
0.042270531400966184,0.875
0.04232164449818621,0.875
0.0423728813559322,0.875
0.04242424242424243,0.875
0.04247572815533981,0.875
0.0425273390036452,0.875
0.04257907542579075,0.875
0.04263093788063337,0.875
0.042682926829268296,0.875
0.042735042735042736,0.875
0.042787286063569685,0.875
0.042839657282741736,0.875
0.0428921568627451,0.875
0.04171779141104295,0.85
0.04176904176904177,0.85
0.041820418204182044,0.85
0.04187192118226601,0.85
0.04192355117139334,0.85
0.04197530864197531,0.85
0.042027194066749075,0.85
0.04207920792079208,0.85
0.042131350681536554,0.85
0.04218362282878412,0.85
0.0422360248447205,0.85
0.04228855721393035,0.85
0.04234122042341221,0.85
0.04239401496259352,0.85
0.04244694132334582,0.85
0.0425,0.85
0.0425531914893617,0.85
0.042606516290726815,0.85
0.04265997490589712,0.85
0.04271356783919598,0.85
0.042767295597484274,0.85
0.042821158690176324,0.85
0.04287515762925599,0.85
0.04292929292929293,0.85
0.04298356510745891,0.85
0.043037974683544304,0.85
0.043092522179974654,0.85
0.04314720812182741,0.85
0.043202033036848796,0.85
0.043256997455470736,0.85
0.04331210191082802,0.85
0.04336734693877551,0.85
0.04342273307790549,0.85
0.043478260869565216,0.85
0.04353393085787452,0.85
0.04358974358974359,0.85
0.043645699614890884,0.85
0.043701799485861184,0.85
0.043758043758043756,0.85
0.04381443298969072,0.85
0.04387096774193548,0.85
0.04392764857881137,0.85
0.04398447606727038,0.85
0.04404145077720207,0.85
0.04409857328145266,0.85
0.04415584415584416,0.85
0.044213263979193757,0.85
0.044270833333333336,0.85
0.04432855280312908,0.85
0.044386422976501305,0.85
0.044444444444444446,0.85
0.04450261780104712,0.85
0.04456094364351245,0.85
0.04461942257217848,0.85
0.04467805519053877,0.85
0.04473684210526316,0.85
0.04479578392621871,0.85
0.044854881266490766,0.85
0.04491413474240423,0.85
0.04497354497354497,0.85
0.045033112582781455,0.85
0.04509283819628647,0.85
0.0451527224435591,0.85
0.04521276595744681,0.85
0.045272969374167776,0.85
0.04533333333333334,0.85
0.04539385847797063,0.85
0.045454545454545456,0.85
0.04551539491298527,0.85
0.045576407506702415,0.85
0.04563758389261745,0.85
0.0456989247311828,0.85
0.04576043068640646,0.85
0.04582210242587601,0.85
0.04588394062078273,0.85
0.04594594594594595,0.85
0.046008119079837616,0.85
0.04607046070460705,0.85
0.04613297150610583,0.85
0.04619565217391304,0.85
0.04625850340136054,0.85
0.04632152588555858,0.85
0.04638472032742155,0.85
0.04644808743169399,0.85
0.046511627906976744,0.85
0.04657534246575343,0.85
0.04663923182441701,0.85
0.046703296703296704,0.85
0.04676753782668501,0.85
0.046831955922865015,0.85
0.04689655172413793,0.85
0.04696132596685083,0.85
0.04702627939142462,0.85
0.04709141274238227,0.85
0.047156726768377254,0.85
0.04722222222222222,0.85
0.04728789986091794,0.85
0.04735376044568245,0.85
0.04741980474198047,0.85
0.04748603351955307,0.85
0.04755244755244755,0.85
0.047619047619047616,0.85
0.047685834502103785,0.85
0.047752808988764044,0.85
0.04781997187060478,0.85
0.04788732394366197,0.85
0.047954866008462625,0.85
0.0480225988700565,0.85
0.04809052333804809,0.85
0.04815864022662889,0.85
0.04822695035460993,0.85
0.048295454545454544,0.85
0.04836415362731152,0.85
0.04843304843304843,0.85
0.04850213980028531,0.85
0.04857142857142857,0.85
0.04864091559370529,0.85
0.04871060171919771,0.85
0.04878048780487805,0.85
0.04885057471264368,0.85
0.04892086330935252,0.85
0.04899135446685879,0.85
0.049062049062049064,0.85
0.0476878612716763,0.825
0.04775687409551375,0.825
0.04782608695652174,0.825
0.047895500725689405,0.825
0.04796511627906977,0.825
0.048034934497816595,0.825
0.048104956268221574,0.825
0.04817518248175182,0.825
0.04678362573099415,0.8
0.04685212298682284,0.8
0.0469208211143695,0.8
0.04698972099853157,0.8
0.047058823529411764,0.8
0.047128129602356406,0.8
0.0471976401179941,0.8
0.047267355982274745,0.8
0.047337278106508875,0.8
0.047407407407407405,0.8
0.04747774480712166,0.8
0.0475482912332838,0.8
0.047619047619047616,0.8
0.04769001490312966,0.8
0.04776119402985075,0.8
0.04783258594917788,0.8
0.04790419161676647,0.8
0.047976011994003,0.8
0.04804804804804805,0.8
0.0481203007518797,0.8
0.04819277108433735,0.8
0.048265460030165915,0.8
0.04833836858006042,0.8
0.048411497730711045,0.8
0.048484848484848485,0.8
0.048558421851289835,0.8
0.0486322188449848,0.8
0.0487062404870624,0.8
0.04878048780487805,0.8
0.04885496183206107,0.8
0.04892966360856269,0.8
0.04900459418070444,0.8
0.049079754601226995,0.8
0.04915514592933948,0.8
0.04923076923076923,0.8
0.04930662557781202,0.8
0.04938271604938271,0.8
0.04945904173106646,0.8
0.04953560371517028,0.8
0.04961240310077519,0.8
0.049689440993788817,0.8
0.049766718506998445,0.8
0.04984423676012461,0.8
0.0499219968798752,0.8
0.05,0.8
0.050078247261345854,0.8
0.048589341692789965,0.775
0.04866562009419152,0.775
0.04874213836477988,0.775
0.048818897637795275,0.775
0.04889589905362776,0.775
0.04897314375987362,0.775
0.0490506329113924,0.775
0.0491283676703645,0.775
0.049206349206349205,0.775
0.0492845786963434,0.775
0.04936305732484077,0.775
0.049441786283891544,0.775
0.04952076677316294,0.775
0.0496,0.775
0.049679487179487176,0.775
0.04975922953451043,0.775
0.04983922829581994,0.775
0.0499194847020934,0.775
0.05,0.775
0.050080775444264945,0.775
0.05016181229773463,0.775
0.050243111831442464,0.775
0.05032467532467533,0.775
0.05040650406504065,0.775
0.050488599348534204,0.775
0.05057096247960848,0.775
0.05065359477124183,0.775
0.05073649754500818,0.775
0.05081967213114754,0.775
0.05090311986863711,0.775
0.05098684210526316,0.775
0.051070840197693576,0.775
0.05115511551155116,0.775
0.0512396694214876,0.775
0.05132450331125828,0.775
0.05140961857379768,0.775
0.05149501661129568,0.775
0.051580698835274545,0.775
0.051666666666666666,0.775
0.05175292153589316,0.775
0.051839464882943144,0.775
0.051926298157453935,0.775
0.05201342281879195,0.775
0.052100840336134456,0.775
0.05218855218855219,0.775
0.05227655986509275,0.775
0.052364864864864864,0.775
0.05245346869712352,0.775
0.05254237288135593,0.775
0.05263157894736842,0.775
0.05272108843537415,0.775
0.05281090289608177,0.775
0.052901023890784986,0.775
0.05299145299145299,0.775
0.053082191780821915,0.775
0.05317324185248713,0.775
0.05326460481099656,0.775
0.05335628227194492,0.775
0.05344827586206897,0.775
0.0535405872193437,0.775
0.05363321799307959,0.775
0.053726169844020795,0.775
0.05381944444444445,0.775
0.05391304347826087,0.775
0.05400696864111498,0.775
0.05410122164048865,0.775
0.05419580419580419,0.775
0.05253940455341506,0.75
0.05263157894736842,0.75
0.05272407732864675,0.75
0.0528169014084507,0.75
0.05291005291005291,0.75
0.053003533568904596,0.75
0.05309734513274336,0.75
0.05319148936170213,0.75
0.05328596802841918,0.75
0.05338078291814947,0.75
0.053475935828877004,0.75
0.05357142857142857,0.75
0.05366726296958855,0.75
0.053763440860215055,0.75
0.05385996409335727,0.75
0.0539568345323741,0.75
0.05405405405405406,0.75
0.05415162454873646,0.75
0.054249547920433995,0.75
0.05434782608695652,0.75
0.0544464609800363,0.75
0.05454545454545454,0.75
0.0546448087431694,0.75
0.05474452554744526,0.75
0.054844606946983544,0.75
0.054945054945054944,0.75
0.05504587155963303,0.75
0.05514705882352941,0.75
0.055248618784530384,0.75
0.055350553505535055,0.75
0.05545286506469501,0.75
0.05555555555555555,0.75
0.055658627087198514,0.75
0.055762081784386616,0.75
0.055865921787709494,0.75
0.055970149253731345,0.75
0.056074766355140186,0.75
0.056179775280898875,0.75
0.05628517823639775,0.75
0.05639097744360902,0.75
0.05649717514124294,0.75
0.05660377358490566,0.75
0.05671077504725898,0.75
0.056818181818181816,0.75
0.056925996204933584,0.75
0.057034220532319393,0.75
0.05714285714285714,0.75
0.05725190839694656,0.75
0.05736137667304015,0.75
0.05747126436781609,0.75
0.05758157389635317,0.75
0.057692307692307696,0.75
0.057803468208092484,0.75
0.05791505791505792,0.75
0.058027079303675046,0.75
0.05813953488372093,0.75
0.05631067961165048,0.725
0.05642023346303502,0.725
0.056530214424951264,0.725
0.056640625,0.725
0.05675146771037182,0.725
0.056862745098039215,0.725
0.05697445972495088,0.725
0.05708661417322835,0.725
0.05719921104536489,0.725
0.05731225296442688,0.725
0.05742574257425743,0.725
0.057539682539682536,0.725
0.05765407554671968,0.725
0.05776892430278884,0.725
0.05788423153692615,0.725
0.058,0.725
0.05811623246492986,0.725
0.05823293172690763,0.725
0.05835010060362173,0.725
0.05846774193548387,0.725
0.05858585858585859,0.725
0.058704453441295545,0.725
0.058823529411764705,0.725
0.05894308943089431,0.725
0.059063136456211814,0.725
0.05918367346938776,0.725
0.05930470347648262,0.725
0.05942622950819672,0.725
0.059548254620123205,0.725
0.059670781893004114,0.725
0.05979381443298969,0.725
0.05991735537190083,0.725
0.060041407867494824,0.725
0.06016597510373444,0.725
0.060291060291060294,0.725
0.06041666666666667,0.725
0.060542797494780795,0.725
0.060669456066945605,0.725
0.06079664570230608,0.725
0.06092436974789916,0.725
0.061052631578947365,0.725
0.06118143459915612,0.725
0.0613107822410148,0.725
0.0614406779661017,0.725
0.06157112526539278,0.725
0.06170212765957447,0.725
0.06183368869936034,0.725
0.06196581196581197,0.725
0.06209850107066381,0.725
0.06223175965665236,0.725
0.06236559139784946,0.725
0.0625,0.725
0.06263498920086392,0.725
0.06277056277056277,0.725
0.06290672451193059,0.725
0.06304347826086956,0.725
0.06100217864923747,0.7
0.0611353711790393,0.7
0.061269146608315096,0.7
0.06140350877192982,0.7
0.06153846153846154,0.7
0.06167400881057269,0.7
0.06181015452538632,0.7
0.061946902654867256,0.7
0.06208425720620843,0.7
0.06222222222222222,0.7
0.062360801781737196,0.7
0.0625,0.7
0.06263982102908278,0.7
0.06053811659192825,0.675
0.060674157303370786,0.675
0.060810810810810814,0.675
0.05869074492099323,0.65
0.058823529411764705,0.65
0.05895691609977324,0.65
0.05909090909090909,0.65
0.05922551252847381,0.65
0.0593607305936073,0.65
0.059496567505720827,0.65
0.05963302752293578,0.65
0.059770114942528735,0.65
0.059907834101382486,0.65
0.06004618937644342,0.65
0.06018518518518518,0.65
0.060324825986078884,0.65
0.06046511627906977,0.65
0.06060606060606061,0.65
0.06074766355140187,0.65
0.06088992974238876,0.65
0.06103286384976526,0.65
0.0611764705882353,0.65
0.06132075471698113,0.65
0.061465721040189124,0.65
0.061611374407582936,0.65
0.06175771971496437,0.65
0.06190476190476191,0.65
0.06205250596658711,0.65
0.06220095693779904,0.65
0.06235011990407674,0.65
0.0625,0.65
0.06265060240963856,0.65
0.06280193236714976,0.65
0.06295399515738499,0.65
0.06310679611650485,0.65
0.06326034063260341,0.65
0.06341463414634146,0.65
0.06356968215158924,0.65
0.06372549019607843,0.65
0.06388206388206388,0.65
0.06403940886699508,0.65
0.06419753086419754,0.65
0.06435643564356436,0.65
0.06451612903225806,0.65
0.06467661691542288,0.65
0.06483790523690773,0.65
0.065,0.65
0.06516290726817042,0.65
0.06532663316582915,0.65
0.0654911838790932,0.65
0.06565656565656566,0.65
0.06582278481012659,0.65
0.06598984771573604,0.65
0.06615776081424936,0.65
0.0663265306122449,0.65
0.06649616368286446,0.65
0.06666666666666667,0.65
0.06683804627249357,0.65
0.06701030927835051,0.65
0.06718346253229975,0.65
0.06735751295336788,0.65
0.06753246753246753,0.65
0.06770833333333333,0.65
0.06788511749347259,0.65
0.06806282722513089,0.65
0.06824146981627296,0.65
0.06842105263157895,0.65
0.06860158311345646,0.65
0.06878306878306878,0.65
0.06896551724137931,0.65
0.06914893617021277,0.65
0.06933333333333333,0.65
0.06951871657754011,0.65
0.06970509383378017,0.65
0.06989247311827956,0.65
0.07008086253369272,0.65
0.07027027027027027,0.65
0.07046070460704607,0.65
0.07065217391304347,0.65
0.07084468664850137,0.65
0.07103825136612021,0.65
0.07123287671232877,0.65
0.07142857142857142,0.65
0.07162534435261708,0.65
0.0718232044198895,0.65
0.07202216066481995,0.65
0.07222222222222222,0.65
0.07242339832869081,0.65
0.07262569832402235,0.65
0.07282913165266107,0.65
0.07303370786516854,0.65
0.07323943661971831,0.65
0.07344632768361582,0.65
0.07365439093484419,0.65
0.07386363636363637,0.65
0.07407407407407407,0.65
0.07142857142857142,0.625
0.07163323782234957,0.625
0.07183908045977011,0.625
0.07204610951008646,0.625
0.07225433526011561,0.625
0.07246376811594203,0.625
0.07267441860465117,0.625
0.0728862973760933,0.625
0.07309941520467836,0.625
0.07331378299120235,0.625
0.07352941176470588,0.625
0.07374631268436578,0.625
0.07396449704142012,0.625
0.07418397626112759,0.625
0.0744047619047619,0.625
0.07462686567164178,0.625
0.0748502994011976,0.625
0.07507507507507508,0.625
0.07530120481927711,0.625
0.0755287009063444,0.625
0.07575757575757576,0.625
0.07598784194528875,0.625
0.07621951219512195,0.625
0.0764525993883792,0.625
0.07668711656441718,0.625
0.07692307692307693,0.625
0.07716049382716049,0.625
0.07739938080495357,0.625
0.07763975155279502,0.625
0.0778816199376947,0.625
0.078125,0.625
0.07836990595611286,0.625
0.07861635220125786,0.625
0.07886435331230283,0.625
0.07911392405063292,0.625
0.07936507936507936,0.625
0.07961783439490445,0.625
0.07667731629392971,0.6
0.07692307692307693,0.6
0.07717041800643087,0.6
0.07741935483870968,0.6
0.07766990291262135,0.6
0.07792207792207792,0.6
0.0781758957654723,0.6
0.0784313725490196,0.6
0.07868852459016394,0.6
0.07894736842105263,0.6
0.07920792079207921,0.6
0.07947019867549669,0.6
0.07973421926910298,0.6
0.08,0.6
0.0802675585284281,0.6
0.08053691275167785,0.6
0.08080808080808081,0.6
0.08108108108108109,0.6
0.08135593220338982,0.6
0.08163265306122448,0.6
0.08191126279863481,0.6
0.0821917808219178,0.6
0.08247422680412371,0.6
0.08275862068965517,0.6
0.08304498269896193,0.6
0.08333333333333333,0.6
0.08362369337979095,0.6
0.08391608391608392,0.6
0.08421052631578947,0.6
0.08450704225352113,0.6
0.08480565371024736,0.6
0.0851063829787234,0.6
0.08540925266903915,0.6
0.08571428571428572,0.6
0.08602150537634409,0.6
0.08633093525179857,0.6
0.08664259927797834,0.6
0.08695652173913043,0.6
0.08727272727272728,0.6
0.08759124087591241,0.6
0.08791208791208792,0.6
0.08823529411764706,0.6
0.08856088560885608,0.6
0.08888888888888889,0.6
0.08921933085501858,0.6
0.08955223880597014,0.6
0.0898876404494382,0.6
0.09022556390977443,0.6
0.09056603773584905,0.6
0.09090909090909091,0.6
0.09125475285171103,0.6
0.0916030534351145,0.6
0.09195402298850575,0.6
0.09230769230769231,0.6
0.09266409266409266,0.6
0.09302325581395349,0.6
0.0933852140077821,0.6
0.09375,0.6
0.09411764705882353,0.6
0.09448818897637795,0.6
0.09486166007905138,0.6
0.09523809523809523,0.6
0.09561752988047809,0.6
0.096,0.6
0.0963855421686747,0.6
0.0967741935483871,0.6
0.09716599190283401,0.6
0.0975609756097561,0.6
0.09795918367346938,0.6
0.09836065573770492,0.6
0.09876543209876543,0.6
0.09917355371900827,0.6
0.0995850622406639,0.6
0.1,0.6
0.100418410041841,0.6
0.10084033613445378,0.6
0.10126582278481013,0.6
0.1016949152542373,0.6
0.10212765957446808,0.6
0.10256410256410256,0.6
0.10300429184549356,0.6
0.10344827586206896,0.6
0.1038961038961039,0.6
0.10434782608695652,0.6
0.10480349344978165,0.6
0.10526315789473684,0.6
0.10572687224669604,0.6
0.10619469026548672,0.6
0.10666666666666667,0.6
0.10714285714285714,0.6
0.10762331838565023,0.6
0.10810810810810811,0.6
0.1085972850678733,0.6
0.10909090909090909,0.6
0.1095890410958904,0.6
0.11009174311926606,0.6
0.11059907834101383,0.6
0.1111111111111111,0.6
0.11162790697674418,0.6
0.10747663551401869,0.575
0.107981220657277,0.575
0.10849056603773585,0.575
0.10900473933649289,0.575
0.10952380952380952,0.575
0.11004784688995216,0.575
0.10576923076923077,0.55
0.10628019323671498,0.55
0.10679611650485436,0.55
0.1073170731707317,0.55
0.10784313725490197,0.55
0.10837438423645321,0.55
0.10891089108910891,0.55
0.10945273631840796,0.55
0.11,0.55
0.11055276381909548,0.55
0.1111111111111111,0.55
0.1065989847715736,0.525
0.10204081632653061,0.5
0.10256410256410256,0.5
0.10309278350515463,0.5
0.10362694300518134,0.5
0.10416666666666667,0.5
0.10471204188481675,0.5
0.10526315789473684,0.5
0.10582010582010581,0.5
0.10638297872340426,0.5
0.10695187165775401,0.5
0.10752688172043011,0.5
0.10810810810810811,0.5
0.10869565217391304,0.5
0.1092896174863388,0.5
0.10989010989010989,0.5
0.11049723756906077,0.5
0.1111111111111111,0.5
0.11173184357541899,0.5
0.11235955056179775,0.5
0.11299435028248588,0.5
0.11363636363636363,0.5
0.11428571428571428,0.5
0.11494252873563218,0.5
0.11560693641618497,0.5
0.11627906976744186,0.5
0.1111111111111111,0.475
0.11176470588235295,0.475
0.11242603550295859,0.475
0.1130952380952381,0.475
0.11377245508982035,0.475
0.1144578313253012,0.475
0.11515151515151516,0.475
0.11585365853658537,0.475
0.11042944785276074,0.45
0.1111111111111111,0.45
0.11180124223602485,0.45
0.1125,0.45
0.11320754716981132,0.45
0.11392405063291139,0.45
0.11464968152866242,0.45
0.11538461538461539,0.45
0.11612903225806452,0.45
0.11688311688311688,0.45
0.11764705882352941,0.45
0.1118421052631579,0.425
0.11258278145695365,0.425
0.11333333333333333,0.425
0.11409395973154363,0.425
0.11486486486486487,0.425
0.11564625850340136,0.425
0.11643835616438356,0.425
0.11724137931034483,0.425
0.11805555555555555,0.425
0.11188811188811189,0.4
0.11267605633802817,0.4
0.11347517730496454,0.4
0.11428571428571428,0.4
0.11510791366906475,0.4
0.11594202898550725,0.4
0.11678832116788321,0.4
0.11764705882352941,0.4
0.11851851851851852,0.4
0.11940298507462686,0.4
0.12030075187969924,0.4
0.12121212121212122,0.4
0.12213740458015267,0.4
0.12307692307692308,0.4
0.12403100775193798,0.4
0.125,0.4
0.11811023622047244,0.375
0.11904761904761904,0.375
0.12,0.375
0.11290322580645161,0.35
0.11382113821138211,0.35
0.11475409836065574,0.35
0.11570247933884298,0.35
0.11666666666666667,0.35
0.11764705882352941,0.35
0.11864406779661017,0.35
0.11965811965811966,0.35
0.1206896551724138,0.35
0.12173913043478261,0.35
0.12280701754385964,0.35
0.12389380530973451,0.35
0.125,0.35
0.11711711711711711,0.325
0.11818181818181818,0.325
0.11926605504587157,0.325
0.12037037037037036,0.325
0.12149532710280374,0.325
0.12264150943396226,0.325
0.12380952380952381,0.325
0.125,0.325
0.1262135922330097,0.325
0.11764705882352941,0.3
0.1188118811881188,0.3
0.12,0.3
0.12121212121212122,0.3
0.12244897959183673,0.3
0.12371134020618557,0.3
0.125,0.3
0.12631578947368421,0.3
0.1276595744680851,0.3
0.12903225806451613,0.3
0.13043478260869565,0.3
0.13186813186813187,0.3
0.13333333333333333,0.3
0.1348314606741573,0.3
0.125,0.275
0.12643678160919541,0.275
0.12790697674418605,0.275
0.12941176470588237,0.275
0.13095238095238096,0.275
0.13253012048192772,0.275
0.13414634146341464,0.275
0.13580246913580246,0.275
0.1375,0.275
0.13924050632911392,0.275
0.14102564102564102,0.275
0.14285714285714285,0.275
0.14473684210526316,0.275
0.14666666666666667,0.275
0.14864864864864866,0.275
0.1506849315068493,0.275
0.1388888888888889,0.25
0.14084507042253522,0.25
0.14285714285714285,0.25
0.14492753623188406,0.25
0.14705882352941177,0.25
0.14925373134328357,0.25
0.15151515151515152,0.25
0.15384615384615385,0.25
0.15625,0.25
0.15873015873015872,0.25
0.16129032258064516,0.25
0.16393442622950818,0.25
0.16666666666666666,0.25
0.1694915254237288,0.25
0.1724137931034483,0.25
0.17543859649122806,0.25
0.16071428571428573,0.225
0.16363636363636364,0.225
0.16666666666666666,0.225
0.16981132075471697,0.225
0.17307692307692307,0.225
0.17647058823529413,0.225
0.18,0.225
0.1836734693877551,0.225
0.1875,0.225
0.19148936170212766,0.225
0.1956521739130435,0.225
0.2,0.225
0.20454545454545456,0.225
0.20930232558139536,0.225
0.21428571428571427,0.225
0.21951219512195122,0.225
0.225,0.225
0.23076923076923078,0.225
0.21052631578947367,0.2
0.21621621621621623,0.2
0.2222222222222222,0.2
0.22857142857142856,0.2
0.23529411764705882,0.2
0.24242424242424243,0.2
0.25,0.2
0.25806451612903225,0.2
0.26666666666666666,0.2
0.27586206896551724,0.2
0.25,0.175
0.25925925925925924,0.175
0.23076923076923078,0.15
0.24,0.15
0.25,0.15
0.2608695652173913,0.15
0.2727272727272727,0.15
0.2857142857142857,0.15
0.3,0.15
0.3157894736842105,0.15
0.2777777777777778,0.125
0.29411764705882354,0.125
0.3125,0.125
0.26666666666666666,0.1
0.23076923076923078,0.075
1.0,0.0
