Precision,Recall
0.1423487544483986,1.0
0.1392857142857143,0.975
0.13978494623655913,0.975
0.14028776978417265,0.975
0.1407942238267148,0.975
0.14130434782608695,0.975
0.14181818181818182,0.975
0.14233576642335766,0.975
0.14285714285714285,0.975
0.14338235294117646,0.975
0.14391143911439114,0.975
0.14444444444444443,0.975
0.1449814126394052,0.975
0.1455223880597015,0.975
0.14606741573033707,0.975
0.14661654135338345,0.975
0.1471698113207547,0.975
0.14772727272727273,0.975
0.1482889733840304,0.975
0.14885496183206107,0.975
0.14942528735632185,0.975
0.15,0.975
0.15057915057915058,0.975
0.1511627906976744,0.975
0.1517509727626459,0.975
0.15234375,0.975
0.15294117647058825,0.975
0.15354330708661418,0.975
0.1541501976284585,0.975
0.15476190476190477,0.975
0.1553784860557769,0.975
0.156,0.975
0.1566265060240964,0.975
0.15725806451612903,0.975
0.15789473684210525,0.975
0.15853658536585366,0.975
0.15918367346938775,0.975
0.1598360655737705,0.975
0.16049382716049382,0.975
0.16115702479338842,0.975
0.16182572614107885,0.975
0.1625,0.975
0.16317991631799164,0.975
0.1638655462184874,0.975
0.16455696202531644,0.975
0.1652542372881356,0.975
0.16595744680851063,0.975
0.16666666666666666,0.975
0.16738197424892703,0.975
0.16810344827586207,0.975
0.16883116883116883,0.975
0.16956521739130434,0.975
0.1703056768558952,0.975
0.17105263157894737,0.975
0.17180616740088106,0.975
0.17256637168141592,0.975
0.17333333333333334,0.975
0.17410714285714285,0.975
0.17488789237668162,0.975
0.17567567567567569,0.975
0.17647058823529413,0.975
0.17727272727272728,0.975
0.1780821917808219,0.975
0.17889908256880735,0.975
0.17972350230414746,0.975
0.18055555555555555,0.975
0.1813953488372093,0.975
0.1822429906542056,0.975
0.18309859154929578,0.975
0.18396226415094338,0.975
0.1848341232227488,0.975
0.18571428571428572,0.975
0.18660287081339713,0.975
0.1875,0.975
0.18840579710144928,0.975
0.18932038834951456,0.975
0.1902439024390244,0.975
0.19117647058823528,0.975
0.1921182266009852,0.975
0.19306930693069307,0.975
0.19402985074626866,0.975
0.195,0.975
0.19597989949748743,0.975
0.1919191919191919,0.95
0.19289340101522842,0.95
0.19387755102040816,0.95
0.19487179487179487,0.95
0.1958762886597938,0.95
0.19689119170984457,0.95
0.19791666666666666,0.95
0.19895287958115182,0.95
0.2,0.95
0.20105820105820105,0.95
0.20212765957446807,0.95
0.20320855614973263,0.95
0.20430107526881722,0.95
0.20540540540540542,0.95
0.20652173913043478,0.95
0.20765027322404372,0.95
0.2087912087912088,0.95
0.20994475138121546,0.95
0.2111111111111111,0.95
0.2122905027932961,0.95
0.21348314606741572,0.95
0.21468926553672316,0.95
0.2159090909090909,0.95
0.21714285714285714,0.95
0.21839080459770116,0.95
0.21965317919075145,0.95
0.22093023255813954,0.95
0.2222222222222222,0.95
0.2235294117647059,0.95
0.22485207100591717,0.95
0.2261904761904762,0.95
0.2275449101796407,0.95
0.2289156626506024,0.95
0.23030303030303031,0.95
0.23170731707317074,0.95
0.2331288343558282,0.95
0.2345679012345679,0.95
0.2360248447204969,0.95
0.2375,0.95
0.2389937106918239,0.95
0.24050632911392406,0.95
0.24203821656050956,0.95
0.24358974358974358,0.95
0.24516129032258063,0.95
0.24675324675324675,0.95
0.24836601307189543,0.95
0.25,0.95
0.25165562913907286,0.95
0.25333333333333335,0.95
0.2550335570469799,0.95
0.25675675675675674,0.95
0.2585034013605442,0.95
0.2602739726027397,0.95
0.2620689655172414,0.95
0.2638888888888889,0.95
0.26573426573426573,0.95
0.2676056338028169,0.95
0.2695035460992908,0.95
0.2714285714285714,0.95
0.2733812949640288,0.95
0.2753623188405797,0.95
0.2773722627737226,0.95
0.27941176470588236,0.95
0.2814814814814815,0.95
0.2835820895522388,0.95
0.2857142857142857,0.95
0.2878787878787879,0.95
0.2900763358778626,0.95
0.2923076923076923,0.95
0.29457364341085274,0.95
0.296875,0.95
0.2992125984251969,0.95
0.30158730158730157,0.95
0.304,0.95
0.3064516129032258,0.95
0.3089430894308943,0.95
0.3114754098360656,0.95
0.3140495867768595,0.95
0.31666666666666665,0.95
0.31932773109243695,0.95
0.3220338983050847,0.95
0.3247863247863248,0.95
0.3275862068965517,0.95
0.33043478260869563,0.95
0.3333333333333333,0.95
0.336283185840708,0.95
0.3392857142857143,0.95
0.34234234234234234,0.95
0.34545454545454546,0.95
0.3486238532110092,0.95
0.35185185185185186,0.95
0.35514018691588783,0.95
0.3584905660377358,0.95
0.3619047619047619,0.95
0.36538461538461536,0.95
0.36893203883495146,0.95
0.37254901960784315,0.95
0.37623762376237624,0.95
0.38,0.95
0.3838383838383838,0.95
0.3877551020408163,0.95
0.3917525773195876,0.95
0.3958333333333333,0.95
0.4,0.95
0.40425531914893614,0.95
0.40860215053763443,0.95
0.41304347826086957,0.95
0.4175824175824176,0.95
0.4222222222222222,0.95
0.42696629213483145,0.95
0.4318181818181818,0.95
0.4367816091954023,0.95
0.4418604651162791,0.95
0.4470588235294118,0.95
0.4523809523809524,0.95
0.4578313253012048,0.95
0.4634146341463415,0.95
0.4691358024691358,0.95
0.475,0.95
0.4810126582278481,0.95
0.48717948717948717,0.95
0.4935064935064935,0.95
0.5,0.95
0.5066666666666667,0.95
0.5135135135135135,0.95
0.5205479452054794,0.95
0.5277777777777778,0.95
0.5352112676056338,0.95
0.5428571428571428,0.95
0.5507246376811594,0.95
0.5588235294117647,0.95
0.5671641791044776,0.95
0.5757575757575758,0.95
0.5846153846153846,0.95
0.59375,0.95
0.6031746031746031,0.95
0.6129032258064516,0.95
0.6229508196721312,0.95
0.6333333333333333,0.95
0.6440677966101694,0.95
0.6551724137931034,0.95
0.6666666666666666,0.95
0.6785714285714286,0.95
0.6909090909090909,0.95
0.6851851851851852,0.925
0.6981132075471698,0.925
0.7115384615384616,0.925
0.7254901960784313,0.925
0.74,0.925
0.7551020408163265,0.925
0.7708333333333334,0.925
0.7872340425531915,0.925
0.8043478260869565,0.925
0.8222222222222222,0.925
0.8409090909090909,0.925
0.8604651162790697,0.925
0.8809523809523809,0.925
0.9024390243902439,0.925
0.925,0.925
0.9230769230769231,0.9
0.9210526315789473,0.875
0.9459459459459459,0.875
0.9722222222222222,0.875
1.0,0.875
1.0,0.85
1.0,0.825
1.0,0.8
1.0,0.775
1.0,0.75
1.0,0.725
1.0,0.7
1.0,0.675
1.0,0.65
1.0,0.625
1.0,0.6
1.0,0.575
1.0,0.55
1.0,0.525
1.0,0.5
1.0,0.475
1.0,0.45
1.0,0.425
1.0,0.4
1.0,0.375
1.0,0.35
1.0,0.325
1.0,0.3
1.0,0.275
1.0,0.25
1.0,0.225
1.0,0.2
1.0,0.175
1.0,0.15
1.0,0.125
1.0,0.1
1.0,0.075
1.0,0.05
1.0,0.025
1.0,0.0
