Precision,Recall
0.027852650494159928,1.0
0.02697841726618705,0.967741935483871
0.027002700270027002,0.967741935483871
0.02702702702702703,0.967741935483871
0.027051397655545536,0.967741935483871
0.02707581227436823,0.967741935483871
0.02710027100271003,0.967741935483871
0.027124773960216998,0.967741935483871
0.027149321266968326,0.967741935483871
0.02717391304347826,0.967741935483871
0.027198549410698096,0.967741935483871
0.02722323049001815,0.967741935483871
0.027247956403269755,0.967741935483871
0.02727272727272727,0.967741935483871
0.0272975432211101,0.967741935483871
0.0273224043715847,0.967741935483871
0.027347310847766638,0.967741935483871
0.02737226277372263,0.967741935483871
0.0273972602739726,0.967741935483871
0.027422303473491772,0.967741935483871
0.027447392497712716,0.967741935483871
0.027472527472527472,0.967741935483871
0.027497708524289642,0.967741935483871
0.027522935779816515,0.967741935483871
0.027548209366391185,0.967741935483871
0.027573529411764705,0.967741935483871
0.027598896044158234,0.967741935483871
0.027624309392265192,0.967741935483871
0.027649769585253458,0.967741935483871
0.027675276752767528,0.967741935483871
0.027700831024930747,0.967741935483871
0.027726432532347505,0.967741935483871
0.027752081406105456,0.967741935483871
0.027777777777777776,0.967741935483871
0.027803521779425393,0.967741935483871
0.027829313543599257,0.967741935483871
0.027855153203342618,0.967741935483871
0.027881040892193308,0.967741935483871
0.027906976744186046,0.967741935483871
0.027932960893854747,0.967741935483871
0.027958993476234855,0.967741935483871
0.027985074626865673,0.967741935483871
0.028011204481792718,0.967741935483871
0.028037383177570093,0.967741935483871
0.02806361085126286,0.967741935483871
0.028089887640449437,0.967741935483871
0.028116213683223992,0.967741935483871
0.028142589118198873,0.967741935483871
0.028169014084507043,0.967741935483871
0.02819548872180451,0.967741935483871
0.028222013170272814,0.967741935483871
0.02824858757062147,0.967741935483871
0.02827521206409048,0.967741935483871
0.02830188679245283,0.967741935483871
0.028328611898016998,0.967741935483871
0.02835538752362949,0.967741935483871
0.02838221381267739,0.967741935483871
0.028409090909090908,0.967741935483871
0.02843601895734597,0.967741935483871
0.028462998102466792,0.967741935483871
0.02849002849002849,0.967741935483871
0.028517110266159697,0.967741935483871
0.028544243577545196,0.967741935483871
0.02857142857142857,0.967741935483871
0.028598665395614873,0.967741935483871
0.02862595419847328,0.967741935483871
0.02865329512893983,0.967741935483871
0.028680688336520075,0.967741935483871
0.028708133971291867,0.967741935483871
0.028735632183908046,0.967741935483871
0.028763183125599234,0.967741935483871
0.028790786948176585,0.967741935483871
0.02881844380403458,0.967741935483871
0.028846153846153848,0.967741935483871
0.028873917228103944,0.967741935483871
0.028901734104046242,0.967741935483871
0.02892960462873674,0.967741935483871
0.02895752895752896,0.967741935483871
0.028985507246376812,0.967741935483871
0.029013539651837523,0.967741935483871
0.02904162633107454,0.967741935483871
0.029069767441860465,0.967741935483871
0.029097963142580018,0.967741935483871
0.02912621359223301,0.967741935483871
0.029154518950437316,0.967741935483871
0.029182879377431907,0.967741935483871
0.029211295034079845,0.967741935483871
0.029239766081871343,0.967741935483871
0.02926829268292683,0.967741935483871
0.029296875,0.967741935483871
0.02932551319648094,0.967741935483871
0.029354207436399216,0.967741935483871
0.029382957884427033,0.967741935483871
0.029411764705882353,0.967741935483871
0.029440628066732092,0.967741935483871
0.029469548133595286,0.967741935483871
0.029498525073746312,0.967741935483871
0.02952755905511811,0.967741935483871
0.029556650246305417,0.967741935483871
0.029585798816568046,0.967741935483871
0.029615004935834157,0.967741935483871
0.029644268774703556,0.967741935483871
0.02967359050445104,0.967741935483871
0.0297029702970297,0.967741935483871
0.02973240832507433,0.967741935483871
0.02976190476190476,0.967741935483871
0.029791459781529295,0.967741935483871
0.02982107355864811,0.967741935483871
0.029850746268656716,0.967741935483871
0.029880478087649404,0.967741935483871
0.02991026919242273,0.967741935483871
0.029940119760479042,0.967741935483871
0.029970029970029972,0.967741935483871
0.03,0.967741935483871
0.03003003003003003,0.967741935483871
0.03006012024048096,0.967741935483871
0.03009027081243731,0.967741935483871
0.030120481927710843,0.967741935483871
0.03015075376884422,0.967741935483871
0.030181086519114688,0.967741935483871
0.030211480362537766,0.967741935483871
0.03024193548387097,0.967741935483871
0.030272452068617558,0.967741935483871
0.030303030303030304,0.967741935483871
0.030333670374115267,0.967741935483871
0.030364372469635626,0.967741935483871
0.030395136778115502,0.967741935483871
0.030425963488843813,0.967741935483871
0.030456852791878174,0.967741935483871
0.03048780487804878,0.967741935483871
0.030518819938962362,0.967741935483871
0.03054989816700611,0.967741935483871
0.03058103975535168,0.967741935483871
0.030612244897959183,0.967741935483871
0.030643513789581207,0.967741935483871
0.03067484662576687,0.967741935483871
0.030706243602865915,0.967741935483871
0.030737704918032786,0.967741935483871
0.03076923076923077,0.967741935483871
0.030800821355236138,0.967741935483871
0.030832476875642344,0.967741935483871
0.030864197530864196,0.967741935483871
0.030895983522142123,0.967741935483871
0.030927835051546393,0.967741935483871
0.030959752321981424,0.967741935483871
0.030991735537190084,0.967741935483871
0.031023784901758014,0.967741935483871
0.031055900621118012,0.967741935483871
0.031088082901554404,0.967741935483871
0.03112033195020747,0.967741935483871
0.03115264797507788,0.967741935483871
0.031185031185031187,0.967741935483871
0.031217481789802288,0.967741935483871
0.03125,0.967741935483871
0.03128258602711158,0.967741935483871
0.031315240083507306,0.967741935483871
0.03134796238244514,0.967741935483871
0.03138075313807531,0.967741935483871
0.031413612565445025,0.967741935483871
0.031446540880503145,0.967741935483871
0.03147953830010493,0.967741935483871
0.031512605042016806,0.967741935483871
0.031545741324921134,0.967741935483871
0.031578947368421054,0.967741935483871
0.03161222339304531,0.967741935483871
0.03164556962025317,0.967741935483871
0.03167898627243928,0.967741935483871
0.03171247357293869,0.967741935483871
0.031746031746031744,0.967741935483871
0.03177966101694915,0.967741935483871
0.031813361611876985,0.967741935483871
0.03184713375796178,0.967741935483871
0.031880977683315624,0.967741935483871
0.031914893617021274,0.967741935483871
0.03194888178913738,0.967741935483871
0.031982942430703626,0.967741935483871
0.032017075773746,0.967741935483871
0.03205128205128205,0.967741935483871
0.03208556149732621,0.967741935483871
0.032119914346895075,0.967741935483871
0.03215434083601286,0.967741935483871
0.032188841201716736,0.967741935483871
0.0322234156820623,0.967741935483871
0.03225806451612903,0.967741935483871
0.03229278794402583,0.967741935483871
0.032327586206896554,0.967741935483871
0.032362459546925564,0.967741935483871
0.032397408207343416,0.967741935483871
0.032432432432432434,0.967741935483871
0.032467532467532464,0.967741935483871
0.032502708559046585,0.967741935483871
0.03253796095444685,0.967741935483871
0.03257328990228013,0.967741935483871
0.03260869565217391,0.967741935483871
0.03264417845484222,0.967741935483871
0.032679738562091505,0.967741935483871
0.03271537622682661,0.967741935483871
0.03275109170305677,0.967741935483871
0.03278688524590164,0.967741935483871
0.03282275711159737,0.967741935483871
0.03285870755750274,0.967741935483871
0.03289473684210526,0.967741935483871
0.03293084522502744,0.967741935483871
0.03296703296703297,0.967741935483871
0.033003300330033,0.967741935483871
0.03303964757709251,0.967741935483871
0.03307607497243661,0.967741935483871
0.033112582781456956,0.967741935483871
0.03314917127071823,0.967741935483871
0.033185840707964605,0.967741935483871
0.03322259136212625,0.967741935483871
0.03325942350332594,0.967741935483871
0.033296337402885685,0.967741935483871
0.03333333333333333,0.967741935483871
0.03337041156840934,0.967741935483871
0.0334075723830735,0.967741935483871
0.033444816053511704,0.967741935483871
0.033482142857142856,0.967741935483871
0.0335195530726257,0.967741935483871
0.03355704697986577,0.967741935483871
0.0335946248600224,0.967741935483871
0.033632286995515695,0.967741935483871
0.03367003367003367,0.967741935483871
0.033707865168539325,0.967741935483871
0.03374578177727784,0.967741935483871
0.033783783783783786,0.967741935483871
0.033821871476888386,0.967741935483871
0.033860045146726865,0.967741935483871
0.03389830508474576,0.967741935483871
0.033936651583710405,0.967741935483871
0.03397508493771234,0.967741935483871
0.034013605442176874,0.967741935483871
0.0340522133938706,0.967741935483871
0.03409090909090909,0.967741935483871
0.034129692832764506,0.967741935483871
0.03416856492027335,0.967741935483871
0.03420752565564424,0.967741935483871
0.03424657534246575,0.967741935483871
0.03428571428571429,0.967741935483871
0.034324942791762014,0.967741935483871
0.03436426116838488,0.967741935483871
0.034403669724770644,0.967741935483871
0.03444316877152698,0.967741935483871
0.034482758620689655,0.967741935483871
0.03452243958573072,0.967741935483871
0.03456221198156682,0.967741935483871
0.03460207612456748,0.967741935483871
0.03464203233256351,0.967741935483871
0.03468208092485549,0.967741935483871
0.034722222222222224,0.967741935483871
0.03476245654692932,0.967741935483871
0.03480278422273782,0.967741935483871
0.03484320557491289,0.967741935483871
0.03488372093023256,0.967741935483871
0.034924330616996506,0.967741935483871
0.03496503496503497,0.967741935483871
0.03500583430571762,0.967741935483871
0.035046728971962614,0.967741935483871
0.03508771929824561,0.967741935483871
0.0351288056206089,0.967741935483871
0.035169988276670575,0.967741935483871
0.035211267605633804,0.967741935483871
0.03525264394829612,0.967741935483871
0.03529411764705882,0.967741935483871
0.0353356890459364,0.967741935483871
0.03537735849056604,0.967741935483871
0.03541912632821724,0.967741935483871
0.03546099290780142,0.967741935483871
0.03550295857988166,0.967741935483871
0.035545023696682464,0.967741935483871
0.03558718861209965,0.967741935483871
0.035629453681710214,0.967741935483871
0.0356718192627824,0.967741935483871
0.03571428571428571,0.967741935483871
0.03575685339690107,0.967741935483871
0.03579952267303103,0.967741935483871
0.035842293906810034,0.967741935483871
0.03588516746411483,0.967741935483871
0.03592814371257485,0.967741935483871
0.03597122302158273,0.967741935483871
0.03601440576230492,0.967741935483871
0.036057692307692304,0.967741935483871
0.036101083032490974,0.967741935483871
0.03614457831325301,0.967741935483871
0.03618817852834741,0.967741935483871
0.036231884057971016,0.967741935483871
0.036275695284159616,0.967741935483871
0.03631961259079903,0.967741935483871
0.03636363636363636,0.967741935483871
0.03640776699029126,0.967741935483871
0.03645200486026731,0.967741935483871
0.0364963503649635,0.967741935483871
0.03654080389768575,0.967741935483871
0.036585365853658534,0.967741935483871
0.03663003663003663,0.967741935483871
0.03667481662591687,0.967741935483871
0.03671970624235006,0.967741935483871
0.03676470588235294,0.967741935483871
0.03680981595092025,0.967741935483871
0.036855036855036855,0.967741935483871
0.03690036900369004,0.967741935483871
0.03694581280788178,0.967741935483871
0.036991368680641186,0.967741935483871
0.037037037037037035,0.967741935483871
0.037082818294190356,0.967741935483871
0.03712871287128713,0.967741935483871
0.03717472118959108,0.967741935483871
0.03722084367245657,0.967741935483871
0.037267080745341616,0.967741935483871
0.03731343283582089,0.967741935483871
0.037359900373599,0.967741935483871
0.03740648379052369,0.967741935483871
0.03745318352059925,0.967741935483871
0.0375,0.967741935483871
0.03629536921151439,0.9354838709677419
0.03634085213032581,0.9354838709677419
0.03638644918444166,0.9354838709677419
0.0364321608040201,0.9354838709677419
0.03647798742138365,0.9354838709677419
0.036523929471032744,0.9354838709677419
0.03656998738965952,0.9354838709677419
0.036616161616161616,0.9354838709677419
0.03666245259165613,0.9354838709677419
0.03670886075949367,0.9354838709677419
0.036755386565272496,0.9354838709677419
0.03680203045685279,0.9354838709677419
0.036848792884371026,0.9354838709677419
0.03689567430025445,0.9354838709677419
0.03694267515923567,0.9354838709677419
0.036989795918367346,0.9354838709677419
0.037037037037037035,0.9354838709677419
0.0370843989769821,0.9354838709677419
0.03713188220230474,0.9354838709677419
0.03717948717948718,0.9354838709677419
0.037227214377406934,0.9354838709677419
0.037275064267352186,0.9354838709677419
0.03732303732303732,0.9354838709677419
0.037371134020618556,0.9354838709677419
0.03741935483870968,0.9354838709677419
0.037467700258397935,0.9354838709677419
0.037516170763260026,0.9354838709677419
0.03756476683937824,0.9354838709677419
0.03761348897535668,0.9354838709677419
0.03766233766233766,0.9354838709677419
0.0377113133940182,0.9354838709677419
0.037760416666666664,0.9354838709677419
0.03780964797913951,0.9354838709677419
0.037859007832898174,0.9354838709677419
0.03790849673202614,0.9354838709677419
0.03795811518324607,0.9354838709677419
0.03800786369593709,0.9354838709677419
0.03805774278215223,0.9354838709677419
0.03810775295663601,0.9354838709677419
0.038157894736842106,0.9354838709677419
0.03820816864295125,0.9354838709677419
0.03825857519788918,0.9354838709677419
0.03830911492734478,0.9354838709677419
0.03835978835978836,0.9354838709677419
0.038410596026490065,0.9354838709677419
0.038461538461538464,0.9354838709677419
0.03851261620185923,0.9354838709677419
0.03856382978723404,0.9354838709677419
0.03861517976031957,0.9354838709677419
0.03866666666666667,0.9354838709677419
0.03871829105473965,0.9354838709677419
0.03877005347593583,0.9354838709677419
0.038821954484605084,0.9354838709677419
0.0388739946380697,0.9354838709677419
0.038926174496644296,0.9354838709677419
0.038978494623655914,0.9354838709677419
0.039030955585464336,0.9354838709677419
0.03908355795148248,0.9354838709677419
0.03913630229419703,0.9354838709677419
0.03918918918918919,0.9354838709677419
0.03924221921515562,0.9354838709677419
0.03929539295392954,0.9354838709677419
0.03934871099050204,0.9354838709677419
0.03940217391304348,0.9354838709677419
0.03945578231292517,0.9354838709677419
0.039509536784741145,0.9354838709677419
0.03956343792633015,0.9354838709677419
0.03961748633879782,0.9354838709677419
0.03967168262653899,0.9354838709677419
0.03972602739726028,0.9354838709677419
0.039780521262002745,0.9354838709677419
0.03983516483516483,0.9354838709677419
0.039889958734525444,0.9354838709677419
0.03994490358126722,0.9354838709677419
0.04,0.9354838709677419
0.04005524861878453,0.9354838709677419
0.040110650069156296,0.9354838709677419
0.04016620498614958,0.9354838709677419
0.04022191400832178,0.9354838709677419
0.04027777777777778,0.9354838709677419
0.04033379694019471,0.9354838709677419
0.0403899721448468,0.9354838709677419
0.040446304044630406,0.9354838709677419
0.040502793296089384,0.9354838709677419
0.04055944055944056,0.9354838709677419
0.04061624649859944,0.9354838709677419
0.04067321178120617,0.9354838709677419
0.04073033707865169,0.9354838709677419
0.040787623066104076,0.9354838709677419
0.04084507042253521,0.9354838709677419
0.04090267983074753,0.9354838709677419
0.04096045197740113,0.9354838709677419
0.04101838755304102,0.9354838709677419
0.04107648725212465,0.9354838709677419
0.04113475177304964,0.9354838709677419
0.041193181818181816,0.9354838709677419
0.041251778093883355,0.9354838709677419
0.04131054131054131,0.9354838709677419
0.04136947218259629,0.9354838709677419
0.041428571428571426,0.9354838709677419
0.04148783977110158,0.9354838709677419
0.04154727793696275,0.9354838709677419
0.04160688665710186,0.9354838709677419
0.041666666666666664,0.9354838709677419
0.041726618705035974,0.9354838709677419
0.04178674351585014,0.9354838709677419
0.04184704184704185,0.9354838709677419
0.04190751445086705,0.9354838709677419
0.041968162083936326,0.9354838709677419
0.042028985507246375,0.9354838709677419
0.0420899854862119,0.9354838709677419
0.04215116279069767,0.9354838709677419
0.042212518195050945,0.9354838709677419
0.04227405247813411,0.9354838709677419
0.042335766423357665,0.9354838709677419
0.04239766081871345,0.9354838709677419
0.0424597364568082,0.9354838709677419
0.04252199413489736,0.9354838709677419
0.042584434654919234,0.9354838709677419
0.04264705882352941,0.9354838709677419
0.042709867452135494,0.9354838709677419
0.04277286135693215,0.9354838709677419
0.04283604135893648,0.9354838709677419
0.042899408284023666,0.9354838709677419
0.04296296296296296,0.9354838709677419
0.04302670623145401,0.9354838709677419
0.04309063893016345,0.9354838709677419
0.043154761904761904,0.9354838709677419
0.043219076005961254,0.9354838709677419
0.04328358208955224,0.9354838709677419
0.043348281016442454,0.9354838709677419
0.04341317365269461,0.9354838709677419
0.043478260869565216,0.9354838709677419
0.04354354354354354,0.9354838709677419
0.04360902255639098,0.9354838709677419
0.043674698795180725,0.9354838709677419
0.043740573152337855,0.9354838709677419
0.04380664652567976,0.9354838709677419
0.04387291981845688,0.9354838709677419
0.04393939393939394,0.9354838709677419
0.04400606980273141,0.9354838709677419
0.044072948328267476,0.9354838709677419
0.0441400304414003,0.9354838709677419
0.04420731707317073,0.9354838709677419
0.044274809160305344,0.9354838709677419
0.04434250764525994,0.9354838709677419
0.0444104134762634,0.9354838709677419
0.04447852760736196,0.9354838709677419
0.0445468509984639,0.9354838709677419
0.04461538461538461,0.9354838709677419
0.04468412942989214,0.9354838709677419
0.044753086419753084,0.9354838709677419
0.04482225656877898,0.9354838709677419
0.04489164086687306,0.9354838709677419
0.04496124031007752,0.9354838709677419
0.04503105590062112,0.9354838709677419
0.04510108864696734,0.9354838709677419
0.045171339563862926,0.9354838709677419
0.0452418096723869,0.9354838709677419
0.0453125,0.9354838709677419
0.04538341158059468,0.9354838709677419
0.045454545454545456,0.9354838709677419
0.04552590266875981,0.9354838709677419
0.04559748427672956,0.9354838709677419
0.04566929133858268,0.9354838709677419
0.04574132492113565,0.9354838709677419
0.045813586097946286,0.9354838709677419
0.04588607594936709,0.9354838709677419
0.04595879556259905,0.9354838709677419
0.046031746031746035,0.9354838709677419
0.046104928457869634,0.9354838709677419
0.04617834394904458,0.9354838709677419
0.046251993620414676,0.9354838709677419
0.0463258785942492,0.9354838709677419
0.0464,0.9354838709677419
0.046474358974358976,0.9354838709677419
0.04654895666131621,0.9354838709677419
0.04662379421221865,0.9354838709677419
0.04669887278582931,0.9354838709677419
0.0467741935483871,0.9354838709677419
0.046849757673667204,0.9354838709677419
0.04692556634304207,0.9354838709677419
0.04700162074554295,0.9354838709677419
0.04707792207792208,0.9354838709677419
0.04715447154471545,0.9354838709677419
0.04723127035830619,0.9354838709677419
0.04730831973898858,0.9354838709677419
0.04738562091503268,0.9354838709677419
0.04746317512274959,0.9354838709677419
0.047540983606557376,0.9354838709677419
0.047619047619047616,0.9354838709677419
0.047697368421052634,0.9354838709677419
0.047775947281713346,0.9354838709677419
0.04785478547854786,0.9354838709677419
0.047933884297520664,0.9354838709677419
0.048013245033112585,0.9354838709677419
0.04809286898839138,0.9354838709677419
0.04817275747508306,0.9354838709677419
0.048252911813643926,0.9354838709677419
0.04833333333333333,0.9354838709677419
0.048414023372287146,0.9354838709677419
0.048494983277591976,0.9354838709677419
0.048576214405360134,0.9354838709677419
0.04865771812080537,0.9354838709677419
0.04873949579831933,0.9354838709677419
0.04882154882154882,0.9354838709677419
0.048903878583473864,0.9354838709677419
0.048986486486486486,0.9354838709677419
0.049069373942470386,0.9354838709677419
0.04915254237288136,0.9354838709677419
0.04923599320882852,0.9354838709677419
0.04931972789115646,0.9354838709677419
0.049403747870528106,0.9354838709677419
0.04948805460750853,0.9354838709677419
0.04957264957264957,0.9354838709677419
0.04965753424657534,0.9354838709677419
0.04974271012006861,0.9354838709677419
0.04982817869415808,0.9354838709677419
0.04991394148020654,0.9354838709677419
0.05,0.9354838709677419
0.05008635578583765,0.9354838709677419
0.050173010380622836,0.9354838709677419
0.05025996533795494,0.9354838709677419
0.050347222222222224,0.9354838709677419
0.050434782608695654,0.9354838709677419
0.050522648083623695,0.9354838709677419
0.0506108202443281,0.9354838709677419
0.050699300699300696,0.9354838709677419
0.050788091068301226,0.9354838709677419
0.05087719298245614,0.9354838709677419
0.050966608084358524,0.9354838709677419
0.051056338028169015,0.9354838709677419
0.05114638447971781,0.9354838709677419
0.05123674911660778,0.9354838709677419
0.05132743362831858,0.9354838709677419
0.051418439716312055,0.9354838709677419
0.05150976909413854,0.9354838709677419
0.051601423487544484,0.9354838709677419
0.05169340463458111,0.9354838709677419
0.05178571428571429,0.9354838709677419
0.0518783542039356,0.9354838709677419
0.05197132616487455,0.9354838709677419
0.05206463195691203,0.9354838709677419
0.052158273381294966,0.9354838709677419
0.05225225225225225,0.9354838709677419
0.052346570397111915,0.9354838709677419
0.05244122965641953,0.9354838709677419
0.05253623188405797,0.9354838709677419
0.05263157894736842,0.9354838709677419
0.05272727272727273,0.9354838709677419
0.052823315118397086,0.9354838709677419
0.05291970802919708,0.9354838709677419
0.05301645338208409,0.9354838709677419
0.05311355311355311,0.9354838709677419
0.05321100917431193,0.9354838709677419
0.05330882352941176,0.9354838709677419
0.053406998158379376,0.9354838709677419
0.05350553505535055,0.9354838709677419
0.053604436229205174,0.9354838709677419
0.053703703703703705,0.9354838709677419
0.05380333951762523,0.9354838709677419
0.05390334572490706,0.9354838709677419
0.054003724394785846,0.9354838709677419
0.054104477611940295,0.9354838709677419
0.05420560747663551,0.9354838709677419
0.054307116104868915,0.9354838709677419
0.054409005628517824,0.9354838709677419
0.05451127819548872,0.9354838709677419
0.054613935969868174,0.9354838709677419
0.05471698113207547,0.9354838709677419
0.054820415879017016,0.9354838709677419
0.05303030303030303,0.9032258064516129
0.05313092979127135,0.9032258064516129
0.053231939163498096,0.9032258064516129
0.05333333333333334,0.9032258064516129
0.05343511450381679,0.9032258064516129
0.05353728489483748,0.9032258064516129
0.05363984674329502,0.9032258064516129
0.053742802303262956,0.9032258064516129
0.05384615384615385,0.9032258064516129
0.05394990366088632,0.9032258064516129
0.05405405405405406,0.9032258064516129
0.05415860735009671,0.9032258064516129
0.05426356589147287,0.9032258064516129
0.05436893203883495,0.9032258064516129
0.054474708171206226,0.9032258064516129
0.05458089668615984,0.9032258064516129
0.0546875,0.9032258064516129
0.0547945205479452,0.9032258064516129
0.054901960784313725,0.9032258064516129
0.0550098231827112,0.9032258064516129
0.05511811023622047,0.9032258064516129
0.055226824457593686,0.9032258064516129
0.05533596837944664,0.9032258064516129
0.055445544554455446,0.9032258064516129
0.05555555555555555,0.9032258064516129
0.055666003976143144,0.9032258064516129
0.055776892430278883,0.9032258064516129
0.05588822355289421,0.9032258064516129
0.056,0.9032258064516129
0.056112224448897796,0.9032258064516129
0.05622489959839357,0.9032258064516129
0.056338028169014086,0.9032258064516129
0.056451612903225805,0.9032258064516129
0.05656565656565657,0.9032258064516129
0.05668016194331984,0.9032258064516129
0.056795131845841784,0.9032258064516129
0.056910569105691054,0.9032258064516129
0.05702647657841141,0.9032258064516129
0.05714285714285714,0.9032258064516129
0.05725971370143149,0.9032258064516129
0.05737704918032787,0.9032258064516129
0.057494866529774126,0.9032258064516129
0.05761316872427984,0.9032258064516129
0.0577319587628866,0.9032258064516129
0.05785123966942149,0.9032258064516129
0.057971014492753624,0.9032258064516129
0.058091286307053944,0.9032258064516129
0.058212058212058215,0.9032258064516129
0.058333333333333334,0.9032258064516129
0.05845511482254697,0.9032258064516129
0.058577405857740586,0.9032258064516129
0.05870020964360587,0.9032258064516129
0.058823529411764705,0.9032258064516129
0.05894736842105263,0.9032258064516129
0.05907172995780591,0.9032258064516129
0.05919661733615222,0.9032258064516129
0.059322033898305086,0.9032258064516129
0.059447983014861996,0.9032258064516129
0.059574468085106386,0.9032258064516129
0.05970149253731343,0.9032258064516129
0.05982905982905983,0.9032258064516129
0.059957173447537475,0.9032258064516129
0.060085836909871244,0.9032258064516129
0.060215053763440864,0.9032258064516129
0.0603448275862069,0.9032258064516129
0.06047516198704104,0.9032258064516129
0.06060606060606061,0.9032258064516129
0.06073752711496746,0.9032258064516129
0.06086956521739131,0.9032258064516129
0.06100217864923747,0.9032258064516129
0.0611353711790393,0.9032258064516129
0.061269146608315096,0.9032258064516129
0.06140350877192982,0.9032258064516129
0.06153846153846154,0.9032258064516129
0.06167400881057269,0.9032258064516129
0.06181015452538632,0.9032258064516129
0.061946902654867256,0.9032258064516129
0.06208425720620843,0.9032258064516129
0.06222222222222222,0.9032258064516129
0.062360801781737196,0.9032258064516129
0.0625,0.9032258064516129
0.06263982102908278,0.9032258064516129
0.06278026905829596,0.9032258064516129
0.06292134831460675,0.9032258064516129
0.06306306306306306,0.9032258064516129
0.06320541760722348,0.9032258064516129
0.06334841628959276,0.9032258064516129
0.06349206349206349,0.9032258064516129
0.06363636363636363,0.9032258064516129
0.06378132118451026,0.9032258064516129
0.0639269406392694,0.9032258064516129
0.06407322654462243,0.9032258064516129
0.06422018348623854,0.9032258064516129
0.06436781609195402,0.9032258064516129
0.06451612903225806,0.9032258064516129
0.06466512702078522,0.9032258064516129
0.06481481481481481,0.9032258064516129
0.06496519721577726,0.9032258064516129
0.06511627906976744,0.9032258064516129
0.06526806526806526,0.9032258064516129
0.06542056074766354,0.9032258064516129
0.06557377049180328,0.9032258064516129
0.06572769953051644,0.9032258064516129
0.06588235294117648,0.9032258064516129
0.0660377358490566,0.9032258064516129
0.06619385342789598,0.9032258064516129
0.06635071090047394,0.9032258064516129
0.0665083135391924,0.9032258064516129
0.06666666666666667,0.9032258064516129
0.06682577565632458,0.9032258064516129
0.06698564593301436,0.9032258064516129
0.0671462829736211,0.9032258064516129
0.0673076923076923,0.9032258064516129
0.06746987951807229,0.9032258064516129
0.06763285024154589,0.9032258064516129
0.06779661016949153,0.9032258064516129
0.06796116504854369,0.9032258064516129
0.0681265206812652,0.9032258064516129
0.06829268292682927,0.9032258064516129
0.06845965770171149,0.9032258064516129
0.06862745098039216,0.9032258064516129
0.0687960687960688,0.9032258064516129
0.06896551724137931,0.9032258064516129
0.0691358024691358,0.9032258064516129
0.06930693069306931,0.9032258064516129
0.06947890818858561,0.9032258064516129
0.06965174129353234,0.9032258064516129
0.06982543640897755,0.9032258064516129
0.07,0.9032258064516129
0.07017543859649122,0.9032258064516129
0.07035175879396985,0.9032258064516129
0.07052896725440806,0.9032258064516129
0.0707070707070707,0.9032258064516129
0.07088607594936709,0.9032258064516129
0.07106598984771574,0.9032258064516129
0.07124681933842239,0.9032258064516129
0.07142857142857142,0.9032258064516129
0.07161125319693094,0.9032258064516129
0.07179487179487179,0.9032258064516129
0.07197943444730077,0.9032258064516129
0.07216494845360824,0.9032258064516129
0.07235142118863049,0.9032258064516129
0.07253886010362694,0.9032258064516129
0.07272727272727272,0.9032258064516129
0.07291666666666667,0.9032258064516129
0.0731070496083551,0.9032258064516129
0.07329842931937172,0.9032258064516129
0.07349081364829396,0.9032258064516129
0.07368421052631578,0.9032258064516129
0.07387862796833773,0.9032258064516129
0.07407407407407407,0.9032258064516129
0.07427055702917772,0.9032258064516129
0.07446808510638298,0.9032258064516129
0.07466666666666667,0.9032258064516129
0.0748663101604278,0.9032258064516129
0.07506702412868632,0.9032258064516129
0.07526881720430108,0.9032258064516129
0.07547169811320754,0.9032258064516129
0.07567567567567568,0.9032258064516129
0.07588075880758807,0.9032258064516129
0.07608695652173914,0.9032258064516129
0.07629427792915532,0.9032258064516129
0.07650273224043716,0.9032258064516129
0.07671232876712329,0.9032258064516129
0.07692307692307693,0.9032258064516129
0.07713498622589532,0.9032258064516129
0.07734806629834254,0.9032258064516129
0.07756232686980609,0.9032258064516129
0.07777777777777778,0.9032258064516129
0.07799442896935933,0.9032258064516129
0.0782122905027933,0.9032258064516129
0.0784313725490196,0.9032258064516129
0.07865168539325842,0.9032258064516129
0.07887323943661972,0.9032258064516129
0.07909604519774012,0.9032258064516129
0.07932011331444759,0.9032258064516129
0.07954545454545454,0.9032258064516129
0.07977207977207977,0.9032258064516129
0.08,0.9032258064516129
0.08022922636103152,0.9032258064516129
0.08045977011494253,0.9032258064516129
0.08069164265129683,0.9032258064516129
0.08092485549132948,0.9032258064516129
0.08115942028985507,0.9032258064516129
0.08139534883720931,0.9032258064516129
0.08163265306122448,0.9032258064516129
0.08187134502923976,0.9032258064516129
0.08211143695014662,0.9032258064516129
0.08235294117647059,0.9032258064516129
0.08259587020648967,0.9032258064516129
0.08284023668639054,0.9032258064516129
0.0830860534124629,0.9032258064516129
0.08333333333333333,0.9032258064516129
0.08358208955223881,0.9032258064516129
0.08383233532934131,0.9032258064516129
0.08408408408408409,0.9032258064516129
0.08433734939759036,0.9032258064516129
0.08459214501510574,0.9032258064516129
0.08484848484848485,0.9032258064516129
0.0851063829787234,0.9032258064516129
0.08536585365853659,0.9032258064516129
0.0856269113149847,0.9032258064516129
0.08588957055214724,0.9032258064516129
0.08615384615384615,0.9032258064516129
0.08641975308641975,0.9032258064516129
0.08668730650154799,0.9032258064516129
0.08695652173913043,0.9032258064516129
0.08722741433021806,0.9032258064516129
0.0875,0.9032258064516129
0.0877742946708464,0.9032258064516129
0.0880503144654088,0.9032258064516129
0.08832807570977919,0.9032258064516129
0.08860759493670886,0.9032258064516129
0.08888888888888889,0.9032258064516129
0.08917197452229299,0.9032258064516129
0.08945686900958466,0.9032258064516129
0.08974358974358974,0.9032258064516129
0.09003215434083602,0.9032258064516129
0.09032258064516129,0.9032258064516129
0.09061488673139159,0.9032258064516129
0.09090909090909091,0.9032258064516129
0.09120521172638436,0.9032258064516129
0.0915032679738562,0.9032258064516129
0.09180327868852459,0.9032258064516129
0.09210526315789473,0.9032258064516129
0.0924092409240924,0.9032258064516129
0.09271523178807947,0.9032258064516129
0.09302325581395349,0.9032258064516129
0.09333333333333334,0.9032258064516129
0.09364548494983277,0.9032258064516129
0.09395973154362416,0.9032258064516129
0.09427609427609428,0.9032258064516129
0.0945945945945946,0.9032258064516129
0.09491525423728814,0.9032258064516129
0.09523809523809523,0.9032258064516129
0.09556313993174062,0.9032258064516129
0.0958904109589041,0.9032258064516129
0.09621993127147767,0.9032258064516129
0.09655172413793103,0.9032258064516129
0.09688581314878893,0.9032258064516129
0.09722222222222222,0.9032258064516129
0.0975609756097561,0.9032258064516129
0.0979020979020979,0.9032258064516129
0.09824561403508772,0.9032258064516129
0.09859154929577464,0.9032258064516129
0.0989399293286219,0.9032258064516129
0.09929078014184398,0.9032258064516129
0.099644128113879,0.9032258064516129
0.1,0.9032258064516129
0.1003584229390681,0.9032258064516129
0.10071942446043165,0.9032258064516129
0.10108303249097472,0.9032258064516129
0.10144927536231885,0.9032258064516129
0.10181818181818182,0.9032258064516129
0.10218978102189781,0.9032258064516129
0.10256410256410256,0.9032258064516129
0.10294117647058823,0.9032258064516129
0.1033210332103321,0.9032258064516129
0.1037037037037037,0.9032258064516129
0.10408921933085502,0.9032258064516129
0.1044776119402985,0.9032258064516129
0.10486891385767791,0.9032258064516129
0.10526315789473684,0.9032258064516129
0.10566037735849057,0.9032258064516129
0.10606060606060606,0.9032258064516129
0.10646387832699619,0.9032258064516129
0.10687022900763359,0.9032258064516129
0.10727969348659004,0.9032258064516129
0.1076923076923077,0.9032258064516129
0.10810810810810811,0.9032258064516129
0.10852713178294573,0.9032258064516129
0.10894941634241245,0.9032258064516129
0.109375,0.9032258064516129
0.10980392156862745,0.9032258064516129
0.11023622047244094,0.9032258064516129
0.11067193675889328,0.9032258064516129
0.1111111111111111,0.9032258064516129
0.11155378486055777,0.9032258064516129
0.112,0.9032258064516129
0.11244979919678715,0.9032258064516129
0.11290322580645161,0.9032258064516129
0.11336032388663968,0.9032258064516129
0.11382113821138211,0.9032258064516129
0.11428571428571428,0.9032258064516129
0.11475409836065574,0.9032258064516129
0.11522633744855967,0.9032258064516129
0.11570247933884298,0.9032258064516129
0.11618257261410789,0.9032258064516129
0.11666666666666667,0.9032258064516129
0.11715481171548117,0.9032258064516129
0.11764705882352941,0.9032258064516129
0.11814345991561181,0.9032258064516129
0.11864406779661017,0.9032258064516129
0.11914893617021277,0.9032258064516129
0.11965811965811966,0.9032258064516129
0.12017167381974249,0.9032258064516129
0.1206896551724138,0.9032258064516129
0.12121212121212122,0.9032258064516129
0.12173913043478261,0.9032258064516129
0.1222707423580786,0.9032258064516129
0.12280701754385964,0.9032258064516129
0.12334801762114538,0.9032258064516129
0.12389380530973451,0.9032258064516129
0.12444444444444444,0.9032258064516129
0.125,0.9032258064516129
0.12556053811659193,0.9032258064516129
0.12612612612612611,0.9032258064516129
0.12669683257918551,0.9032258064516129
0.12727272727272726,0.9032258064516129
0.1278538812785388,0.9032258064516129
0.12844036697247707,0.9032258064516129
0.12903225806451613,0.9032258064516129
0.12962962962962962,0.9032258064516129
0.13023255813953488,0.9032258064516129
0.1308411214953271,0.9032258064516129
0.13145539906103287,0.9032258064516129
0.1320754716981132,0.9032258064516129
0.13270142180094788,0.9032258064516129
0.13333333333333333,0.9032258064516129
0.1339712918660287,0.9032258064516129
0.1346153846153846,0.9032258064516129
0.13526570048309178,0.9032258064516129
0.13592233009708737,0.9032258064516129
0.13658536585365855,0.9032258064516129
0.13725490196078433,0.9032258064516129
0.13793103448275862,0.9032258064516129
0.13861386138613863,0.9032258064516129
0.13930348258706468,0.9032258064516129
0.14,0.9032258064516129
0.1407035175879397,0.9032258064516129
0.1414141414141414,0.9032258064516129
0.14213197969543148,0.9032258064516129
0.14285714285714285,0.9032258064516129
0.14358974358974358,0.9032258064516129
0.14432989690721648,0.9032258064516129
0.14507772020725387,0.9032258064516129
0.14583333333333334,0.9032258064516129
0.14659685863874344,0.9032258064516129
0.14736842105263157,0.9032258064516129
0.14814814814814814,0.9032258064516129
0.14893617021276595,0.9032258064516129
0.1497326203208556,0.9032258064516129
0.15053763440860216,0.9032258064516129
0.15135135135135136,0.9032258064516129
0.15217391304347827,0.9032258064516129
0.15300546448087432,0.9032258064516129
0.15384615384615385,0.9032258064516129
0.15469613259668508,0.9032258064516129
0.15555555555555556,0.9032258064516129
0.1564245810055866,0.9032258064516129
0.15730337078651685,0.9032258064516129
0.15819209039548024,0.9032258064516129
0.1590909090909091,0.9032258064516129
0.16,0.9032258064516129
0.16091954022988506,0.9032258064516129
0.16184971098265896,0.9032258064516129
0.16279069767441862,0.9032258064516129
0.16374269005847952,0.9032258064516129
0.16470588235294117,0.9032258064516129
0.16568047337278108,0.9032258064516129
0.16071428571428573,0.8709677419354839
0.16167664670658682,0.8709677419354839
0.16265060240963855,0.8709677419354839
0.16363636363636364,0.8709677419354839
0.16463414634146342,0.8709677419354839
0.1656441717791411,0.8709677419354839
0.16666666666666666,0.8709677419354839
0.16770186335403728,0.8709677419354839
0.16875,0.8709677419354839
0.16981132075471697,0.8709677419354839
0.17088607594936708,0.8709677419354839
0.17197452229299362,0.8709677419354839
0.17307692307692307,0.8709677419354839
0.17419354838709677,0.8709677419354839
0.16883116883116883,0.8387096774193549
0.16993464052287582,0.8387096774193549
0.17105263157894737,0.8387096774193549
0.17218543046357615,0.8387096774193549
0.17333333333333334,0.8387096774193549
0.16778523489932887,0.8064516129032258
0.16891891891891891,0.8064516129032258
0.17006802721088435,0.8064516129032258
0.17123287671232876,0.8064516129032258
0.1724137931034483,0.8064516129032258
0.16666666666666666,0.7741935483870968
0.16783216783216784,0.7741935483870968
0.16901408450704225,0.7741935483870968
0.1702127659574468,0.7741935483870968
0.17142857142857143,0.7741935483870968
0.17266187050359713,0.7741935483870968
0.17391304347826086,0.7741935483870968
0.17518248175182483,0.7741935483870968
0.17647058823529413,0.7741935483870968
0.17777777777777778,0.7741935483870968
0.1791044776119403,0.7741935483870968
0.18045112781954886,0.7741935483870968
0.18181818181818182,0.7741935483870968
0.183206106870229,0.7741935483870968
0.18461538461538463,0.7741935483870968
0.18604651162790697,0.7741935483870968
0.1875,0.7741935483870968
0.1889763779527559,0.7741935483870968
0.19047619047619047,0.7741935483870968
0.192,0.7741935483870968
0.1935483870967742,0.7741935483870968
0.1951219512195122,0.7741935483870968
0.19672131147540983,0.7741935483870968
0.19834710743801653,0.7741935483870968
0.2,0.7741935483870968
0.20168067226890757,0.7741935483870968
0.2033898305084746,0.7741935483870968
0.20512820512820512,0.7741935483870968
0.20689655172413793,0.7741935483870968
0.20869565217391303,0.7741935483870968
0.21052631578947367,0.7741935483870968
0.21238938053097345,0.7741935483870968
0.21428571428571427,0.7741935483870968
0.21621621621621623,0.7741935483870968
0.21818181818181817,0.7741935483870968
0.22018348623853212,0.7741935483870968
0.2222222222222222,0.7741935483870968
0.22429906542056074,0.7741935483870968
0.22641509433962265,0.7741935483870968
0.21904761904761905,0.7419354838709677
0.22115384615384615,0.7419354838709677
0.22330097087378642,0.7419354838709677
0.22549019607843138,0.7419354838709677
0.22772277227722773,0.7419354838709677
0.23,0.7419354838709677
0.23232323232323232,0.7419354838709677
0.23469387755102042,0.7419354838709677
0.23711340206185566,0.7419354838709677
0.23958333333333334,0.7419354838709677
0.24210526315789474,0.7419354838709677
0.24468085106382978,0.7419354838709677
0.24731182795698925,0.7419354838709677
0.25,0.7419354838709677
0.25274725274725274,0.7419354838709677
0.25555555555555554,0.7419354838709677
0.25842696629213485,0.7419354838709677
0.26136363636363635,0.7419354838709677
0.26436781609195403,0.7419354838709677
0.26744186046511625,0.7419354838709677
0.27058823529411763,0.7419354838709677
0.27380952380952384,0.7419354838709677
0.26506024096385544,0.7096774193548387
0.2682926829268293,0.7096774193548387
0.2716049382716049,0.7096774193548387
0.275,0.7096774193548387
0.27848101265822783,0.7096774193548387
0.28205128205128205,0.7096774193548387
0.2857142857142857,0.7096774193548387
0.2894736842105263,0.7096774193548387
0.29333333333333333,0.7096774193548387
0.2972972972972973,0.7096774193548387
0.3013698630136986,0.7096774193548387
0.3055555555555556,0.7096774193548387
0.30985915492957744,0.7096774193548387
0.3142857142857143,0.7096774193548387
0.3188405797101449,0.7096774193548387
0.3235294117647059,0.7096774193548387
0.3283582089552239,0.7096774193548387
0.3333333333333333,0.7096774193548387
0.3384615384615385,0.7096774193548387
0.34375,0.7096774193548387
0.3492063492063492,0.7096774193548387
0.3548387096774194,0.7096774193548387
0.36065573770491804,0.7096774193548387
0.36666666666666664,0.7096774193548387
0.3728813559322034,0.7096774193548387
0.3793103448275862,0.7096774193548387
0.38596491228070173,0.7096774193548387
0.39285714285714285,0.7096774193548387
0.4,0.7096774193548387
0.4074074074074074,0.7096774193548387
0.41509433962264153,0.7096774193548387
0.4230769230769231,0.7096774193548387
0.43137254901960786,0.7096774193548387
0.44,0.7096774193548387
0.4489795918367347,0.7096774193548387
0.4583333333333333,0.7096774193548387
0.46808510638297873,0.7096774193548387
0.4782608695652174,0.7096774193548387
0.4666666666666667,0.6774193548387096
0.4772727272727273,0.6774193548387096
0.4883720930232558,0.6774193548387096
0.5,0.6774193548387096
0.5121951219512195,0.6774193548387096
0.525,0.6774193548387096
0.5384615384615384,0.6774193548387096
0.5526315789473685,0.6774193548387096
0.5675675675675675,0.6774193548387096
0.5833333333333334,0.6774193548387096
0.6,0.6774193548387096
0.6176470588235294,0.6774193548387096
0.6363636363636364,0.6774193548387096
0.625,0.6451612903225806
0.6451612903225806,0.6451612903225806
0.6666666666666666,0.6451612903225806
0.6896551724137931,0.6451612903225806
0.6785714285714286,0.6129032258064516
0.7037037037037037,0.6129032258064516
0.7307692307692307,0.6129032258064516
0.76,0.6129032258064516
0.75,0.5806451612903226
0.782608695652174,0.5806451612903226
0.7727272727272727,0.5483870967741935
0.8095238095238095,0.5483870967741935
0.85,0.5483870967741935
0.8947368421052632,0.5483870967741935
0.8888888888888888,0.5161290322580645
0.8823529411764706,0.4838709677419355
0.9375,0.4838709677419355
0.9333333333333333,0.45161290322580644
0.9285714285714286,0.41935483870967744
0.9230769230769231,0.3870967741935484
0.9166666666666666,0.3548387096774194
0.9090909090909091,0.3225806451612903
0.9,0.2903225806451613
1.0,0.2903225806451613
1.0,0.25806451612903225
1.0,0.22580645161290322
1.0,0.1935483870967742
1.0,0.16129032258064516
1.0,0.12903225806451613
1.0,0.0967741935483871
1.0,0.06451612903225806
1.0,0.03225806451612903
1.0,0.0
