Precision,Recall
0.014705882352941176,1.0
0.026188166828322017,0.8709677419354839
0.02621359223300971,0.8709677419354839
0.026239067055393587,0.8709677419354839
0.026264591439688716,0.8709677419354839
0.02629016553067186,0.8709677419354839
0.02631578947368421,0.8709677419354839
0.026341463414634145,0.8709677419354839
0.0263671875,0.8709677419354839
0.026392961876832845,0.8709677419354839
0.026418786692759294,0.8709677419354839
0.02644466209598433,0.8709677419354839
0.026470588235294117,0.8709677419354839
0.02649656526005888,0.8709677419354839
0.026522593320235755,0.8709677419354839
0.02654867256637168,0.8709677419354839
0.0265748031496063,0.8709677419354839
0.026600985221674877,0.8709677419354839
0.026627218934911243,0.8709677419354839
0.02665350444225074,0.8709677419354839
0.0266798418972332,0.8709677419354839
0.026706231454005934,0.8709677419354839
0.026732673267326732,0.8709677419354839
0.026759167492566897,0.8709677419354839
0.026785714285714284,0.8709677419354839
0.026812313803376366,0.8709677419354839
0.0268389662027833,0.8709677419354839
0.026865671641791045,0.8709677419354839
0.026892430278884463,0.8709677419354839
0.026919242273180457,0.8709677419354839
0.02694610778443114,0.8709677419354839
0.026973026973026972,0.8709677419354839
0.027,0.8709677419354839
0.02702702702702703,0.8709677419354839
0.027054108216432865,0.8709677419354839
0.02708124373119358,0.8709677419354839
0.02710843373493976,0.8709677419354839
0.027135678391959798,0.8709677419354839
0.02716297786720322,0.8709677419354839
0.027190332326283987,0.8709677419354839
0.02721774193548387,0.8709677419354839
0.027245206861755803,0.8709677419354839
0.02727272727272727,0.8709677419354839
0.027300303336703743,0.8709677419354839
0.027327935222672066,0.8709677419354839
0.02735562310030395,0.8709677419354839
0.02738336713995943,0.8709677419354839
0.027411167512690356,0.8709677419354839
0.027439024390243903,0.8709677419354839
0.027466937945066123,0.8709677419354839
0.0274949083503055,0.8709677419354839
0.027522935779816515,0.8709677419354839
0.027551020408163266,0.8709677419354839
0.027579162410623085,0.8709677419354839
0.027607361963190184,0.8709677419354839
0.027635619242579325,0.8709677419354839
0.027663934426229508,0.8709677419354839
0.027692307692307693,0.8709677419354839
0.027720739219712527,0.8709677419354839
0.02774922918807811,0.8709677419354839
0.027777777777777776,0.8709677419354839
0.027806385169927908,0.8709677419354839
0.027835051546391754,0.8709677419354839
0.02786377708978328,0.8709677419354839
0.027892561983471075,0.8709677419354839
0.027921406411582212,0.8709677419354839
0.027950310559006212,0.8709677419354839
0.027979274611398965,0.8709677419354839
0.028008298755186723,0.8709677419354839
0.028037383177570093,0.8709677419354839
0.028066528066528068,0.8709677419354839
0.02809573361082206,0.8709677419354839
0.028125,0.8709677419354839
0.028154327424400417,0.8709677419354839
0.028183716075156576,0.8709677419354839
0.02821316614420063,0.8709677419354839
0.028242677824267783,0.8709677419354839
0.028272251308900525,0.8709677419354839
0.02830188679245283,0.8709677419354839
0.02833158447009444,0.8709677419354839
0.028361344537815126,0.8709677419354839
0.028391167192429023,0.8709677419354839
0.028421052631578948,0.8709677419354839
0.02845100105374078,0.8709677419354839
0.028481012658227847,0.8709677419354839
0.028511087645195353,0.8709677419354839
0.02854122621564482,0.8709677419354839
0.02857142857142857,0.8709677419354839
0.028601694915254237,0.8709677419354839
0.02863202545068929,0.8709677419354839
0.028662420382165606,0.8709677419354839
0.028692879914984058,0.8709677419354839
0.02872340425531915,0.8709677419354839
0.02875399361022364,0.8709677419354839
0.028784648187633263,0.8709677419354839
0.0288153681963714,0.8709677419354839
0.028846153846153848,0.8709677419354839
0.028877005347593583,0.8709677419354839
0.028907922912205567,0.8709677419354839
0.028938906752411574,0.8709677419354839
0.028969957081545063,0.8709677419354839
0.02900107411385607,0.8709677419354839
0.02903225806451613,0.8709677419354839
0.02906350914962325,0.8709677419354839
0.029094827586206896,0.8709677419354839
0.02912621359223301,0.8709677419354839
0.029157667386609073,0.8709677419354839
0.02918918918918919,0.8709677419354839
0.02922077922077922,0.8709677419354839
0.02925243770314193,0.8709677419354839
0.02928416485900217,0.8709677419354839
0.029315960912052116,0.8709677419354839
0.029347826086956522,0.8709677419354839
0.029379760609358,0.8709677419354839
0.029411764705882353,0.8709677419354839
0.029443838604143947,0.8709677419354839
0.02947598253275109,0.8709677419354839
0.029508196721311476,0.8709677419354839
0.02954048140043764,0.8709677419354839
0.029572836801752465,0.8709677419354839
0.029605263157894735,0.8709677419354839
0.029637760702524697,0.8709677419354839
0.02967032967032967,0.8709677419354839
0.0297029702970297,0.8709677419354839
0.02973568281938326,0.8709677419354839
0.029768467475192944,0.8709677419354839
0.029801324503311258,0.8709677419354839
0.02983425414364641,0.8709677419354839
0.029867256637168143,0.8709677419354839
0.029900332225913623,0.8709677419354839
0.02993348115299335,0.8709677419354839
0.029966703662597113,0.8709677419354839
0.03,0.8709677419354839
0.030033370411568408,0.8709677419354839
0.030066815144766147,0.8709677419354839
0.030100334448160536,0.8709677419354839
0.030133928571428572,0.8709677419354839
0.030167597765363128,0.8709677419354839
0.030201342281879196,0.8709677419354839
0.030235162374020158,0.8709677419354839
0.030269058295964126,0.8709677419354839
0.030303030303030304,0.8709677419354839
0.030337078651685393,0.8709677419354839
0.030371203599550055,0.8709677419354839
0.030405405405405407,0.8709677419354839
0.030439684329199548,0.8709677419354839
0.030474040632054177,0.8709677419354839
0.030508474576271188,0.8709677419354839
0.030542986425339366,0.8709677419354839
0.030577576443941108,0.8709677419354839
0.030612244897959183,0.8709677419354839
0.03064699205448354,0.8709677419354839
0.03068181818181818,0.8709677419354839
0.030716723549488054,0.8709677419354839
0.030751708428246014,0.8709677419354839
0.03078677309007982,0.8709677419354839
0.030821917808219176,0.8709677419354839
0.030857142857142857,0.8709677419354839
0.030892448512585814,0.8709677419354839
0.030927835051546393,0.8709677419354839
0.03096330275229358,0.8709677419354839
0.030998851894374284,0.8709677419354839
0.03103448275862069,0.8709677419354839
0.031070195627157654,0.8709677419354839
0.03110599078341014,0.8709677419354839
0.031141868512110725,0.8709677419354839
0.03117782909930716,0.8709677419354839
0.03121387283236994,0.8709677419354839
0.03125,0.8709677419354839
0.031286210892236384,0.8709677419354839
0.031322505800464036,0.8709677419354839
0.0313588850174216,0.8709677419354839
0.031395348837209305,0.8709677419354839
0.03143189755529686,0.8709677419354839
0.03146853146853147,0.8709677419354839
0.03150525087514586,0.8709677419354839
0.03154205607476635,0.8709677419354839
0.031578947368421054,0.8709677419354839
0.03161592505854801,0.8709677419354839
0.031652989449003514,0.8709677419354839
0.03169014084507042,0.8709677419354839
0.03172737955346651,0.8709677419354839
0.03176470588235294,0.8709677419354839
0.03180212014134275,0.8709677419354839
0.031839622641509434,0.8709677419354839
0.031877213695395513,0.8709677419354839
0.031914893617021274,0.8709677419354839
0.03195266272189349,0.8709677419354839
0.031990521327014215,0.8709677419354839
0.03202846975088968,0.8709677419354839
0.032066508313539195,0.8709677419354839
0.03210463733650416,0.8709677419354839
0.03214285714285714,0.8709677419354839
0.03218116805721097,0.8709677419354839
0.032219570405727926,0.8709677419354839
0.03225806451612903,0.8709677419354839
0.03229665071770335,0.8709677419354839
0.032335329341317366,0.8709677419354839
0.03237410071942446,0.8709677419354839
0.03241296518607443,0.8709677419354839
0.03245192307692308,0.8709677419354839
0.032490974729241874,0.8709677419354839
0.03253012048192771,0.8709677419354839
0.032569360675512665,0.8709677419354839
0.03260869565217391,0.8709677419354839
0.032648125755743655,0.8709677419354839
0.03268765133171913,0.8709677419354839
0.03272727272727273,0.8709677419354839
0.032766990291262135,0.8709677419354839
0.032806804374240585,0.8709677419354839
0.032846715328467155,0.8709677419354839
0.03288672350791717,0.8709677419354839
0.032926829268292684,0.8709677419354839
0.03296703296703297,0.8709677419354839
0.03300733496332518,0.8709677419354839
0.033047735618115054,0.8709677419354839
0.03308823529411765,0.8709677419354839
0.033128834355828224,0.8709677419354839
0.033169533169533166,0.8709677419354839
0.033210332103321034,0.8709677419354839
0.0332512315270936,0.8709677419354839
0.03329223181257707,0.8709677419354839
0.03333333333333333,0.8709677419354839
0.03337453646477132,0.8709677419354839
0.03341584158415842,0.8709677419354839
0.03345724907063197,0.8709677419354839
0.033498759305210915,0.8709677419354839
0.03354037267080745,0.8709677419354839
0.033582089552238806,0.8709677419354839
0.033623910336239106,0.8709677419354839
0.03366583541147132,0.8709677419354839
0.033707865168539325,0.8709677419354839
0.03375,0.8709677419354839
0.03379224030037547,0.8709677419354839
0.03383458646616541,0.8709677419354839
0.033877038895859475,0.8709677419354839
0.03391959798994975,0.8709677419354839
0.033962264150943396,0.8709677419354839
0.03400503778337532,0.8709677419354839
0.034047919293820936,0.8709677419354839
0.03409090909090909,0.8709677419354839
0.03413400758533502,0.8709677419354839
0.03417721518987342,0.8709677419354839
0.034220532319391636,0.8709677419354839
0.03426395939086294,0.8709677419354839
0.03430749682337993,0.8709677419354839
0.03435114503816794,0.8709677419354839
0.034394904458598725,0.8709677419354839
0.03443877551020408,0.8709677419354839
0.034482758620689655,0.8709677419354839
0.034526854219948847,0.8709677419354839
0.034571062740076826,0.8709677419354839
0.03461538461538462,0.8709677419354839
0.03465982028241335,0.8709677419354839
0.03470437017994859,0.8709677419354839
0.03474903474903475,0.8709677419354839
0.03479381443298969,0.8709677419354839
0.03483870967741935,0.8709677419354839
0.03488372093023256,0.8709677419354839
0.03492884864165589,0.8709677419354839
0.034974093264248704,0.8709677419354839
0.03501945525291829,0.8709677419354839
0.03506493506493506,0.8709677419354839
0.035110533159947985,0.8709677419354839
0.03515625,0.8709677419354839
0.035202086049543675,0.8709677419354839
0.03524804177545692,0.8709677419354839
0.03529411764705882,0.8709677419354839
0.03534031413612566,0.8709677419354839
0.035386631716906945,0.8709677419354839
0.03543307086614173,0.8709677419354839
0.035479632063074903,0.8709677419354839
0.035526315789473684,0.8709677419354839
0.03557312252964427,0.8709677419354839
0.03562005277044855,0.8709677419354839
0.035667107001321,0.8709677419354839
0.03571428571428571,0.8709677419354839
0.03576158940397351,0.8709677419354839
0.03580901856763926,0.8709677419354839
0.035856573705179286,0.8709677419354839
0.03590425531914894,0.8709677419354839
0.03595206391478029,0.8709677419354839
0.036,0.8709677419354839
0.036048064085447265,0.8709677419354839
0.03609625668449198,0.8709677419354839
0.03614457831325301,0.8709677419354839
0.036193029490616625,0.8709677419354839
0.036241610738255034,0.8709677419354839
0.036290322580645164,0.8709677419354839
0.03633916554508748,0.8709677419354839
0.03638814016172507,0.8709677419354839
0.03643724696356275,0.8709677419354839
0.03648648648648649,0.8709677419354839
0.036535859269282815,0.8709677419354839
0.036585365853658534,0.8709677419354839
0.036635006784260515,0.8709677419354839
0.036684782608695655,0.8709677419354839
0.036734693877551024,0.8709677419354839
0.03678474114441417,0.8709677419354839
0.036834924965893585,0.8709677419354839
0.036885245901639344,0.8709677419354839
0.036935704514363885,0.8709677419354839
0.036986301369863014,0.8709677419354839
0.037037037037037035,0.8709677419354839
0.03708791208791209,0.8709677419354839
0.037138927097661624,0.8709677419354839
0.0371900826446281,0.8709677419354839
0.037241379310344824,0.8709677419354839
0.03729281767955801,0.8709677419354839
0.03734439834024896,0.8709677419354839
0.037396121883656507,0.8709677419354839
0.03744798890429958,0.8709677419354839
0.0375,0.8709677419354839
0.037552155771905425,0.8709677419354839
0.037604456824512536,0.8709677419354839
0.03765690376569038,0.8709677419354839
0.03770949720670391,0.8709677419354839
0.03776223776223776,0.8709677419354839
0.037815126050420166,0.8709677419354839
0.037868162692847124,0.8709677419354839
0.037921348314606744,0.8709677419354839
0.0379746835443038,0.8709677419354839
0.038028169014084505,0.8709677419354839
0.0380818053596615,0.8709677419354839
0.038135593220338986,0.8709677419354839
0.03818953323903819,0.8709677419354839
0.03824362606232295,0.8709677419354839
0.03829787234042553,0.8709677419354839
0.03835227272727273,0.8709677419354839
0.03840682788051209,0.8709677419354839
0.038461538461538464,0.8709677419354839
0.03851640513552068,0.8709677419354839
0.03857142857142857,0.8709677419354839
0.03862660944206009,0.8709677419354839
0.03868194842406877,0.8709677419354839
0.03873744619799139,0.8709677419354839
0.03879310344827586,0.8709677419354839
0.03884892086330935,0.8709677419354839
0.03890489913544669,0.8709677419354839
0.03896103896103896,0.8709677419354839
0.03901734104046243,0.8709677419354839
0.03907380607814761,0.8709677419354839
0.0391304347826087,0.8709677419354839
0.03918722786647315,0.8709677419354839
0.03924418604651163,0.8709677419354839
0.039301310043668124,0.8709677419354839
0.03935860058309038,0.8709677419354839
0.03941605839416058,0.8709677419354839
0.039473684210526314,0.8709677419354839
0.03953147877013177,0.8709677419354839
0.039589442815249266,0.8709677419354839
0.039647577092511016,0.8709677419354839
0.039705882352941174,0.8709677419354839
0.039764359351988215,0.8709677419354839
0.03982300884955752,0.8709677419354839
0.03988183161004431,0.8709677419354839
0.03994082840236687,0.8709677419354839
0.04,0.8709677419354839
0.040059347181008904,0.8709677419354839
0.04011887072808321,0.8709677419354839
0.04017857142857143,0.8709677419354839
0.040238450074515646,0.8709677419354839
0.04029850746268657,0.8709677419354839
0.04035874439461883,0.8709677419354839
0.040419161676646706,0.8709677419354839
0.04047976011994003,0.8709677419354839
0.04054054054054054,0.8709677419354839
0.0406015037593985,0.8709677419354839
0.04066265060240964,0.8709677419354839
0.04072398190045249,0.8709677419354839
0.04078549848942598,0.8709677419354839
0.04084720121028744,0.8709677419354839
0.04090909090909091,0.8709677419354839
0.0409711684370258,0.8709677419354839
0.041033434650455926,0.8709677419354839
0.0410958904109589,0.8709677419354839
0.041158536585365856,0.8709677419354839
0.04122137404580153,0.8709677419354839
0.04128440366972477,0.8709677419354839
0.04134762633996937,0.8709677419354839
0.04141104294478527,0.8709677419354839
0.041474654377880185,0.8709677419354839
0.04153846153846154,0.8709677419354839
0.04160246533127889,0.8709677419354839
0.041666666666666664,0.8709677419354839
0.04173106646058733,0.8709677419354839
0.04179566563467492,0.8709677419354839
0.04186046511627907,0.8709677419354839
0.04192546583850932,0.8709677419354839
0.041990668740279936,0.8709677419354839
0.04205607476635514,0.8709677419354839
0.0421216848673947,0.8709677419354839
0.0421875,0.8709677419354839
0.04225352112676056,0.8709677419354839
0.04231974921630094,0.8709677419354839
0.0423861852433281,0.8709677419354839
0.04245283018867924,0.8709677419354839
0.04251968503937008,0.8709677419354839
0.04258675078864353,0.8709677419354839
0.04265402843601896,0.8709677419354839
0.04272151898734177,0.8709677419354839
0.042789223454833596,0.8709677419354839
0.04285714285714286,0.8709677419354839
0.04292527821939587,0.8709677419354839
0.042993630573248405,0.8709677419354839
0.0430622009569378,0.8709677419354839
0.04313099041533546,0.8709677419354839
0.0432,0.8709677419354839
0.04326923076923077,0.8709677419354839
0.04333868378812199,0.8709677419354839
0.04340836012861737,0.8709677419354839
0.043478260869565216,0.8709677419354839
0.043548387096774194,0.8709677419354839
0.04361873990306947,0.8709677419354839
0.043689320388349516,0.8709677419354839
0.04376012965964344,0.8709677419354839
0.04383116883116883,0.8709677419354839
0.04390243902439024,0.8709677419354839
0.043973941368078175,0.8709677419354839
0.04404567699836868,0.8709677419354839
0.04411764705882353,0.8709677419354839
0.044189852700491,0.8709677419354839
0.04426229508196721,0.8709677419354839
0.04433497536945813,0.8709677419354839
0.044407894736842105,0.8709677419354839
0.044481054365733116,0.8709677419354839
0.04455445544554455,0.8709677419354839
0.04462809917355372,0.8709677419354839
0.04470198675496689,0.8709677419354839
0.04477611940298507,0.8709677419354839
0.044850498338870434,0.8709677419354839
0.04492512479201331,0.8709677419354839
0.045,0.8709677419354839
0.045075125208681135,0.8709677419354839
0.0451505016722408,0.8709677419354839
0.04522613065326633,0.8709677419354839
0.04530201342281879,0.8709677419354839
0.0453781512605042,0.8709677419354839
0.045454545454545456,0.8709677419354839
0.045531197301854974,0.8709677419354839
0.04560810810810811,0.8709677419354839
0.04568527918781726,0.8709677419354839
0.04576271186440678,0.8709677419354839
0.04584040747028863,0.8709677419354839
0.04591836734693878,0.8709677419354839
0.04599659284497445,0.8709677419354839
0.04436860068259386,0.8387096774193549
0.044444444444444446,0.8387096774193549
0.04452054794520548,0.8387096774193549
0.044596912521440824,0.8387096774193549
0.044673539518900345,0.8387096774193549
0.04475043029259897,0.8387096774193549
0.04482758620689655,0.8387096774193549
0.044905008635578586,0.8387096774193549
0.04498269896193772,0.8387096774193549
0.045060658578856154,0.8387096774193549
0.04513888888888889,0.8387096774193549
0.04521739130434783,0.8387096774193549
0.04529616724738676,0.8387096774193549
0.04537521815008726,0.8387096774193549
0.045454545454545456,0.8387096774193549
0.04553415061295972,0.8387096774193549
0.0456140350877193,0.8387096774193549
0.04569420035149385,0.8387096774193549
0.045774647887323945,0.8387096774193549
0.04585537918871252,0.8387096774193549
0.045936395759717315,0.8387096774193549
0.04601769911504425,0.8387096774193549
0.04609929078014184,0.8387096774193549
0.046181172291296625,0.8387096774193549
0.046263345195729534,0.8387096774193549
0.04634581105169341,0.8387096774193549
0.04642857142857143,0.8387096774193549
0.046511627906976744,0.8387096774193549
0.04659498207885305,0.8387096774193549
0.0466786355475763,0.8387096774193549
0.046762589928057555,0.8387096774193549
0.04684684684684685,0.8387096774193549
0.04693140794223827,0.8387096774193549
0.04701627486437613,0.8387096774193549
0.04710144927536232,0.8387096774193549
0.047186932849364795,0.8387096774193549
0.04727272727272727,0.8387096774193549
0.04735883424408015,0.8387096774193549
0.04744525547445255,0.8387096774193549
0.04753199268738574,0.8387096774193549
0.047619047619047616,0.8387096774193549
0.047706422018348627,0.8387096774193549
0.04779411764705882,0.8387096774193549
0.04788213627992634,0.8387096774193549
0.04797047970479705,0.8387096774193549
0.04805914972273567,0.8387096774193549
0.04814814814814815,0.8387096774193549
0.04823747680890538,0.8387096774193549
0.048327137546468404,0.8387096774193549
0.048417132216014895,0.8387096774193549
0.048507462686567165,0.8387096774193549
0.048598130841121495,0.8387096774193549
0.04868913857677903,0.8387096774193549
0.04878048780487805,0.8387096774193549
0.04887218045112782,0.8387096774193549
0.04896421845574388,0.8387096774193549
0.04905660377358491,0.8387096774193549
0.04914933837429111,0.8387096774193549
0.04924242424242424,0.8387096774193549
0.04933586337760911,0.8387096774193549
0.049429657794676805,0.8387096774193549
0.049523809523809526,0.8387096774193549
0.04961832061068702,0.8387096774193549
0.0497131931166348,0.8387096774193549
0.04980842911877394,0.8387096774193549
0.04990403071017274,0.8387096774193549
0.05,0.8387096774193549
0.05009633911368015,0.8387096774193549
0.05019305019305019,0.8387096774193549
0.05029013539651837,0.8387096774193549
0.050387596899224806,0.8387096774193549
0.05048543689320388,0.8387096774193549
0.05058365758754864,0.8387096774193549
0.050682261208576995,0.8387096774193549
0.05078125,0.8387096774193549
0.050880626223091974,0.8387096774193549
0.050980392156862744,0.8387096774193549
0.05108055009823183,0.8387096774193549
0.051181102362204724,0.8387096774193549
0.05128205128205128,0.8387096774193549
0.05138339920948617,0.8387096774193549
0.05148514851485148,0.8387096774193549
0.051587301587301584,0.8387096774193549
0.05168986083499006,0.8387096774193549
0.05179282868525897,0.8387096774193549
0.05189620758483034,0.8387096774193549
0.052,0.8387096774193549
0.052104208416833664,0.8387096774193549
0.05220883534136546,0.8387096774193549
0.052313883299798795,0.8387096774193549
0.05241935483870968,0.8387096774193549
0.052525252525252523,0.8387096774193549
0.05263157894736842,0.8387096774193549
0.05273833671399594,0.8387096774193549
0.052845528455284556,0.8387096774193549
0.05295315682281059,0.8387096774193549
0.053061224489795916,0.8387096774193549
0.053169734151329244,0.8387096774193549
0.05327868852459016,0.8387096774193549
0.053388090349075976,0.8387096774193549
0.053497942386831275,0.8387096774193549
0.05360824742268041,0.8387096774193549
0.05371900826446281,0.8387096774193549
0.053830227743271224,0.8387096774193549
0.05394190871369295,0.8387096774193549
0.05405405405405406,0.8387096774193549
0.05416666666666667,0.8387096774193549
0.054279749478079335,0.8387096774193549
0.05439330543933055,0.8387096774193549
0.05450733752620545,0.8387096774193549
0.0546218487394958,0.8387096774193549
0.05473684210526316,0.8387096774193549
0.05485232067510549,0.8387096774193549
0.05496828752642706,0.8387096774193549
0.05508474576271186,0.8387096774193549
0.055201698513800426,0.8387096774193549
0.05531914893617021,0.8387096774193549
0.05543710021321962,0.8387096774193549
0.05555555555555555,0.8387096774193549
0.055674518201284794,0.8387096774193549
0.055793991416309016,0.8387096774193549
0.05591397849462366,0.8387096774193549
0.05603448275862069,0.8387096774193549
0.056155507559395246,0.8387096774193549
0.05627705627705628,0.8387096774193549
0.05639913232104121,0.8387096774193549
0.05652173913043478,0.8387096774193549
0.05664488017429194,0.8387096774193549
0.056768558951965066,0.8387096774193549
0.05689277899343545,0.8387096774193549
0.05701754385964912,0.8387096774193549
0.05714285714285714,0.8387096774193549
0.05726872246696035,0.8387096774193549
0.05739514348785872,0.8387096774193549
0.05752212389380531,0.8387096774193549
0.057649667405764965,0.8387096774193549
0.057777777777777775,0.8387096774193549
0.05790645879732739,0.8387096774193549
0.05803571428571429,0.8387096774193549
0.058165548098434,0.8387096774193549
0.05829596412556054,0.8387096774193549
0.058426966292134834,0.8387096774193549
0.05855855855855856,0.8387096774193549
0.05869074492099323,0.8387096774193549
0.058823529411764705,0.8387096774193549
0.05895691609977324,0.8387096774193549
0.05909090909090909,0.8387096774193549
0.05922551252847381,0.8387096774193549
0.0593607305936073,0.8387096774193549
0.059496567505720827,0.8387096774193549
0.05963302752293578,0.8387096774193549
0.059770114942528735,0.8387096774193549
0.059907834101382486,0.8387096774193549
0.06004618937644342,0.8387096774193549
0.06018518518518518,0.8387096774193549
0.060324825986078884,0.8387096774193549
0.06046511627906977,0.8387096774193549
0.06060606060606061,0.8387096774193549
0.06074766355140187,0.8387096774193549
0.06088992974238876,0.8387096774193549
0.06103286384976526,0.8387096774193549
0.0611764705882353,0.8387096774193549
0.06132075471698113,0.8387096774193549
0.061465721040189124,0.8387096774193549
0.061611374407582936,0.8387096774193549
0.06175771971496437,0.8387096774193549
0.06190476190476191,0.8387096774193549
0.06205250596658711,0.8387096774193549
0.06220095693779904,0.8387096774193549
0.06235011990407674,0.8387096774193549
0.0625,0.8387096774193549
0.06265060240963856,0.8387096774193549
0.06280193236714976,0.8387096774193549
0.06295399515738499,0.8387096774193549
0.06310679611650485,0.8387096774193549
0.06326034063260341,0.8387096774193549
0.06341463414634146,0.8387096774193549
0.06356968215158924,0.8387096774193549
0.06372549019607843,0.8387096774193549
0.06388206388206388,0.8387096774193549
0.06403940886699508,0.8387096774193549
0.06419753086419754,0.8387096774193549
0.06435643564356436,0.8387096774193549
0.06451612903225806,0.8387096774193549
0.06467661691542288,0.8387096774193549
0.06483790523690773,0.8387096774193549
0.065,0.8387096774193549
0.06516290726817042,0.8387096774193549
0.06532663316582915,0.8387096774193549
0.0654911838790932,0.8387096774193549
0.06565656565656566,0.8387096774193549
0.06582278481012659,0.8387096774193549
0.06598984771573604,0.8387096774193549
0.06615776081424936,0.8387096774193549
0.0663265306122449,0.8387096774193549
0.06649616368286446,0.8387096774193549
0.06666666666666667,0.8387096774193549
0.06683804627249357,0.8387096774193549
0.06701030927835051,0.8387096774193549
0.06718346253229975,0.8387096774193549
0.06735751295336788,0.8387096774193549
0.06753246753246753,0.8387096774193549
0.06770833333333333,0.8387096774193549
0.06788511749347259,0.8387096774193549
0.06806282722513089,0.8387096774193549
0.06824146981627296,0.8387096774193549
0.06842105263157895,0.8387096774193549
0.06860158311345646,0.8387096774193549
0.06878306878306878,0.8387096774193549
0.06896551724137931,0.8387096774193549
0.06914893617021277,0.8387096774193549
0.06933333333333333,0.8387096774193549
0.06951871657754011,0.8387096774193549
0.06970509383378017,0.8387096774193549
0.06989247311827956,0.8387096774193549
0.07008086253369272,0.8387096774193549
0.07027027027027027,0.8387096774193549
0.07046070460704607,0.8387096774193549
0.07065217391304347,0.8387096774193549
0.07084468664850137,0.8387096774193549
0.07103825136612021,0.8387096774193549
0.07123287671232877,0.8387096774193549
0.07142857142857142,0.8387096774193549
0.07162534435261708,0.8387096774193549
0.0718232044198895,0.8387096774193549
0.07202216066481995,0.8387096774193549
0.07222222222222222,0.8387096774193549
0.07242339832869081,0.8387096774193549
0.07262569832402235,0.8387096774193549
0.07282913165266107,0.8387096774193549
0.07303370786516854,0.8387096774193549
0.07323943661971831,0.8387096774193549
0.07344632768361582,0.8387096774193549
0.07365439093484419,0.8387096774193549
0.07386363636363637,0.8387096774193549
0.07407407407407407,0.8387096774193549
0.07428571428571429,0.8387096774193549
0.07449856733524356,0.8387096774193549
0.07471264367816093,0.8387096774193549
0.07492795389048991,0.8387096774193549
0.07514450867052024,0.8387096774193549
0.07536231884057971,0.8387096774193549
0.0755813953488372,0.8387096774193549
0.07580174927113703,0.8387096774193549
0.07602339181286549,0.8387096774193549
0.07624633431085044,0.8387096774193549
0.07647058823529412,0.8387096774193549
0.07669616519174041,0.8387096774193549
0.07692307692307693,0.8387096774193549
0.0771513353115727,0.8387096774193549
0.07738095238095238,0.8387096774193549
0.07761194029850746,0.8387096774193549
0.07784431137724551,0.8387096774193549
0.07807807807807808,0.8387096774193549
0.0783132530120482,0.8387096774193549
0.07854984894259819,0.8387096774193549
0.07878787878787878,0.8387096774193549
0.0790273556231003,0.8387096774193549
0.07926829268292683,0.8387096774193549
0.07951070336391437,0.8387096774193549
0.07975460122699386,0.8387096774193549
0.08,0.8387096774193549
0.08024691358024691,0.8387096774193549
0.0804953560371517,0.8387096774193549
0.08074534161490683,0.8387096774193549
0.08099688473520249,0.8387096774193549
0.08125,0.8387096774193549
0.08150470219435736,0.8387096774193549
0.08176100628930817,0.8387096774193549
0.08201892744479496,0.8387096774193549
0.08227848101265822,0.8387096774193549
0.08253968253968254,0.8387096774193549
0.08280254777070063,0.8387096774193549
0.08306709265175719,0.8387096774193549
0.08333333333333333,0.8387096774193549
0.08360128617363344,0.8387096774193549
0.08387096774193549,0.8387096774193549
0.08414239482200647,0.8387096774193549
0.08441558441558442,0.8387096774193549
0.08469055374592833,0.8387096774193549
0.08496732026143791,0.8387096774193549
0.08524590163934426,0.8387096774193549
0.08552631578947369,0.8387096774193549
0.0858085808580858,0.8387096774193549
0.08609271523178808,0.8387096774193549
0.08637873754152824,0.8387096774193549
0.08666666666666667,0.8387096774193549
0.08695652173913043,0.8387096774193549
0.087248322147651,0.8387096774193549
0.08754208754208755,0.8387096774193549
0.08783783783783784,0.8387096774193549
0.08813559322033898,0.8387096774193549
0.08843537414965986,0.8387096774193549
0.08873720136518772,0.8387096774193549
0.08904109589041095,0.8387096774193549
0.08934707903780069,0.8387096774193549
0.0896551724137931,0.8387096774193549
0.08996539792387544,0.8387096774193549
0.09027777777777778,0.8387096774193549
0.09059233449477352,0.8387096774193549
0.09090909090909091,0.8387096774193549
0.0912280701754386,0.8387096774193549
0.09154929577464789,0.8387096774193549
0.09187279151943463,0.8387096774193549
0.09219858156028368,0.8387096774193549
0.09252669039145907,0.8387096774193549
0.09285714285714286,0.8387096774193549
0.0931899641577061,0.8387096774193549
0.09352517985611511,0.8387096774193549
0.09386281588447654,0.8387096774193549
0.09420289855072464,0.8387096774193549
0.09454545454545454,0.8387096774193549
0.0948905109489051,0.8387096774193549
0.09523809523809523,0.8387096774193549
0.09558823529411764,0.8387096774193549
0.0959409594095941,0.8387096774193549
0.0962962962962963,0.8387096774193549
0.09665427509293681,0.8387096774193549
0.09701492537313433,0.8387096774193549
0.09737827715355805,0.8387096774193549
0.09774436090225563,0.8387096774193549
0.09811320754716982,0.8387096774193549
0.09848484848484848,0.8387096774193549
0.09885931558935361,0.8387096774193549
0.09923664122137404,0.8387096774193549
0.09961685823754789,0.8387096774193549
0.1,0.8387096774193549
0.10038610038610038,0.8387096774193549
0.10077519379844961,0.8387096774193549
0.10116731517509728,0.8387096774193549
0.1015625,0.8387096774193549
0.10196078431372549,0.8387096774193549
0.10236220472440945,0.8387096774193549
0.10276679841897234,0.8387096774193549
0.10317460317460317,0.8387096774193549
0.10358565737051793,0.8387096774193549
0.104,0.8387096774193549
0.10441767068273092,0.8387096774193549
0.10483870967741936,0.8387096774193549
0.10526315789473684,0.8387096774193549
0.10569105691056911,0.8387096774193549
0.10612244897959183,0.8387096774193549
0.10655737704918032,0.8387096774193549
0.10699588477366255,0.8387096774193549
0.10743801652892562,0.8387096774193549
0.1078838174273859,0.8387096774193549
0.10833333333333334,0.8387096774193549
0.1087866108786611,0.8387096774193549
0.1092436974789916,0.8387096774193549
0.10970464135021098,0.8387096774193549
0.11016949152542373,0.8387096774193549
0.11063829787234042,0.8387096774193549
0.1111111111111111,0.8387096774193549
0.11158798283261803,0.8387096774193549
0.11206896551724138,0.8387096774193549
0.11255411255411256,0.8387096774193549
0.11304347826086956,0.8387096774193549
0.11353711790393013,0.8387096774193549
0.11403508771929824,0.8387096774193549
0.1145374449339207,0.8387096774193549
0.11504424778761062,0.8387096774193549
0.11555555555555555,0.8387096774193549
0.11607142857142858,0.8387096774193549
0.11659192825112108,0.8387096774193549
0.11711711711711711,0.8387096774193549
0.11764705882352941,0.8387096774193549
0.11818181818181818,0.8387096774193549
0.1187214611872146,0.8387096774193549
0.11926605504587157,0.8387096774193549
0.11981566820276497,0.8387096774193549
0.12037037037037036,0.8387096774193549
0.12093023255813953,0.8387096774193549
0.12149532710280374,0.8387096774193549
0.12206572769953052,0.8387096774193549
0.12264150943396226,0.8387096774193549
0.12322274881516587,0.8387096774193549
0.12380952380952381,0.8387096774193549
0.12440191387559808,0.8387096774193549
0.125,0.8387096774193549
0.12560386473429952,0.8387096774193549
0.1262135922330097,0.8387096774193549
0.12682926829268293,0.8387096774193549
0.12745098039215685,0.8387096774193549
0.12807881773399016,0.8387096774193549
0.12871287128712872,0.8387096774193549
0.12935323383084577,0.8387096774193549
0.13,0.8387096774193549
0.1306532663316583,0.8387096774193549
0.13131313131313133,0.8387096774193549
0.1319796954314721,0.8387096774193549
0.1326530612244898,0.8387096774193549
0.13333333333333333,0.8387096774193549
0.13402061855670103,0.8387096774193549
0.13471502590673576,0.8387096774193549
0.13541666666666666,0.8387096774193549
0.13612565445026178,0.8387096774193549
0.1368421052631579,0.8387096774193549
0.13756613756613756,0.8387096774193549
0.13829787234042554,0.8387096774193549
0.13903743315508021,0.8387096774193549
0.13978494623655913,0.8387096774193549
0.14054054054054055,0.8387096774193549
0.14130434782608695,0.8387096774193549
0.14207650273224043,0.8387096774193549
0.14285714285714285,0.8387096774193549
0.143646408839779,0.8387096774193549
0.14444444444444443,0.8387096774193549
0.1452513966480447,0.8387096774193549
0.14606741573033707,0.8387096774193549
0.14689265536723164,0.8387096774193549
0.14772727272727273,0.8387096774193549
0.14857142857142858,0.8387096774193549
0.14942528735632185,0.8387096774193549
0.15028901734104047,0.8387096774193549
0.1511627906976744,0.8387096774193549
0.15204678362573099,0.8387096774193549
0.15294117647058825,0.8387096774193549
0.15384615384615385,0.8387096774193549
0.15476190476190477,0.8387096774193549
0.15568862275449102,0.8387096774193549
0.1566265060240964,0.8387096774193549
0.15757575757575756,0.8387096774193549
0.15853658536585366,0.8387096774193549
0.15950920245398773,0.8387096774193549
0.16049382716049382,0.8387096774193549
0.16149068322981366,0.8387096774193549
0.1625,0.8387096774193549
0.16352201257861634,0.8387096774193549
0.16455696202531644,0.8387096774193549
0.16560509554140126,0.8387096774193549
0.16666666666666666,0.8387096774193549
0.16774193548387098,0.8387096774193549
0.16883116883116883,0.8387096774193549
0.16993464052287582,0.8387096774193549
0.17105263157894737,0.8387096774193549
0.17218543046357615,0.8387096774193549
0.17333333333333334,0.8387096774193549
0.174496644295302,0.8387096774193549
0.17567567567567569,0.8387096774193549
0.17687074829931973,0.8387096774193549
0.1780821917808219,0.8387096774193549
0.1793103448275862,0.8387096774193549
0.18055555555555555,0.8387096774193549
0.18181818181818182,0.8387096774193549
0.18309859154929578,0.8387096774193549
0.18439716312056736,0.8387096774193549
0.18571428571428572,0.8387096774193549
0.18705035971223022,0.8387096774193549
0.18840579710144928,0.8387096774193549
0.1897810218978102,0.8387096774193549
0.19117647058823528,0.8387096774193549
0.1925925925925926,0.8387096774193549
0.19402985074626866,0.8387096774193549
0.19548872180451127,0.8387096774193549
0.19696969696969696,0.8387096774193549
0.1984732824427481,0.8387096774193549
0.2,0.8387096774193549
0.20155038759689922,0.8387096774193549
0.203125,0.8387096774193549
0.2047244094488189,0.8387096774193549
0.20634920634920634,0.8387096774193549
0.208,0.8387096774193549
0.20967741935483872,0.8387096774193549
0.21138211382113822,0.8387096774193549
0.21311475409836064,0.8387096774193549
0.21487603305785125,0.8387096774193549
0.21666666666666667,0.8387096774193549
0.2184873949579832,0.8387096774193549
0.22033898305084745,0.8387096774193549
0.2222222222222222,0.8387096774193549
0.22413793103448276,0.8387096774193549
0.22608695652173913,0.8387096774193549
0.22807017543859648,0.8387096774193549
0.23008849557522124,0.8387096774193549
0.23214285714285715,0.8387096774193549
0.23423423423423423,0.8387096774193549
0.23636363636363636,0.8387096774193549
0.23853211009174313,0.8387096774193549
0.24074074074074073,0.8387096774193549
0.24299065420560748,0.8387096774193549
0.24528301886792453,0.8387096774193549
0.24761904761904763,0.8387096774193549
0.25,0.8387096774193549
0.2524271844660194,0.8387096774193549
0.2549019607843137,0.8387096774193549
0.25742574257425743,0.8387096774193549
0.26,0.8387096774193549
0.26262626262626265,0.8387096774193549
0.2653061224489796,0.8387096774193549
0.26804123711340205,0.8387096774193549
0.2708333333333333,0.8387096774193549
0.2736842105263158,0.8387096774193549
0.2765957446808511,0.8387096774193549
0.27956989247311825,0.8387096774193549
0.2717391304347826,0.8064516129032258
0.27472527472527475,0.8064516129032258
0.2777777777777778,0.8064516129032258
0.2808988764044944,0.8064516129032258
0.2840909090909091,0.8064516129032258
0.28735632183908044,0.8064516129032258
0.29069767441860467,0.8064516129032258
0.29411764705882354,0.8064516129032258
0.2976190476190476,0.8064516129032258
0.30120481927710846,0.8064516129032258
0.3048780487804878,0.8064516129032258
0.30864197530864196,0.8064516129032258
0.3125,0.8064516129032258
0.31645569620253167,0.8064516129032258
0.32051282051282054,0.8064516129032258
0.3246753246753247,0.8064516129032258
0.32894736842105265,0.8064516129032258
0.3333333333333333,0.8064516129032258
0.33783783783783783,0.8064516129032258
0.3424657534246575,0.8064516129032258
0.3472222222222222,0.8064516129032258
0.352112676056338,0.8064516129032258
0.35714285714285715,0.8064516129032258
0.34782608695652173,0.7741935483870968
0.35294117647058826,0.7741935483870968
0.3582089552238806,0.7741935483870968
0.36363636363636365,0.7741935483870968
0.36923076923076925,0.7741935483870968
0.375,0.7741935483870968
0.38095238095238093,0.7741935483870968
0.3870967741935484,0.7741935483870968
0.39344262295081966,0.7741935483870968
0.4,0.7741935483870968
0.4067796610169492,0.7741935483870968
0.41379310344827586,0.7741935483870968
0.42105263157894735,0.7741935483870968
0.42857142857142855,0.7741935483870968
0.43636363636363634,0.7741935483870968
0.4444444444444444,0.7741935483870968
0.4528301886792453,0.7741935483870968
0.46153846153846156,0.7741935483870968
0.47058823529411764,0.7741935483870968
0.48,0.7741935483870968
0.4897959183673469,0.7741935483870968
0.4791666666666667,0.7419354838709677
0.48936170212765956,0.7419354838709677
0.5,0.7419354838709677
0.5111111111111111,0.7419354838709677
0.5227272727272727,0.7419354838709677
0.5348837209302325,0.7419354838709677
0.5476190476190477,0.7419354838709677
0.5609756097560976,0.7419354838709677
0.55,0.7096774193548387
0.5641025641025641,0.7096774193548387
0.5789473684210527,0.7096774193548387
0.5945945945945946,0.7096774193548387
0.6111111111111112,0.7096774193548387
0.6285714285714286,0.7096774193548387
0.6470588235294118,0.7096774193548387
0.6666666666666666,0.7096774193548387
0.65625,0.6774193548387096
0.6774193548387096,0.6774193548387096
0.6666666666666666,0.6451612903225806
0.6896551724137931,0.6451612903225806
0.7142857142857143,0.6451612903225806
0.7407407407407407,0.6451612903225806
0.7692307692307693,0.6451612903225806
0.8,0.6451612903225806
0.8333333333333334,0.6451612903225806
0.8260869565217391,0.6129032258064516
0.8636363636363636,0.6129032258064516
0.8571428571428571,0.5806451612903226
0.9,0.5806451612903226
0.8947368421052632,0.5483870967741935
1.0,0.0
