Precision,Recall
0.018044237485448197,1.0
0.017472335468841003,0.967741935483871
0.017482517482517484,0.967741935483871
0.01749271137026239,0.967741935483871
0.01750291715285881,0.967741935483871
0.017513134851138354,0.967741935483871
0.017523364485981307,0.967741935483871
0.017533606078316773,0.967741935483871
0.017543859649122806,0.967741935483871
0.017554125219426564,0.967741935483871
0.01756440281030445,0.967741935483871
0.01757469244288225,0.967741935483871
0.017584994138335287,0.967741935483871
0.017595307917888565,0.967741935483871
0.017605633802816902,0.967741935483871
0.017615971814445096,0.967741935483871
0.01762632197414806,0.967741935483871
0.01763668430335097,0.967741935483871
0.01764705882352941,0.967741935483871
0.017657445556209534,0.967741935483871
0.0176678445229682,0.967741935483871
0.01767825574543312,0.967741935483871
0.01768867924528302,0.967741935483871
0.017699115044247787,0.967741935483871
0.01770956316410862,0.967741935483871
0.01772002362669817,0.967741935483871
0.01773049645390071,0.967741935483871
0.017740981667652277,0.967741935483871
0.01775147928994083,0.967741935483871
0.017761989342806393,0.967741935483871
0.017772511848341232,0.967741935483871
0.01778304682868998,0.967741935483871
0.017793594306049824,0.967741935483871
0.017804154302670624,0.967741935483871
0.017814726840855107,0.967741935483871
0.017825311942959002,0.967741935483871
0.0178359096313912,0.967741935483871
0.01784651992861392,0.967741935483871
0.017857142857142856,0.967741935483871
0.01786777843954735,0.967741935483871
0.017878426698450536,0.967741935483871
0.017889087656529516,0.967741935483871
0.017899761336515514,0.967741935483871
0.01791044776119403,0.967741935483871
0.017921146953405017,0.967741935483871
0.017931858936043037,0.967741935483871
0.017942583732057416,0.967741935483871
0.017953321364452424,0.967741935483871
0.017964071856287425,0.967741935483871
0.017974835230677052,0.967741935483871
0.017985611510791366,0.967741935483871
0.017996400719856028,0.967741935483871
0.01800720288115246,0.967741935483871
0.018018018018018018,0.967741935483871
0.018028846153846152,0.967741935483871
0.01803968731208659,0.967741935483871
0.018050541516245487,0.967741935483871
0.018061408789885613,0.967741935483871
0.018072289156626505,0.967741935483871
0.018083182640144666,0.967741935483871
0.018094089264173704,0.967741935483871
0.018105009052504527,0.967741935483871
0.018115942028985508,0.967741935483871
0.01812688821752266,0.967741935483871
0.018137847642079808,0.967741935483871
0.018148820326678767,0.967741935483871
0.018159806295399514,0.967741935483871
0.018170805572380374,0.967741935483871
0.01818181818181818,0.967741935483871
0.018192844147968467,0.967741935483871
0.01820388349514563,0.967741935483871
0.018214936247723135,0.967741935483871
0.018226002430133656,0.967741935483871
0.0182370820668693,0.967741935483871
0.01824817518248175,0.967741935483871
0.018259281801582473,0.967741935483871
0.018270401948842874,0.967741935483871
0.018281535648994516,0.967741935483871
0.018292682926829267,0.967741935483871
0.018303843807199512,0.967741935483871
0.018315018315018316,0.967741935483871
0.01832620647525962,0.967741935483871
0.018337408312958436,0.967741935483871
0.01834862385321101,0.967741935483871
0.01835985312117503,0.967741935483871
0.01837109614206981,0.967741935483871
0.01838235294117647,0.967741935483871
0.018393623543838136,0.967741935483871
0.018404907975460124,0.967741935483871
0.01841620626151013,0.967741935483871
0.018427518427518427,0.967741935483871
0.01843884449907806,0.967741935483871
0.01845018450184502,0.967741935483871
0.018461538461538463,0.967741935483871
0.01847290640394089,0.967741935483871
0.018484288354898338,0.967741935483871
0.018495684340320593,0.967741935483871
0.01850709438618137,0.967741935483871
0.018518518518518517,0.967741935483871
0.01852995676343422,0.967741935483871
0.018541409147095178,0.967741935483871
0.01855287569573284,0.967741935483871
0.018564356435643563,0.967741935483871
0.018575851393188854,0.967741935483871
0.01858736059479554,0.967741935483871
0.018598884066955982,0.967741935483871
0.018610421836228287,0.967741935483871
0.0186219739292365,0.967741935483871
0.018633540372670808,0.967741935483871
0.018645121193287758,0.967741935483871
0.018656716417910446,0.967741935483871
0.018668326073428748,0.967741935483871
0.0186799501867995,0.967741935483871
0.018691588785046728,0.967741935483871
0.018703241895261846,0.967741935483871
0.018714909544603867,0.967741935483871
0.018726591760299626,0.967741935483871
0.018738288569643973,0.967741935483871
0.01875,0.967741935483871
0.01876172607879925,0.967741935483871
0.01877346683354193,0.967741935483871
0.01878522229179712,0.967741935483871
0.018796992481203006,0.967741935483871
0.018808777429467086,0.967741935483871
0.018820577164366373,0.967741935483871
0.018832391713747645,0.967741935483871
0.018844221105527637,0.967741935483871
0.018856065367693273,0.967741935483871
0.018867924528301886,0.967741935483871
0.018879798615481436,0.967741935483871
0.018891687657430732,0.967741935483871
0.01890359168241966,0.967741935483871
0.018915510718789406,0.967741935483871
0.01892744479495268,0.967741935483871
0.01893939393939394,0.967741935483871
0.018951358180669616,0.967741935483871
0.018963337547408345,0.967741935483871
0.018975332068311195,0.967741935483871
0.0189873417721519,0.967741935483871
0.018999366687777075,0.967741935483871
0.019011406844106463,0.967741935483871
0.019023462270133164,0.967741935483871
0.01903553299492386,0.967741935483871
0.01904761904761905,0.967741935483871
0.01905972045743329,0.967741935483871
0.019071837253655435,0.967741935483871
0.019083969465648856,0.967741935483871
0.019096117122851686,0.967741935483871
0.01910828025477707,0.967741935483871
0.019120458891013385,0.967741935483871
0.01913265306122449,0.967741935483871
0.01914486279514997,0.967741935483871
0.019157088122605363,0.967741935483871
0.019169329073482427,0.967741935483871
0.01918158567774936,0.967741935483871
0.019193857965451054,0.967741935483871
0.019206145966709345,0.967741935483871
0.019218449711723255,0.967741935483871
0.019230769230769232,0.967741935483871
0.01924310455420141,0.967741935483871
0.019255455712451863,0.967741935483871
0.019267822736030827,0.967741935483871
0.019280205655526992,0.967741935483871
0.01929260450160772,0.967741935483871
0.019305019305019305,0.967741935483871
0.019317450096587252,0.967741935483871
0.019329896907216496,0.967741935483871
0.019342359767891684,0.967741935483871
0.01935483870967742,0.967741935483871
0.019367333763718526,0.967741935483871
0.01937984496124031,0.967741935483871
0.019392372333548805,0.967741935483871
0.019404915912031046,0.967741935483871
0.019417475728155338,0.967741935483871
0.019430051813471502,0.967741935483871
0.019442644199611146,0.967741935483871
0.019455252918287938,0.967741935483871
0.01946787800129786,0.967741935483871
0.01948051948051948,0.967741935483871
0.01949317738791423,0.967741935483871
0.01950585175552666,0.967741935483871
0.01951854261548471,0.967741935483871
0.01953125,0.967741935483871
0.019543973941368076,0.967741935483871
0.01955671447196871,0.967741935483871
0.019569471624266144,0.967741935483871
0.0195822454308094,0.967741935483871
0.019595035924232528,0.967741935483871
0.0196078431372549,0.967741935483871
0.01962066710268149,0.967741935483871
0.01963350785340314,0.967741935483871
0.019646365422396856,0.967741935483871
0.019659239842726082,0.967741935483871
0.019672131147540985,0.967741935483871
0.01968503937007874,0.967741935483871
0.01969796454366382,0.967741935483871
0.01971090670170828,0.967741935483871
0.01972386587771203,0.967741935483871
0.019736842105263157,0.967741935483871
0.019749835418038184,0.967741935483871
0.019762845849802372,0.967741935483871
0.01977587343441002,0.967741935483871
0.01978891820580475,0.967741935483871
0.019801980198019802,0.967741935483871
0.019815059445178335,0.967741935483871
0.01982815598149372,0.967741935483871
0.01984126984126984,0.967741935483871
0.01985440105890139,0.967741935483871
0.019867549668874173,0.967741935483871
0.019880715705765408,0.967741935483871
0.01989389920424403,0.967741935483871
0.019907100199071003,0.967741935483871
0.0199203187250996,0.967741935483871
0.019933554817275746,0.967741935483871
0.0199468085106383,0.967741935483871
0.01996007984031936,0.967741935483871
0.019973368841544607,0.967741935483871
0.019986675549633577,0.967741935483871
0.02,0.967741935483871
0.0200133422281521,0.967741935483871
0.020026702269692925,0.967741935483871
0.02004008016032064,0.967741935483871
0.020053475935828877,0.967741935483871
0.020066889632107024,0.967741935483871
0.020080321285140562,0.967741935483871
0.020093770931011386,0.967741935483871
0.020107238605898123,0.967741935483871
0.02012072434607646,0.967741935483871
0.020134228187919462,0.967741935483871
0.020147750167897917,0.967741935483871
0.020161290322580645,0.967741935483871
0.020174848688634835,0.967741935483871
0.020188425302826378,0.967741935483871
0.020202020202020204,0.967741935483871
0.02021563342318059,0.967741935483871
0.020229265003371546,0.967741935483871
0.020242914979757085,0.967741935483871
0.02025658338960162,0.967741935483871
0.02027027027027027,0.967741935483871
0.02028397565922921,0.967741935483871
0.02029769959404601,0.967741935483871
0.020311442112389978,0.967741935483871
0.02032520325203252,0.967741935483871
0.020338983050847456,0.967741935483871
0.0203527815468114,0.967741935483871
0.020366598778004074,0.967741935483871
0.020380434782608696,0.967741935483871
0.020394289598912305,0.967741935483871
0.02040816326530612,0.967741935483871
0.02042205582028591,0.967741935483871
0.020435967302452316,0.967741935483871
0.02044989775051125,0.967741935483871
0.020463847203274217,0.967741935483871
0.020477815699658702,0.967741935483871
0.020491803278688523,0.967741935483871
0.02050580997949419,0.967741935483871
0.02051983584131327,0.967741935483871
0.02053388090349076,0.967741935483871
0.02054794520547945,0.967741935483871
0.0205620287868403,0.967741935483871
0.0205761316872428,0.967741935483871
0.02059025394646534,0.967741935483871
0.020604395604395604,0.967741935483871
0.020618556701030927,0.967741935483871
0.02063273727647868,0.967741935483871
0.02064693737095664,0.967741935483871
0.02066115702479339,0.967741935483871
0.02067539627842867,0.967741935483871
0.020689655172413793,0.967741935483871
0.020703933747412008,0.967741935483871
0.020718232044198894,0.967741935483871
0.02073255010366275,0.967741935483871
0.02074688796680498,0.967741935483871
0.020761245674740483,0.967741935483871
0.02077562326869806,0.967741935483871
0.02079002079002079,0.967741935483871
0.020804438280166437,0.967741935483871
0.020818875780707843,0.967741935483871
0.020833333333333332,0.967741935483871
0.020847810979847115,0.967741935483871
0.02086230876216968,0.967741935483871
0.020876826722338204,0.967741935483871
0.020891364902506964,0.967741935483871
0.020905923344947737,0.967741935483871
0.02092050209205021,0.967741935483871
0.0209351011863224,0.967741935483871
0.02094972067039106,0.967741935483871
0.020964360587002098,0.967741935483871
0.02097902097902098,0.967741935483871
0.02099370188943317,0.967741935483871
0.02100840336134454,0.967741935483871
0.02102312543798178,0.967741935483871
0.021037868162692847,0.967741935483871
0.021052631578947368,0.967741935483871
0.021067415730337078,0.967741935483871
0.02108222066057625,0.967741935483871
0.02109704641350211,0.967741935483871
0.0211118930330753,0.967741935483871
0.02112676056338028,0.967741935483871
0.021141649048625793,0.967741935483871
0.021156558533145273,0.967741935483871
0.02117148906139732,0.967741935483871
0.0211864406779661,0.967741935483871
0.02120141342756184,0.967741935483871
0.021216407355021217,0.967741935483871
0.021231422505307854,0.967741935483871
0.021246458923512748,0.967741935483871
0.021261516654854713,0.967741935483871
0.02127659574468085,0.967741935483871
0.021291696238467,0.967741935483871
0.02130681818181818,0.967741935483871
0.021321961620469083,0.967741935483871
0.021337126600284494,0.967741935483871
0.021352313167259787,0.967741935483871
0.021367521367521368,0.967741935483871
0.021382751247327157,0.967741935483871
0.021398002853067047,0.967741935483871
0.021413276231263382,0.967741935483871
0.02142857142857143,0.967741935483871
0.021443888491779844,0.967741935483871
0.02145922746781116,0.967741935483871
0.021474588403722263,0.967741935483871
0.02148997134670487,0.967741935483871
0.021505376344086023,0.967741935483871
0.021520803443328552,0.967741935483871
0.021536252692031587,0.967741935483871
0.021551724137931036,0.967741935483871
0.021567217828900073,0.967741935483871
0.02158273381294964,0.967741935483871
0.02159827213822894,0.967741935483871
0.021613832853025938,0.967741935483871
0.021629416005767843,0.967741935483871
0.021645021645021644,0.967741935483871
0.021660649819494584,0.967741935483871
0.02167630057803468,0.967741935483871
0.021691973969631236,0.967741935483871
0.02170767004341534,0.967741935483871
0.02172338884866039,0.967741935483871
0.021739130434782608,0.967741935483871
0.021754894851341553,0.967741935483871
0.02177068214804064,0.967741935483871
0.02178649237472767,0.967741935483871
0.02180232558139535,0.967741935483871
0.02181818181818182,0.967741935483871
0.021834061135371178,0.967741935483871
0.021849963583394028,0.967741935483871
0.021865889212827987,0.967741935483871
0.02188183807439825,0.967741935483871
0.021897810218978103,0.967741935483871
0.02191380569758948,0.967741935483871
0.021929824561403508,0.967741935483871
0.021945866861741038,0.967741935483871
0.021961932650073207,0.967741935483871
0.02197802197802198,0.967741935483871
0.021994134897360705,0.967741935483871
0.022010271460014674,0.967741935483871
0.022026431718061675,0.967741935483871
0.02204261572373255,0.967741935483871
0.022058823529411766,0.967741935483871
0.02207505518763797,0.967741935483871
0.022091310751104567,0.967741935483871
0.02210759027266028,0.967741935483871
0.022123893805309734,0.967741935483871
0.02214022140221402,0.967741935483871
0.022156573116691284,0.967741935483871
0.022172949002217297,0.967741935483871
0.022189349112426034,0.967741935483871
0.02220577350111029,0.967741935483871
0.022222222222222223,0.967741935483871
0.02223869532987398,0.967741935483871
0.02225519287833828,0.967741935483871
0.022271714922048998,0.967741935483871
0.022288261515601784,0.967741935483871
0.022304832713754646,0.967741935483871
0.022321428571428572,0.967741935483871
0.022338049143708117,0.967741935483871
0.022354694485842028,0.967741935483871
0.02237136465324385,0.967741935483871
0.022388059701492536,0.967741935483871
0.022404779686333084,0.967741935483871
0.02242152466367713,0.967741935483871
0.02243829468960359,0.967741935483871
0.02245508982035928,0.967741935483871
0.02247191011235955,0.967741935483871
0.022488755622188907,0.967741935483871
0.02250562640660165,0.967741935483871
0.02252252252252252,0.967741935483871
0.022539444027047332,0.967741935483871
0.022556390977443608,0.967741935483871
0.022573363431151242,0.967741935483871
0.022590361445783132,0.967741935483871
0.02260738507912585,0.967741935483871
0.02262443438914027,0.967741935483871
0.022641509433962263,0.967741935483871
0.022658610271903322,0.967741935483871
0.022675736961451247,0.967741935483871
0.0226928895612708,0.967741935483871
0.022710068130204392,0.967741935483871
0.022727272727272728,0.967741935483871
0.022744503411675512,0.967741935483871
0.02276176024279211,0.967741935483871
0.022779043280182234,0.967741935483871
0.022796352583586626,0.967741935483871
0.022813688212927757,0.967741935483871
0.0228310502283105,0.967741935483871
0.02284843869002285,0.967741935483871
0.022865853658536585,0.967741935483871
0.02288329519450801,0.967741935483871
0.022900763358778626,0.967741935483871
0.02291825821237586,0.967741935483871
0.022935779816513763,0.967741935483871
0.022953328232593728,0.967741935483871
0.022970903522205207,0.967741935483871
0.022988505747126436,0.967741935483871
0.023006134969325152,0.967741935483871
0.023023791250959325,0.967741935483871
0.02304147465437788,0.967741935483871
0.023059185242121444,0.967741935483871
0.023076923076923078,0.967741935483871
0.023094688221709007,0.967741935483871
0.023112480739599383,0.967741935483871
0.02313030069390902,0.967741935483871
0.023148148148148147,0.967741935483871
0.023166023166023165,0.967741935483871
0.023183925811437404,0.967741935483871
0.02320185614849188,0.967741935483871
0.02321981424148607,0.967741935483871
0.023237800154918668,0.967741935483871
0.023255813953488372,0.967741935483871
0.023273855702094646,0.967741935483871
0.023291925465838508,0.967741935483871
0.023310023310023312,0.967741935483871
0.02332814930015552,0.967741935483871
0.023346303501945526,0.967741935483871
0.02336448598130841,0.967741935483871
0.02338269680436477,0.967741935483871
0.0234009360374415,0.967741935483871
0.0234192037470726,0.967741935483871
0.0234375,0.967741935483871
0.023455824863174355,0.967741935483871
0.023474178403755867,0.967741935483871
0.023492560689115115,0.967741935483871
0.023510971786833857,0.967741935483871
0.023529411764705882,0.967741935483871
0.023547880690737835,0.967741935483871
0.02356637863315004,0.967741935483871
0.02358490566037736,0.967741935483871
0.023603461841070025,0.967741935483871
0.023622047244094488,0.967741935483871
0.02364066193853428,0.967741935483871
0.02365930599369085,0.967741935483871
0.02367797947908445,0.967741935483871
0.023696682464454975,0.967741935483871
0.023715415019762844,0.967741935483871
0.023734177215189875,0.967741935483871
0.023752969121140142,0.967741935483871
0.02377179080824089,0.967741935483871
0.023790642347343377,0.967741935483871
0.023809523809523808,0.967741935483871
0.023828435266084195,0.967741935483871
0.02384737678855326,0.967741935483871
0.02386634844868735,0.967741935483871
0.02388535031847134,0.967741935483871
0.02390438247011952,0.967741935483871
0.023923444976076555,0.967741935483871
0.023942537909018357,0.967741935483871
0.023961661341853034,0.967741935483871
0.023980815347721823,0.967741935483871
0.024,0.967741935483871
0.02401921537229784,0.967741935483871
0.02403846153846154,0.967741935483871
0.024057738572574178,0.967741935483871
0.024077046548956663,0.967741935483871
0.024096385542168676,0.967741935483871
0.024115755627009645,0.967741935483871
0.02413515687851971,0.967741935483871
0.024154589371980676,0.967741935483871
0.024174053182917002,0.967741935483871
0.024193548387096774,0.967741935483871
0.024213075060532687,0.967741935483871
0.024232633279483037,0.967741935483871
0.024252223120452707,0.967741935483871
0.024271844660194174,0.967741935483871
0.024291497975708502,0.967741935483871
0.024311183144246355,0.967741935483871
0.024330900243309004,0.967741935483871
0.024350649350649352,0.967741935483871
0.024370430544272948,0.967741935483871
0.024390243902439025,0.967741935483871
0.024410089503661515,0.967741935483871
0.024429967426710098,0.967741935483871
0.02444987775061125,0.967741935483871
0.024469820554649267,0.967741935483871
0.024489795918367346,0.967741935483871
0.024509803921568627,0.967741935483871
0.024529844644317254,0.967741935483871
0.024549918166939442,0.967741935483871
0.02457002457002457,0.967741935483871
0.02459016393442623,0.967741935483871
0.02461033634126333,0.967741935483871
0.024630541871921183,0.967741935483871
0.024650780608052588,0.967741935483871
0.024671052631578948,0.967741935483871
0.024691358024691357,0.967741935483871
0.02471169686985173,0.967741935483871
0.0247320692497939,0.967741935483871
0.024752475247524754,0.967741935483871
0.02477291494632535,0.967741935483871
0.024793388429752067,0.967741935483871
0.02481389578163772,0.967741935483871
0.024834437086092714,0.967741935483871
0.024855012427506214,0.967741935483871
0.024875621890547265,0.967741935483871
0.024896265560165973,0.967741935483871
0.024916943521594685,0.967741935483871
0.02493765586034913,0.967741935483871
0.024958402662229616,0.967741935483871
0.02497918401332223,0.967741935483871
0.025,0.967741935483871
0.025020850708924104,0.967741935483871
0.025041736227045076,0.967741935483871
0.02506265664160401,0.967741935483871
0.02508361204013378,0.967741935483871
0.02510460251046025,0.967741935483871
0.02512562814070352,0.967741935483871
0.025146689019279127,0.967741935483871
0.025167785234899327,0.967741935483871
0.02518891687657431,0.967741935483871
0.025210084033613446,0.967741935483871
0.025231286795626577,0.967741935483871
0.025252525252525252,0.967741935483871
0.02527379949452401,0.967741935483871
0.025295109612141653,0.967741935483871
0.02531645569620253,0.967741935483871
0.02533783783783784,0.967741935483871
0.0253592561284869,0.967741935483871
0.025380710659898477,0.967741935483871
0.02540220152413209,0.967741935483871
0.025423728813559324,0.967741935483871
0.02544529262086514,0.967741935483871
0.025466893039049237,0.967741935483871
0.025488530161427356,0.967741935483871
0.025510204081632654,0.967741935483871
0.02553191489361702,0.967741935483871
0.02555366269165247,0.967741935483871
0.02557544757033248,0.967741935483871
0.025597269624573378,0.967741935483871
0.025619128949615714,0.967741935483871
0.02564102564102564,0.967741935483871
0.02566295979469632,0.967741935483871
0.025684931506849314,0.967741935483871
0.02570694087403599,0.967741935483871
0.025728987993138937,0.967741935483871
0.02575107296137339,0.967741935483871
0.02577319587628866,0.967741935483871
0.025795356835769563,0.967741935483871
0.025817555938037865,0.967741935483871
0.025839793281653745,0.967741935483871
0.02586206896551724,0.967741935483871
0.025884383088869714,0.967741935483871
0.025906735751295335,0.967741935483871
0.02592912705272256,0.967741935483871
0.025951557093425604,0.967741935483871
0.025974025974025976,0.967741935483871
0.025996533795493933,0.967741935483871
0.026019080659150044,0.967741935483871
0.026041666666666668,0.967741935483871
0.026064291920069503,0.967741935483871
0.02608695652173913,0.967741935483871
0.02610966057441253,0.967741935483871
0.02613240418118467,0.967741935483871
0.026155187445510025,0.967741935483871
0.02617801047120419,0.967741935483871
0.026200873362445413,0.967741935483871
0.026223776223776224,0.967741935483871
0.026246719160104987,0.967741935483871
0.02626970227670753,0.967741935483871
0.026292725679228746,0.967741935483871
0.02631578947368421,0.967741935483871
0.02633889376646181,0.967741935483871
0.026362038664323375,0.967741935483871
0.026385224274406333,0.967741935483871
0.02640845070422535,0.967741935483871
0.02643171806167401,0.967741935483871
0.026455026455026454,0.967741935483871
0.0264783759929391,0.967741935483871
0.026501766784452298,0.967741935483871
0.026525198938992044,0.967741935483871
0.02654867256637168,0.967741935483871
0.026572187776793623,0.967741935483871
0.026595744680851064,0.967741935483871
0.026619343389529725,0.967741935483871
0.02664298401420959,0.967741935483871
0.02666666666666667,0.967741935483871
0.026690391459074734,0.967741935483871
0.026714158504007122,0.967741935483871
0.026737967914438502,0.967741935483871
0.026761819803746655,0.967741935483871
0.026785714285714284,0.967741935483871
0.02680965147453083,0.967741935483871
0.026833631484794274,0.967741935483871
0.02685765443151298,0.967741935483871
0.026881720430107527,0.967741935483871
0.026905829596412557,0.967741935483871
0.026929982046678635,0.967741935483871
0.026954177897574125,0.967741935483871
0.02697841726618705,0.967741935483871
0.027002700270027002,0.967741935483871
0.02702702702702703,0.967741935483871
0.027051397655545536,0.967741935483871
0.02707581227436823,0.967741935483871
0.02710027100271003,0.967741935483871
0.027124773960216998,0.967741935483871
0.027149321266968326,0.967741935483871
0.02717391304347826,0.967741935483871
0.027198549410698096,0.967741935483871
0.02722323049001815,0.967741935483871
0.027247956403269755,0.967741935483871
0.02727272727272727,0.967741935483871
0.0272975432211101,0.967741935483871
0.0273224043715847,0.967741935483871
0.027347310847766638,0.967741935483871
0.02737226277372263,0.967741935483871
0.0273972602739726,0.967741935483871
0.027422303473491772,0.967741935483871
0.027447392497712716,0.967741935483871
0.027472527472527472,0.967741935483871
0.027497708524289642,0.967741935483871
0.027522935779816515,0.967741935483871
0.027548209366391185,0.967741935483871
0.027573529411764705,0.967741935483871
0.027598896044158234,0.967741935483871
0.027624309392265192,0.967741935483871
0.027649769585253458,0.967741935483871
0.027675276752767528,0.967741935483871
0.027700831024930747,0.967741935483871
0.027726432532347505,0.967741935483871
0.027752081406105456,0.967741935483871
0.027777777777777776,0.967741935483871
0.027803521779425393,0.967741935483871
0.027829313543599257,0.967741935483871
0.027855153203342618,0.967741935483871
0.027881040892193308,0.967741935483871
0.027906976744186046,0.967741935483871
0.027932960893854747,0.967741935483871
0.027958993476234855,0.967741935483871
0.027985074626865673,0.967741935483871
0.028011204481792718,0.967741935483871
0.028037383177570093,0.967741935483871
0.02806361085126286,0.967741935483871
0.028089887640449437,0.967741935483871
0.028116213683223992,0.967741935483871
0.028142589118198873,0.967741935483871
0.028169014084507043,0.967741935483871
0.02819548872180451,0.967741935483871
0.028222013170272814,0.967741935483871
0.02824858757062147,0.967741935483871
0.02827521206409048,0.967741935483871
0.02830188679245283,0.967741935483871
0.028328611898016998,0.967741935483871
0.02835538752362949,0.967741935483871
0.02838221381267739,0.967741935483871
0.028409090909090908,0.967741935483871
0.02843601895734597,0.967741935483871
0.028462998102466792,0.967741935483871
0.02849002849002849,0.967741935483871
0.028517110266159697,0.967741935483871
0.028544243577545196,0.967741935483871
0.02857142857142857,0.967741935483871
0.028598665395614873,0.967741935483871
0.02862595419847328,0.967741935483871
0.02865329512893983,0.967741935483871
0.028680688336520075,0.967741935483871
0.028708133971291867,0.967741935483871
0.028735632183908046,0.967741935483871
0.028763183125599234,0.967741935483871
0.028790786948176585,0.967741935483871
0.02881844380403458,0.967741935483871
0.028846153846153848,0.967741935483871
0.028873917228103944,0.967741935483871
0.028901734104046242,0.967741935483871
0.02892960462873674,0.967741935483871
0.02895752895752896,0.967741935483871
0.028019323671497585,0.9354838709677419
0.02804642166344294,0.9354838709677419
0.028073572120038724,0.9354838709677419
0.02810077519379845,0.9354838709677419
0.028128031037827354,0.9354838709677419
0.02815533980582524,0.9354838709677419
0.028182701652089408,0.9354838709677419
0.02821011673151751,0.9354838709677419
0.028237585199610515,0.9354838709677419
0.028265107212475632,0.9354838709677419
0.02829268292682927,0.9354838709677419
0.0283203125,0.9354838709677419
0.028347996089931573,0.9354838709677419
0.02837573385518591,0.9354838709677419
0.02840352595494613,0.9354838709677419
0.028431372549019607,0.9354838709677419
0.02845927379784102,0.9354838709677419
0.02848722986247544,0.9354838709677419
0.028515240904621434,0.9354838709677419
0.028543307086614175,0.9354838709677419
0.02857142857142857,0.9354838709677419
0.028599605522682446,0.9354838709677419
0.028627838104639685,0.9354838709677419
0.02865612648221344,0.9354838709677419
0.028684470820969338,0.9354838709677419
0.028712871287128714,0.9354838709677419
0.028741328047571853,0.9354838709677419
0.028769841269841268,0.9354838709677419
0.028798411122144985,0.9354838709677419
0.02882703777335984,0.9354838709677419
0.028855721393034824,0.9354838709677419
0.02888446215139442,0.9354838709677419
0.027916251246261216,0.9032258064516129
0.027944111776447105,0.9032258064516129
0.027972027972027972,0.9032258064516129
0.028,0.9032258064516129
0.028028028028028028,0.9032258064516129
0.028056112224448898,0.9032258064516129
0.028084252758274825,0.9032258064516129
0.028112449799196786,0.9032258064516129
0.02814070351758794,0.9032258064516129
0.028169014084507043,0.9032258064516129
0.028197381671701913,0.9032258064516129
0.028225806451612902,0.9032258064516129
0.028254288597376387,0.9032258064516129
0.028282828282828285,0.9032258064516129
0.028311425682507583,0.9032258064516129
0.02834008097165992,0.9032258064516129
0.028368794326241134,0.9032258064516129
0.028397565922920892,0.9032258064516129
0.028426395939086295,0.9032258064516129
0.028455284552845527,0.9032258064516129
0.028484231943031537,0.9032258064516129
0.028513238289205704,0.9032258064516129
0.02854230377166157,0.9032258064516129
0.02857142857142857,0.9032258064516129
0.028600612870275793,0.9032258064516129
0.028629856850715747,0.9032258064516129
0.028659160696008188,0.9032258064516129
0.028688524590163935,0.9032258064516129
0.028717948717948718,0.9032258064516129
0.028747433264887063,0.9032258064516129
0.02877697841726619,0.9032258064516129
0.02880658436213992,0.9032258064516129
0.028836251287332648,0.9032258064516129
0.0288659793814433,0.9032258064516129
0.02889576883384933,0.9032258064516129
0.028925619834710745,0.9032258064516129
0.028955532574974147,0.9032258064516129
0.028985507246376812,0.9032258064516129
0.029015544041450778,0.9032258064516129
0.029045643153526972,0.9032258064516129
0.029075804776739357,0.9032258064516129
0.029106029106029108,0.9032258064516129
0.029136316337148804,0.9032258064516129
0.029166666666666667,0.9032258064516129
0.029197080291970802,0.9032258064516129
0.029227557411273485,0.9032258064516129
0.029258098223615466,0.9032258064516129
0.029288702928870293,0.9032258064516129
0.02931937172774869,0.9032258064516129
0.029350104821802937,0.9032258064516129
0.02938090241343127,0.9032258064516129
0.029411764705882353,0.9032258064516129
0.029442691903259727,0.9032258064516129
0.029473684210526315,0.9032258064516129
0.029504741833508957,0.9032258064516129
0.029535864978902954,0.9032258064516129
0.029567053854276663,0.9032258064516129
0.02959830866807611,0.9032258064516129
0.02962962962962963,0.9032258064516129
0.029661016949152543,0.9032258064516129
0.029692470837751856,0.9032258064516129
0.029723991507430998,0.9032258064516129
0.02975557917109458,0.9032258064516129
0.029787234042553193,0.9032258064516129
0.029818956336528223,0.9032258064516129
0.029850746268656716,0.9032258064516129
0.029882604055496264,0.9032258064516129
0.029914529914529916,0.9032258064516129
0.029946524064171122,0.9032258064516129
0.029978586723768737,0.9032258064516129
0.030010718113612004,0.9032258064516129
0.030042918454935622,0.9032258064516129
0.03007518796992481,0.9032258064516129
0.030107526881720432,0.9032258064516129
0.030139935414424113,0.9032258064516129
0.03017241379310345,0.9032258064516129
0.030204962243797196,0.9032258064516129
0.03023758099352052,0.9032258064516129
0.03027027027027027,0.9032258064516129
0.030303030303030304,0.9032258064516129
0.030335861321776816,0.9032258064516129
0.03036876355748373,0.9032258064516129
0.03040173724212812,0.9032258064516129
0.030434782608695653,0.9032258064516129
0.030467899891186073,0.9032258064516129
0.030501089324618737,0.9032258064516129
0.030534351145038167,0.9032258064516129
0.03056768558951965,0.9032258064516129
0.030601092896174863,0.9032258064516129
0.030634573304157548,0.9032258064516129
0.03066812705366922,0.9032258064516129
0.03070175438596491,0.9032258064516129
0.030735455543358946,0.9032258064516129
0.03076923076923077,0.9032258064516129
0.030803080308030802,0.9032258064516129
0.030837004405286344,0.9032258064516129
0.030871003307607496,0.9032258064516129
0.03090507726269316,0.9032258064516129
0.030939226519337018,0.9032258064516129
0.030973451327433628,0.9032258064516129
0.031007751937984496,0.9032258064516129
0.031042128603104215,0.9032258064516129
0.03107658157602664,0.9032258064516129
0.03111111111111111,0.9032258064516129
0.03114571746384872,0.9032258064516129
0.031180400890868598,0.9032258064516129
0.03121516164994426,0.9032258064516129
0.03125,0.9032258064516129
0.03128491620111732,0.9032258064516129
0.03131991051454139,0.9032258064516129
0.03135498320268757,0.9032258064516129
0.03139013452914798,0.9032258064516129
0.031425364758698095,0.9032258064516129
0.03146067415730337,0.9032258064516129
0.031496062992125984,0.9032258064516129
0.03153153153153153,0.9032258064516129
0.03156708004509583,0.9032258064516129
0.03160270880361174,0.9032258064516129
0.031638418079096044,0.9032258064516129
0.03167420814479638,0.9032258064516129
0.031710079275198186,0.9032258064516129
0.031746031746031744,0.9032258064516129
0.03178206583427923,0.9032258064516129
0.031818181818181815,0.9032258064516129
0.03185437997724687,0.9032258064516129
0.03189066059225513,0.9032258064516129
0.03192702394526796,0.9032258064516129
0.0319634703196347,0.9032258064516129
0.032,0.9032258064516129
0.032036613272311214,0.9032258064516129
0.032073310423825885,0.9032258064516129
0.03211009174311927,0.9032258064516129
0.03214695752009185,0.9032258064516129
0.03218390804597701,0.9032258064516129
0.03222094361334868,0.9032258064516129
0.03225806451612903,0.9032258064516129
0.03229527104959631,0.9032258064516129
0.03233256351039261,0.9032258064516129
0.03236994219653179,0.9032258064516129
0.032407407407407406,0.9032258064516129
0.03244495944380069,0.9032258064516129
0.03248259860788863,0.9032258064516129
0.0313588850174216,0.8709677419354839
0.031395348837209305,0.8709677419354839
0.03143189755529686,0.8709677419354839
0.03146853146853147,0.8709677419354839
0.03150525087514586,0.8709677419354839
0.03154205607476635,0.8709677419354839
0.031578947368421054,0.8709677419354839
0.03161592505854801,0.8709677419354839
0.031652989449003514,0.8709677419354839
0.03169014084507042,0.8709677419354839
0.03172737955346651,0.8709677419354839
0.03176470588235294,0.8709677419354839
0.03180212014134275,0.8709677419354839
0.031839622641509434,0.8709677419354839
0.031877213695395513,0.8709677419354839
0.031914893617021274,0.8709677419354839
0.03195266272189349,0.8709677419354839
0.031990521327014215,0.8709677419354839
0.03202846975088968,0.8709677419354839
0.032066508313539195,0.8709677419354839
0.03210463733650416,0.8709677419354839
0.03214285714285714,0.8709677419354839
0.03218116805721097,0.8709677419354839
0.032219570405727926,0.8709677419354839
0.03225806451612903,0.8709677419354839
0.03229665071770335,0.8709677419354839
0.032335329341317366,0.8709677419354839
0.03237410071942446,0.8709677419354839
0.03241296518607443,0.8709677419354839
0.03245192307692308,0.8709677419354839
0.032490974729241874,0.8709677419354839
0.03253012048192771,0.8709677419354839
0.032569360675512665,0.8709677419354839
0.03260869565217391,0.8709677419354839
0.032648125755743655,0.8709677419354839
0.03268765133171913,0.8709677419354839
0.03272727272727273,0.8709677419354839
0.032766990291262135,0.8709677419354839
0.032806804374240585,0.8709677419354839
0.032846715328467155,0.8709677419354839
0.03288672350791717,0.8709677419354839
0.032926829268292684,0.8709677419354839
0.03296703296703297,0.8709677419354839
0.03300733496332518,0.8709677419354839
0.033047735618115054,0.8709677419354839
0.03308823529411765,0.8709677419354839
0.033128834355828224,0.8709677419354839
0.033169533169533166,0.8709677419354839
0.033210332103321034,0.8709677419354839
0.0332512315270936,0.8709677419354839
0.03329223181257707,0.8709677419354839
0.03333333333333333,0.8709677419354839
0.03337453646477132,0.8709677419354839
0.03341584158415842,0.8709677419354839
0.03345724907063197,0.8709677419354839
0.033498759305210915,0.8709677419354839
0.03354037267080745,0.8709677419354839
0.033582089552238806,0.8709677419354839
0.033623910336239106,0.8709677419354839
0.03366583541147132,0.8709677419354839
0.033707865168539325,0.8709677419354839
0.03375,0.8709677419354839
0.03379224030037547,0.8709677419354839
0.03383458646616541,0.8709677419354839
0.033877038895859475,0.8709677419354839
0.03391959798994975,0.8709677419354839
0.033962264150943396,0.8709677419354839
0.03400503778337532,0.8709677419354839
0.034047919293820936,0.8709677419354839
0.03409090909090909,0.8709677419354839
0.03413400758533502,0.8709677419354839
0.03417721518987342,0.8709677419354839
0.034220532319391636,0.8709677419354839
0.03426395939086294,0.8709677419354839
0.03430749682337993,0.8709677419354839
0.03435114503816794,0.8709677419354839
0.034394904458598725,0.8709677419354839
0.03443877551020408,0.8709677419354839
0.034482758620689655,0.8709677419354839
0.034526854219948847,0.8709677419354839
0.034571062740076826,0.8709677419354839
0.03461538461538462,0.8709677419354839
0.03465982028241335,0.8709677419354839
0.03470437017994859,0.8709677419354839
0.03474903474903475,0.8709677419354839
0.03479381443298969,0.8709677419354839
0.03483870967741935,0.8709677419354839
0.03488372093023256,0.8709677419354839
0.03492884864165589,0.8709677419354839
0.034974093264248704,0.8709677419354839
0.03501945525291829,0.8709677419354839
0.03506493506493506,0.8709677419354839
0.035110533159947985,0.8709677419354839
0.03515625,0.8709677419354839
0.035202086049543675,0.8709677419354839
0.03524804177545692,0.8709677419354839
0.03529411764705882,0.8709677419354839
0.03534031413612566,0.8709677419354839
0.035386631716906945,0.8709677419354839
0.03543307086614173,0.8709677419354839
0.035479632063074903,0.8709677419354839
0.035526315789473684,0.8709677419354839
0.03557312252964427,0.8709677419354839
0.03562005277044855,0.8709677419354839
0.035667107001321,0.8709677419354839
0.03571428571428571,0.8709677419354839
0.03576158940397351,0.8709677419354839
0.03580901856763926,0.8709677419354839
0.035856573705179286,0.8709677419354839
0.03590425531914894,0.8709677419354839
0.03595206391478029,0.8709677419354839
0.036,0.8709677419354839
0.036048064085447265,0.8709677419354839
0.03609625668449198,0.8709677419354839
0.03614457831325301,0.8709677419354839
0.036193029490616625,0.8709677419354839
0.036241610738255034,0.8709677419354839
0.036290322580645164,0.8709677419354839
0.03633916554508748,0.8709677419354839
0.03638814016172507,0.8709677419354839
0.03643724696356275,0.8709677419354839
0.03648648648648649,0.8709677419354839
0.036535859269282815,0.8709677419354839
0.036585365853658534,0.8709677419354839
0.036635006784260515,0.8709677419354839
0.036684782608695655,0.8709677419354839
0.036734693877551024,0.8709677419354839
0.03678474114441417,0.8709677419354839
0.036834924965893585,0.8709677419354839
0.036885245901639344,0.8709677419354839
0.036935704514363885,0.8709677419354839
0.036986301369863014,0.8709677419354839
0.037037037037037035,0.8709677419354839
0.03708791208791209,0.8709677419354839
0.037138927097661624,0.8709677419354839
0.0371900826446281,0.8709677419354839
0.037241379310344824,0.8709677419354839
0.03729281767955801,0.8709677419354839
0.03734439834024896,0.8709677419354839
0.037396121883656507,0.8709677419354839
0.03744798890429958,0.8709677419354839
0.0375,0.8709677419354839
0.037552155771905425,0.8709677419354839
0.037604456824512536,0.8709677419354839
0.03765690376569038,0.8709677419354839
0.03770949720670391,0.8709677419354839
0.03776223776223776,0.8709677419354839
0.037815126050420166,0.8709677419354839
0.037868162692847124,0.8709677419354839
0.037921348314606744,0.8709677419354839
0.0379746835443038,0.8709677419354839
0.038028169014084505,0.8709677419354839
0.0380818053596615,0.8709677419354839
0.038135593220338986,0.8709677419354839
0.03818953323903819,0.8709677419354839
0.03824362606232295,0.8709677419354839
0.03829787234042553,0.8709677419354839
0.03835227272727273,0.8709677419354839
0.03840682788051209,0.8709677419354839
0.038461538461538464,0.8709677419354839
0.03851640513552068,0.8709677419354839
0.03857142857142857,0.8709677419354839
0.03862660944206009,0.8709677419354839
0.03868194842406877,0.8709677419354839
0.03873744619799139,0.8709677419354839
0.03879310344827586,0.8709677419354839
0.03884892086330935,0.8709677419354839
0.03890489913544669,0.8709677419354839
0.03896103896103896,0.8709677419354839
0.03901734104046243,0.8709677419354839
0.03907380607814761,0.8709677419354839
0.0391304347826087,0.8709677419354839
0.03918722786647315,0.8709677419354839
0.03924418604651163,0.8709677419354839
0.039301310043668124,0.8709677419354839
0.03935860058309038,0.8709677419354839
0.03941605839416058,0.8709677419354839
0.039473684210526314,0.8709677419354839
0.03953147877013177,0.8709677419354839
0.039589442815249266,0.8709677419354839
0.039647577092511016,0.8709677419354839
0.039705882352941174,0.8709677419354839
0.039764359351988215,0.8709677419354839
0.03982300884955752,0.8709677419354839
0.03988183161004431,0.8709677419354839
0.03994082840236687,0.8709677419354839
0.04,0.8709677419354839
0.040059347181008904,0.8709677419354839
0.04011887072808321,0.8709677419354839
0.04017857142857143,0.8709677419354839
0.040238450074515646,0.8709677419354839
0.04029850746268657,0.8709677419354839
0.04035874439461883,0.8709677419354839
0.040419161676646706,0.8709677419354839
0.04047976011994003,0.8709677419354839
0.04054054054054054,0.8709677419354839
0.0406015037593985,0.8709677419354839
0.04066265060240964,0.8709677419354839
0.04072398190045249,0.8709677419354839
0.04078549848942598,0.8709677419354839
0.04084720121028744,0.8709677419354839
0.04090909090909091,0.8709677419354839
0.0409711684370258,0.8709677419354839
0.041033434650455926,0.8709677419354839
0.0410958904109589,0.8709677419354839
0.041158536585365856,0.8709677419354839
0.04122137404580153,0.8709677419354839
0.04128440366972477,0.8709677419354839
0.04134762633996937,0.8709677419354839
0.04141104294478527,0.8709677419354839
0.041474654377880185,0.8709677419354839
0.04153846153846154,0.8709677419354839
0.04160246533127889,0.8709677419354839
0.041666666666666664,0.8709677419354839
0.04173106646058733,0.8709677419354839
0.04179566563467492,0.8709677419354839
0.04186046511627907,0.8709677419354839
0.04192546583850932,0.8709677419354839
0.041990668740279936,0.8709677419354839
0.04205607476635514,0.8709677419354839
0.0421216848673947,0.8709677419354839
0.0421875,0.8709677419354839
0.04225352112676056,0.8709677419354839
0.04231974921630094,0.8709677419354839
0.0423861852433281,0.8709677419354839
0.04245283018867924,0.8709677419354839
0.04251968503937008,0.8709677419354839
0.04258675078864353,0.8709677419354839
0.04265402843601896,0.8709677419354839
0.04272151898734177,0.8709677419354839
0.042789223454833596,0.8709677419354839
0.04285714285714286,0.8709677419354839
0.04292527821939587,0.8709677419354839
0.042993630573248405,0.8709677419354839
0.0430622009569378,0.8709677419354839
0.04313099041533546,0.8709677419354839
0.0432,0.8709677419354839
0.04326923076923077,0.8709677419354839
0.04333868378812199,0.8709677419354839
0.04340836012861737,0.8709677419354839
0.043478260869565216,0.8709677419354839
0.043548387096774194,0.8709677419354839
0.04361873990306947,0.8709677419354839
0.043689320388349516,0.8709677419354839
0.04376012965964344,0.8709677419354839
0.04383116883116883,0.8709677419354839
0.04390243902439024,0.8709677419354839
0.043973941368078175,0.8709677419354839
0.04404567699836868,0.8709677419354839
0.04411764705882353,0.8709677419354839
0.044189852700491,0.8709677419354839
0.04426229508196721,0.8709677419354839
0.04433497536945813,0.8709677419354839
0.044407894736842105,0.8709677419354839
0.044481054365733116,0.8709677419354839
0.04455445544554455,0.8709677419354839
0.04462809917355372,0.8709677419354839
0.04470198675496689,0.8709677419354839
0.04477611940298507,0.8709677419354839
0.044850498338870434,0.8709677419354839
0.04492512479201331,0.8709677419354839
0.045,0.8709677419354839
0.045075125208681135,0.8709677419354839
0.0451505016722408,0.8709677419354839
0.04522613065326633,0.8709677419354839
0.04530201342281879,0.8709677419354839
0.0453781512605042,0.8709677419354839
0.045454545454545456,0.8709677419354839
0.045531197301854974,0.8709677419354839
0.04560810810810811,0.8709677419354839
0.04568527918781726,0.8709677419354839
0.04576271186440678,0.8709677419354839
0.04584040747028863,0.8709677419354839
0.04591836734693878,0.8709677419354839
0.04599659284497445,0.8709677419354839
0.04607508532423208,0.8709677419354839
0.046153846153846156,0.8709677419354839
0.046232876712328765,0.8709677419354839
0.04631217838765009,0.8709677419354839
0.04639175257731959,0.8709677419354839
0.04647160068846816,0.8709677419354839
0.04655172413793104,0.8709677419354839
0.046632124352331605,0.8709677419354839
0.04671280276816609,0.8709677419354839
0.04679376083188908,0.8709677419354839
0.046875,0.8709677419354839
0.04695652173913043,0.8709677419354839
0.047038327526132406,0.8709677419354839
0.04712041884816754,0.8709677419354839
0.0472027972027972,0.8709677419354839
0.047285464098073555,0.8709677419354839
0.04736842105263158,0.8709677419354839
0.04745166959578207,0.8709677419354839
0.04753521126760563,0.8709677419354839
0.047619047619047616,0.8709677419354839
0.04770318021201413,0.8709677419354839
0.047787610619469026,0.8709677419354839
0.047872340425531915,0.8709677419354839
0.047957371225577264,0.8709677419354839
0.04804270462633452,0.8709677419354839
0.0481283422459893,0.8709677419354839
0.048214285714285716,0.8709677419354839
0.04830053667262969,0.8709677419354839
0.04838709677419355,0.8709677419354839
0.04847396768402154,0.8709677419354839
0.048561151079136694,0.8709677419354839
0.04864864864864865,0.8709677419354839
0.048736462093862815,0.8709677419354839
0.048824593128390596,0.8709677419354839
0.04891304347826087,0.8709677419354839
0.04900181488203267,0.8709677419354839
0.04909090909090909,0.8709677419354839
0.04918032786885246,0.8709677419354839
0.04927007299270073,0.8709677419354839
0.04936014625228519,0.8709677419354839
0.04945054945054945,0.8709677419354839
0.04954128440366973,0.8709677419354839
0.04963235294117647,0.8709677419354839
0.049723756906077346,0.8709677419354839
0.04981549815498155,0.8709677419354839
0.04990757855822551,0.8709677419354839
0.05,0.8709677419354839
0.05009276437847866,0.8709677419354839
0.05018587360594796,0.8709677419354839
0.05027932960893855,0.8709677419354839
0.05037313432835821,0.8709677419354839
0.05046728971962617,0.8709677419354839
0.05056179775280899,0.8709677419354839
0.05065666041275797,0.8709677419354839
0.05075187969924812,0.8709677419354839
0.05084745762711865,0.8709677419354839
0.0509433962264151,0.8709677419354839
0.05103969754253308,0.8709677419354839
0.05113636363636364,0.8709677419354839
0.051233396584440226,0.8709677419354839
0.051330798479087454,0.8709677419354839
0.05142857142857143,0.8709677419354839
0.05152671755725191,0.8709677419354839
0.05162523900573614,0.8709677419354839
0.05172413793103448,0.8709677419354839
0.05182341650671785,0.8709677419354839
0.051923076923076926,0.8709677419354839
0.05202312138728324,0.8709677419354839
0.052123552123552123,0.8709677419354839
0.05222437137330754,0.8709677419354839
0.05232558139534884,0.8709677419354839
0.05242718446601942,0.8709677419354839
0.05252918287937743,0.8709677419354839
0.05263157894736842,0.8709677419354839
0.052734375,0.8709677419354839
0.05283757338551859,0.8709677419354839
0.052941176470588235,0.8709677419354839
0.05304518664047151,0.8709677419354839
0.0531496062992126,0.8709677419354839
0.05325443786982249,0.8709677419354839
0.0533596837944664,0.8709677419354839
0.053465346534653464,0.8709677419354839
0.05357142857142857,0.8709677419354839
0.0536779324055666,0.8709677419354839
0.053784860557768925,0.8709677419354839
0.05389221556886228,0.8709677419354839
0.054,0.8709677419354839
0.05410821643286573,0.8709677419354839
0.05421686746987952,0.8709677419354839
0.05432595573440644,0.8709677419354839
0.05443548387096774,0.8709677419354839
0.05454545454545454,0.8709677419354839
0.05465587044534413,0.8709677419354839
0.05476673427991886,0.8709677419354839
0.054878048780487805,0.8709677419354839
0.054989816700611,0.8709677419354839
0.05510204081632653,0.8709677419354839
0.05521472392638037,0.8709677419354839
0.055327868852459015,0.8709677419354839
0.055441478439425054,0.8709677419354839
0.05555555555555555,0.8709677419354839
0.05567010309278351,0.8709677419354839
0.05578512396694215,0.8709677419354839
0.055900621118012424,0.8709677419354839
0.056016597510373446,0.8709677419354839
0.056133056133056136,0.8709677419354839
0.05625,0.8709677419354839
0.05636743215031315,0.8709677419354839
0.056485355648535567,0.8709677419354839
0.05660377358490566,0.8709677419354839
0.05672268907563025,0.8709677419354839
0.056842105263157895,0.8709677419354839
0.056962025316455694,0.8709677419354839
0.05708245243128964,0.8709677419354839
0.057203389830508475,0.8709677419354839
0.05732484076433121,0.8709677419354839
0.0574468085106383,0.8709677419354839
0.057569296375266525,0.8709677419354839
0.057692307692307696,0.8709677419354839
0.057815845824411134,0.8709677419354839
0.05793991416309013,0.8709677419354839
0.05806451612903226,0.8709677419354839
0.05818965517241379,0.8709677419354839
0.058315334773218146,0.8709677419354839
0.05844155844155844,0.8709677419354839
0.05856832971800434,0.8709677419354839
0.058695652173913045,0.8709677419354839
0.058823529411764705,0.8709677419354839
0.05895196506550218,0.8709677419354839
0.05908096280087528,0.8709677419354839
0.05921052631578947,0.8709677419354839
0.05934065934065934,0.8709677419354839
0.05947136563876652,0.8709677419354839
0.059602649006622516,0.8709677419354839
0.059734513274336286,0.8709677419354839
0.0598669623059867,0.8709677419354839
0.06,0.8709677419354839
0.060133630289532294,0.8709677419354839
0.060267857142857144,0.8709677419354839
0.06040268456375839,0.8709677419354839
0.06053811659192825,0.8709677419354839
0.060674157303370786,0.8709677419354839
0.060810810810810814,0.8709677419354839
0.060948081264108354,0.8709677419354839
0.06108597285067873,0.8709677419354839
0.061224489795918366,0.8709677419354839
0.06136363636363636,0.8709677419354839
0.06150341685649203,0.8709677419354839
0.06164383561643835,0.8709677419354839
0.06178489702517163,0.8709677419354839
0.06192660550458716,0.8709677419354839
0.06206896551724138,0.8709677419354839
0.06221198156682028,0.8709677419354839
0.06235565819861432,0.8709677419354839
0.0625,0.8709677419354839
0.06264501160092807,0.8709677419354839
0.06279069767441861,0.8709677419354839
0.06293706293706294,0.8709677419354839
0.0630841121495327,0.8709677419354839
0.06323185011709602,0.8709677419354839
0.06338028169014084,0.8709677419354839
0.06352941176470588,0.8709677419354839
0.06367924528301887,0.8709677419354839
0.06382978723404255,0.8709677419354839
0.06398104265402843,0.8709677419354839
0.06413301662707839,0.8709677419354839
0.06428571428571428,0.8709677419354839
0.06443914081145585,0.8709677419354839
0.0645933014354067,0.8709677419354839
0.06474820143884892,0.8709677419354839
0.06490384615384616,0.8709677419354839
0.06506024096385542,0.8709677419354839
0.06521739130434782,0.8709677419354839
0.06537530266343826,0.8709677419354839
0.06553398058252427,0.8709677419354839
0.06569343065693431,0.8709677419354839
0.06585365853658537,0.8709677419354839
0.06601466992665037,0.8709677419354839
0.0661764705882353,0.8709677419354839
0.06633906633906633,0.8709677419354839
0.0665024630541872,0.8709677419354839
0.06666666666666667,0.8709677419354839
0.06683168316831684,0.8709677419354839
0.06699751861042183,0.8709677419354839
0.06716417910447761,0.8709677419354839
0.06733167082294264,0.8709677419354839
0.0675,0.8709677419354839
0.06766917293233082,0.8709677419354839
0.0678391959798995,0.8709677419354839
0.06801007556675064,0.8709677419354839
0.06818181818181818,0.8709677419354839
0.06835443037974684,0.8709677419354839
0.06852791878172589,0.8709677419354839
0.06870229007633588,0.8709677419354839
0.06887755102040816,0.8709677419354839
0.06905370843989769,0.8709677419354839
0.06923076923076923,0.8709677419354839
0.06940874035989718,0.8709677419354839
0.06958762886597938,0.8709677419354839
0.06976744186046512,0.8709677419354839
0.06994818652849741,0.8709677419354839
0.07012987012987013,0.8709677419354839
0.0703125,0.8709677419354839
0.07049608355091384,0.8709677419354839
0.07068062827225131,0.8709677419354839
0.07086614173228346,0.8709677419354839
0.07105263157894737,0.8709677419354839
0.0712401055408971,0.8709677419354839
0.07142857142857142,0.8709677419354839
0.07161803713527852,0.8709677419354839
0.07180851063829788,0.8709677419354839
0.072,0.8709677419354839
0.07219251336898395,0.8709677419354839
0.07238605898123325,0.8709677419354839
0.07258064516129033,0.8709677419354839
0.07277628032345014,0.8709677419354839
0.07297297297297298,0.8709677419354839
0.07317073170731707,0.8709677419354839
0.07336956521739131,0.8709677419354839
0.07356948228882834,0.8709677419354839
0.07377049180327869,0.8709677419354839
0.07397260273972603,0.8709677419354839
0.07417582417582418,0.8709677419354839
0.0743801652892562,0.8709677419354839
0.07458563535911603,0.8709677419354839
0.07479224376731301,0.8709677419354839
0.075,0.8709677419354839
0.07520891364902507,0.8709677419354839
0.07541899441340782,0.8709677419354839
0.07563025210084033,0.8709677419354839
0.07584269662921349,0.8709677419354839
0.07605633802816901,0.8709677419354839
0.07627118644067797,0.8709677419354839
0.0764872521246459,0.8709677419354839
0.07670454545454546,0.8709677419354839
0.07692307692307693,0.8709677419354839
0.07714285714285714,0.8709677419354839
0.07736389684813753,0.8709677419354839
0.07758620689655173,0.8709677419354839
0.07780979827089338,0.8709677419354839
0.07803468208092486,0.8709677419354839
0.0782608695652174,0.8709677419354839
0.07848837209302326,0.8709677419354839
0.07871720116618076,0.8709677419354839
0.07894736842105263,0.8709677419354839
0.07917888563049853,0.8709677419354839
0.07941176470588235,0.8709677419354839
0.07964601769911504,0.8709677419354839
0.07988165680473373,0.8709677419354839
0.08011869436201781,0.8709677419354839
0.08035714285714286,0.8709677419354839
0.08059701492537313,0.8709677419354839
0.08083832335329341,0.8709677419354839
0.08108108108108109,0.8709677419354839
0.08132530120481928,0.8709677419354839
0.08157099697885196,0.8709677419354839
0.08181818181818182,0.8709677419354839
0.08206686930091185,0.8709677419354839
0.08231707317073171,0.8709677419354839
0.08256880733944955,0.8709677419354839
0.08282208588957055,0.8709677419354839
0.08307692307692308,0.8709677419354839
0.08333333333333333,0.8709677419354839
0.08359133126934984,0.8709677419354839
0.08385093167701864,0.8709677419354839
0.08411214953271028,0.8709677419354839
0.084375,0.8709677419354839
0.08463949843260188,0.8709677419354839
0.08490566037735849,0.8709677419354839
0.08517350157728706,0.8709677419354839
0.08227848101265822,0.8387096774193549
0.07936507936507936,0.8064516129032258
0.07961783439490445,0.8064516129032258
0.07987220447284345,0.8064516129032258
0.08012820512820513,0.8064516129032258
0.08038585209003216,0.8064516129032258
0.08064516129032258,0.8064516129032258
0.08090614886731391,0.8064516129032258
0.08116883116883117,0.8064516129032258
0.08143322475570032,0.8064516129032258
0.08169934640522876,0.8064516129032258
0.08196721311475409,0.8064516129032258
0.08223684210526316,0.8064516129032258
0.08250825082508251,0.8064516129032258
0.08278145695364239,0.8064516129032258
0.08305647840531562,0.8064516129032258
0.08333333333333333,0.8064516129032258
0.08361204013377926,0.8064516129032258
0.08389261744966443,0.8064516129032258
0.08417508417508418,0.8064516129032258
0.08445945945945946,0.8064516129032258
0.0847457627118644,0.8064516129032258
0.08503401360544217,0.8064516129032258
0.08532423208191127,0.8064516129032258
0.08561643835616438,0.8064516129032258
0.0859106529209622,0.8064516129032258
0.08620689655172414,0.8064516129032258
0.08650519031141868,0.8064516129032258
0.08680555555555555,0.8064516129032258
0.08710801393728224,0.8064516129032258
0.08741258741258741,0.8064516129032258
0.08771929824561403,0.8064516129032258
0.0880281690140845,0.8064516129032258
0.08833922261484099,0.8064516129032258
0.08865248226950355,0.8064516129032258
0.08896797153024912,0.8064516129032258
0.08928571428571429,0.8064516129032258
0.08960573476702509,0.8064516129032258
0.08992805755395683,0.8064516129032258
0.09025270758122744,0.8064516129032258
0.09057971014492754,0.8064516129032258
0.09090909090909091,0.8064516129032258
0.09124087591240876,0.8064516129032258
0.09157509157509157,0.8064516129032258
0.09191176470588236,0.8064516129032258
0.09225092250922509,0.8064516129032258
0.09259259259259259,0.8064516129032258
0.09293680297397769,0.8064516129032258
0.09328358208955224,0.8064516129032258
0.09363295880149813,0.8064516129032258
0.09398496240601503,0.8064516129032258
0.09433962264150944,0.8064516129032258
0.0946969696969697,0.8064516129032258
0.09505703422053231,0.8064516129032258
0.09541984732824428,0.8064516129032258
0.09578544061302682,0.8064516129032258
0.09615384615384616,0.8064516129032258
0.09652509652509653,0.8064516129032258
0.09689922480620156,0.8064516129032258
0.09727626459143969,0.8064516129032258
0.09765625,0.8064516129032258
0.09803921568627451,0.8064516129032258
0.0984251968503937,0.8064516129032258
0.09881422924901186,0.8064516129032258
0.0992063492063492,0.8064516129032258
0.099601593625498,0.8064516129032258
0.1,0.8064516129032258
0.10040160642570281,0.8064516129032258
0.10080645161290322,0.8064516129032258
0.10121457489878542,0.8064516129032258
0.1016260162601626,0.8064516129032258
0.10204081632653061,0.8064516129032258
0.10245901639344263,0.8064516129032258
0.102880658436214,0.8064516129032258
0.10330578512396695,0.8064516129032258
0.1037344398340249,0.8064516129032258
0.10416666666666667,0.8064516129032258
0.10460251046025104,0.8064516129032258
0.10504201680672269,0.8064516129032258
0.10548523206751055,0.8064516129032258
0.1059322033898305,0.8064516129032258
0.10638297872340426,0.8064516129032258
0.10683760683760683,0.8064516129032258
0.1072961373390558,0.8064516129032258
0.10775862068965517,0.8064516129032258
0.10822510822510822,0.8064516129032258
0.10869565217391304,0.8064516129032258
0.1091703056768559,0.8064516129032258
0.10964912280701754,0.8064516129032258
0.11013215859030837,0.8064516129032258
0.11061946902654868,0.8064516129032258
0.1111111111111111,0.8064516129032258
0.11160714285714286,0.8064516129032258
0.11210762331838565,0.8064516129032258
0.11261261261261261,0.8064516129032258
0.11312217194570136,0.8064516129032258
0.11363636363636363,0.8064516129032258
0.1141552511415525,0.8064516129032258
0.11467889908256881,0.8064516129032258
0.1152073732718894,0.8064516129032258
0.11574074074074074,0.8064516129032258
0.11627906976744186,0.8064516129032258
0.11682242990654206,0.8064516129032258
0.11737089201877934,0.8064516129032258
0.1179245283018868,0.8064516129032258
0.11848341232227488,0.8064516129032258
0.11904761904761904,0.8064516129032258
0.11961722488038277,0.8064516129032258
0.1201923076923077,0.8064516129032258
0.12077294685990338,0.8064516129032258
0.12135922330097088,0.8064516129032258
0.12195121951219512,0.8064516129032258
0.12254901960784313,0.8064516129032258
0.12315270935960591,0.8064516129032258
0.12376237623762376,0.8064516129032258
0.12437810945273632,0.8064516129032258
0.125,0.8064516129032258
0.12562814070351758,0.8064516129032258
0.12626262626262627,0.8064516129032258
0.12690355329949238,0.8064516129032258
0.12755102040816327,0.8064516129032258
0.1282051282051282,0.8064516129032258
0.12886597938144329,0.8064516129032258
0.12953367875647667,0.8064516129032258
0.13020833333333334,0.8064516129032258
0.13089005235602094,0.8064516129032258
0.13157894736842105,0.8064516129032258
0.13227513227513227,0.8064516129032258
0.13297872340425532,0.8064516129032258
0.13368983957219252,0.8064516129032258
0.13440860215053763,0.8064516129032258
0.13513513513513514,0.8064516129032258
0.1358695652173913,0.8064516129032258
0.1366120218579235,0.8064516129032258
0.13736263736263737,0.8064516129032258
0.13812154696132597,0.8064516129032258
0.1388888888888889,0.8064516129032258
0.13966480446927373,0.8064516129032258
0.1404494382022472,0.8064516129032258
0.14124293785310735,0.8064516129032258
0.14204545454545456,0.8064516129032258
0.14285714285714285,0.8064516129032258
0.14367816091954022,0.8064516129032258
0.14450867052023122,0.8064516129032258
0.14534883720930233,0.8064516129032258
0.14619883040935672,0.8064516129032258
0.14705882352941177,0.8064516129032258
0.14792899408284024,0.8064516129032258
0.1488095238095238,0.8064516129032258
0.1497005988023952,0.8064516129032258
0.15060240963855423,0.8064516129032258
0.15151515151515152,0.8064516129032258
0.1524390243902439,0.8064516129032258
0.15337423312883436,0.8064516129032258
0.15432098765432098,0.8064516129032258
0.15527950310559005,0.8064516129032258
0.15625,0.8064516129032258
0.15723270440251572,0.8064516129032258
0.15822784810126583,0.8064516129032258
0.1592356687898089,0.8064516129032258
0.16025641025641027,0.8064516129032258
0.16129032258064516,0.8064516129032258
0.16233766233766234,0.8064516129032258
0.16339869281045752,0.8064516129032258
0.16447368421052633,0.8064516129032258
0.16556291390728478,0.8064516129032258
0.16666666666666666,0.8064516129032258
0.16778523489932887,0.8064516129032258
0.16891891891891891,0.8064516129032258
0.17006802721088435,0.8064516129032258
0.17123287671232876,0.8064516129032258
0.1724137931034483,0.8064516129032258
0.1736111111111111,0.8064516129032258
0.17482517482517482,0.8064516129032258
0.176056338028169,0.8064516129032258
0.1773049645390071,0.8064516129032258
0.17857142857142858,0.8064516129032258
0.17985611510791366,0.8064516129032258
0.18115942028985507,0.8064516129032258
0.18248175182481752,0.8064516129032258
0.18382352941176472,0.8064516129032258
0.18518518518518517,0.8064516129032258
0.1865671641791045,0.8064516129032258
0.18796992481203006,0.8064516129032258
0.1893939393939394,0.8064516129032258
0.19083969465648856,0.8064516129032258
0.19230769230769232,0.8064516129032258
0.1937984496124031,0.8064516129032258
0.1953125,0.8064516129032258
0.1968503937007874,0.8064516129032258
0.19047619047619047,0.7741935483870968
0.192,0.7741935483870968
0.1935483870967742,0.7741935483870968
0.1951219512195122,0.7741935483870968
0.19672131147540983,0.7741935483870968
0.19834710743801653,0.7741935483870968
0.2,0.7741935483870968
0.20168067226890757,0.7741935483870968
0.2033898305084746,0.7741935483870968
0.20512820512820512,0.7741935483870968
0.20689655172413793,0.7741935483870968
0.20869565217391303,0.7741935483870968
0.20175438596491227,0.7419354838709677
0.20353982300884957,0.7419354838709677
0.20535714285714285,0.7419354838709677
0.2072072072072072,0.7419354838709677
0.20909090909090908,0.7419354838709677
0.21100917431192662,0.7419354838709677
0.21296296296296297,0.7419354838709677
0.21495327102803738,0.7419354838709677
0.2169811320754717,0.7419354838709677
0.21904761904761905,0.7419354838709677
0.22115384615384615,0.7419354838709677
0.22330097087378642,0.7419354838709677
0.22549019607843138,0.7419354838709677
0.22772277227722773,0.7419354838709677
0.23,0.7419354838709677
0.23232323232323232,0.7419354838709677
0.23469387755102042,0.7419354838709677
0.23711340206185566,0.7419354838709677
0.23958333333333334,0.7419354838709677
0.24210526315789474,0.7419354838709677
0.24468085106382978,0.7419354838709677
0.24731182795698925,0.7419354838709677
0.25,0.7419354838709677
0.25274725274725274,0.7419354838709677
0.25555555555555554,0.7419354838709677
0.25842696629213485,0.7419354838709677
0.26136363636363635,0.7419354838709677
0.26436781609195403,0.7419354838709677
0.26744186046511625,0.7419354838709677
0.27058823529411763,0.7419354838709677
0.27380952380952384,0.7419354838709677
0.27710843373493976,0.7419354838709677
0.2804878048780488,0.7419354838709677
0.2839506172839506,0.7419354838709677
0.2875,0.7419354838709677
0.2911392405063291,0.7419354838709677
0.2948717948717949,0.7419354838709677
0.2987012987012987,0.7419354838709677
0.3026315789473684,0.7419354838709677
0.30666666666666664,0.7419354838709677
0.3108108108108108,0.7419354838709677
0.3150684931506849,0.7419354838709677
0.3055555555555556,0.7096774193548387
0.30985915492957744,0.7096774193548387
0.3142857142857143,0.7096774193548387
0.30434782608695654,0.6774193548387096
0.3088235294117647,0.6774193548387096
0.31343283582089554,0.6774193548387096
0.3181818181818182,0.6774193548387096
0.3230769230769231,0.6774193548387096
0.328125,0.6774193548387096
0.3333333333333333,0.6774193548387096
0.3387096774193548,0.6774193548387096
0.3442622950819672,0.6774193548387096
0.35,0.6774193548387096
0.3559322033898305,0.6774193548387096
0.3620689655172414,0.6774193548387096
0.3684210526315789,0.6774193548387096
0.375,0.6774193548387096
0.38181818181818183,0.6774193548387096
0.3888888888888889,0.6774193548387096
0.39622641509433965,0.6774193548387096
0.40384615384615385,0.6774193548387096
0.4117647058823529,0.6774193548387096
0.42,0.6774193548387096
0.42857142857142855,0.6774193548387096
0.4375,0.6774193548387096
0.44680851063829785,0.6774193548387096
0.45652173913043476,0.6774193548387096
0.4666666666666667,0.6774193548387096
0.4772727272727273,0.6774193548387096
0.4883720930232558,0.6774193548387096
0.47619047619047616,0.6451612903225806
0.4878048780487805,0.6451612903225806
0.5,0.6451612903225806
0.5128205128205128,0.6451612903225806
0.5263157894736842,0.6451612903225806
0.5405405405405406,0.6451612903225806
0.5555555555555556,0.6451612903225806
0.5714285714285714,0.6451612903225806
0.5882352941176471,0.6451612903225806
0.6060606060606061,0.6451612903225806
0.625,0.6451612903225806
0.6451612903225806,0.6451612903225806
0.6666666666666666,0.6451612903225806
0.6896551724137931,0.6451612903225806
0.6785714285714286,0.6129032258064516
0.7037037037037037,0.6129032258064516
0.7307692307692307,0.6129032258064516
0.72,0.5806451612903226
0.75,0.5806451612903226
0.782608695652174,0.5806451612903226
0.8181818181818182,0.5806451612903226
0.8095238095238095,0.5483870967741935
0.85,0.5483870967741935
0.8947368421052632,0.5483870967741935
0.8888888888888888,0.5161290322580645
0.9411764705882353,0.5161290322580645
0.9375,0.4838709677419355
1.0,0.4838709677419355
1.0,0.45161290322580644
1.0,0.41935483870967744
1.0,0.3870967741935484
1.0,0.3548387096774194
1.0,0.3225806451612903
1.0,0.2903225806451613
1.0,0.25806451612903225
1.0,0.22580645161290322
1.0,0.1935483870967742
1.0,0.16129032258064516
1.0,0.12903225806451613
1.0,0.0967741935483871
1.0,0.06451612903225806
1.0,0.03225806451612903
1.0,0.0
