Precision,Recall
0.018781725888324875,1.0
0.018283392585068562,0.972972972972973
0.018292682926829267,0.972972972972973
0.018301982714794104,0.972972972972973
0.018311291963377416,0.972972972972973
0.0183206106870229,0.972972972972973
0.018329938900203666,0.972972972972973
0.018339276617422313,0.972972972972973
0.01834862385321101,0.972972972972973
0.018357980622131564,0.972972972972973
0.018367346938775512,0.972972972972973
0.018376722817764167,0.972972972972973
0.018386108273748723,0.972972972972973
0.018395503321410323,0.972972972972973
0.018404907975460124,0.972972972972973
0.018414322250639385,0.972972972972973
0.01842374616171955,0.972972972972973
0.018433179723502304,0.972972972972973
0.018442622950819672,0.972972972972973
0.018452075858534086,0.972972972972973
0.018461538461538463,0.972972972972973
0.018471010774756286,0.972972972972973
0.018480492813141684,0.972972972972973
0.01848998459167951,0.972972972972973
0.018499486125385406,0.972972972972973
0.018508997429305913,0.972972972972973
0.018518518518518517,0.972972972972973
0.018528049408131755,0.972972972972973
0.018537590113285273,0.972972972972973
0.01854714064914992,0.972972972972973
0.018556701030927835,0.972972972972973
0.018566271273852502,0.972972972972973
0.018575851393188854,0.972972972972973
0.01858544140423335,0.972972972972973
0.01859504132231405,0.972972972972973
0.018604651162790697,0.972972972972973
0.01861427094105481,0.972972972972973
0.018623900672529746,0.972972972972973
0.018633540372670808,0.972972972972973
0.018643190056965304,0.972972972972973
0.01865284974093264,0.972972972972973
0.01866251944012442,0.972972972972973
0.01867219917012448,0.972972972972973
0.01868188894654904,0.972972972972973
0.018691588785046728,0.972972972972973
0.0187012987012987,0.972972972972973
0.018711018711018712,0.972972972972973
0.0187207488299532,0.972972972972973
0.018730489073881373,0.972972972972973
0.018740239458615304,0.972972972972973
0.01875,0.972972972972973
0.018759770713913496,0.972972972972973
0.018769551616266946,0.972972972972973
0.018779342723004695,0.972972972972973
0.018789144050104383,0.972972972972973
0.018798955613577025,0.972972972972973
0.018808777429467086,0.972972972972973
0.01881860951385259,0.972972972972973
0.01882845188284519,0.972972972972973
0.018838304552590265,0.972972972972973
0.018848167539267015,0.972972972972973
0.01885804085908853,0.972972972972973
0.018867924528301886,0.972972972972973
0.018877818563188254,0.972972972972973
0.01888772298006296,0.972972972972973
0.01889763779527559,0.972972972972973
0.018907563025210083,0.972972972972973
0.018917498686284815,0.972972972972973
0.01892744479495268,0.972972972972973
0.01893740136770121,0.972972972972973
0.018947368421052633,0.972972972972973
0.018957345971563982,0.972972972972973
0.018967334035827187,0.972972972972973
0.018977332630469163,0.972972972972973
0.0189873417721519,0.972972972972973
0.01899736147757256,0.972972972972973
0.01900739176346357,0.972972972972973
0.01901743264659271,0.972972972972973
0.019027484143763214,0.972972972972973
0.019037546271813855,0.972972972972973
0.01904761904761905,0.972972972972973
0.019057702488088937,0.972972972972973
0.019067796610169493,0.972972972972973
0.019077901430842606,0.972972972972973
0.019088016967126194,0.972972972972973
0.01909814323607427,0.972972972972973
0.01910828025477707,0.972972972972973
0.019118428040361127,0.972972972972973
0.019128586609989374,0.972972972972973
0.019138755980861243,0.972972972972973
0.019148936170212766,0.972972972972973
0.019159127195316657,0.972972972972973
0.019169329073482427,0.972972972972973
0.019179541822056473,0.972972972972973
0.019189765458422176,0.972972972972973
0.0192,0.972972972972973
0.0192102454642476,0.972972972972973
0.019220501868659905,0.972972972972973
0.019230769230769232,0.972972972972973
0.019241047568145375,0.972972972972973
0.019251336898395723,0.972972972972973
0.019261637239165328,0.972972972972973
0.019271948608137045,0.972972972972973
0.0192822710230316,0.972972972972973
0.01929260450160772,0.972972972972973
0.0193029490616622,0.972972972972973
0.019313304721030045,0.972972972972973
0.01932367149758454,0.972972972972973
0.01933404940923738,0.972972972972973
0.01934443847393874,0.972972972972973
0.01935483870967742,0.972972972972973
0.019365250134480903,0.972972972972973
0.0193756727664155,0.972972972972973
0.01938610662358643,0.972972972972973
0.01939655172413793,0.972972972972973
0.01940700808625337,0.972972972972973
0.019417475728155338,0.972972972972973
0.019427954668105773,0.972972972972973
0.019438444924406047,0.972972972972973
0.019448946515397084,0.972972972972973
0.01945945945945946,0.972972972972973
0.019469983775013522,0.972972972972973
0.01948051948051948,0.972972972972973
0.01949106659447753,0.972972972972973
0.01950162513542795,0.972972972972973
0.01951219512195122,0.972972972972973
0.019522776572668113,0.972972972972973
0.019533369506239826,0.972972972972973
0.019543973941368076,0.972972972972973
0.019011406844106463,0.9459459459459459
0.019021739130434784,0.9459459459459459
0.019032082653616094,0.9459459459459459
0.019042437431991296,0.9459459459459459
0.01905280348394121,0.9459459459459459
0.01906318082788671,0.9459459459459459
0.01907356948228883,0.9459459459459459
0.019083969465648856,0.9459459459459459
0.019094380796508457,0.9459459459459459
0.01910480349344978,0.9459459459459459
0.019115237575095576,0.9459459459459459
0.01912568306010929,0.9459459459459459
0.01913613996719519,0.9459459459459459
0.019146608315098467,0.9459459459459459
0.019157088122605363,0.9459459459459459
0.019167579408543262,0.9459459459459459
0.019178082191780823,0.9459459459459459
0.01918859649122807,0.9459459459459459
0.019199122325836534,0.9459459459459459
0.019209659714599342,0.9459459459459459
0.019220208676551345,0.9459459459459459
0.019230769230769232,0.9459459459459459
0.019241341396371632,0.9459459459459459
0.019251925192519254,0.9459459459459459
0.01926252063841497,0.9459459459459459
0.019273127753303965,0.9459459459459459
0.01928374655647383,0.9459459459459459
0.019294377067254686,0.9459459459459459
0.019305019305019305,0.9459459459459459
0.019315673289183224,0.9459459459459459
0.01932633903920486,0.9459459459459459
0.019337016574585635,0.9459459459459459
0.019347705914870093,0.9459459459459459
0.019358407079646017,0.9459459459459459
0.01936912008854455,0.9459459459459459
0.01937984496124031,0.9459459459459459
0.019390581717451522,0.9459459459459459
0.019401330376940133,0.9459459459459459
0.019412090959511925,0.9459459459459459
0.019422863485016647,0.9459459459459459
0.01943364797334814,0.9459459459459459
0.019444444444444445,0.9459459459459459
0.019455252918287938,0.9459459459459459
0.01946607341490545,0.9459459459459459
0.019476905954368393,0.9459459459459459
0.019487750556792874,0.9459459459459459
0.019498607242339833,0.9459459459459459
0.01950947603121516,0.9459459459459459
0.019520356943669825,0.9459459459459459
0.01953125,0.9459459459459459
0.01954215522054718,0.9459459459459459
0.019553072625698324,0.9459459459459459
0.01956400223588597,0.9459459459459459
0.019574944071588368,0.9459459459459459
0.019585898153329603,0.9459459459459459
0.01959686450167973,0.9459459459459459
0.0196078431372549,0.9459459459459459
0.01961883408071749,0.9459459459459459
0.01962983735277622,0.9459459459459459
0.01964085297418631,0.9459459459459459
0.019651880965749578,0.9459459459459459
0.019662921348314606,0.9459459459459459
0.01967397414277684,0.9459459459459459
0.01968503937007874,0.9459459459459459
0.019696117051209903,0.9459459459459459
0.019707207207207207,0.9459459459459459
0.01971830985915493,0.9459459459459459
0.019729425028184894,0.9459459459459459
0.019740552735476594,0.9459459459459459
0.019751693002257337,0.9459459459459459
0.019762845849802372,0.9459459459459459
0.01977401129943503,0.9459459459459459
0.01978518937252685,0.9459459459459459
0.019796380090497737,0.9459459459459459
0.019807583474816072,0.9459459459459459
0.019818799546998868,0.9459459459459459
0.019830028328611898,0.9459459459459459
0.01984126984126984,0.9459459459459459
0.019852524106636415,0.9459459459459459
0.019863791146424517,0.9459459459459459
0.019875070982396367,0.9459459459459459
0.019886363636363636,0.9459459459459459
0.019897669130187607,0.9459459459459459
0.019908987485779295,0.9459459459459459
0.0199203187250996,0.9459459459459459
0.019931662870159454,0.9459459459459459
0.019943019943019943,0.9459459459459459
0.019954389965792473,0.9459459459459459
0.019965772960638905,0.9459459459459459
0.01997716894977169,0.9459459459459459
0.019988577955454025,0.9459459459459459
0.02,0.9459459459459459
0.020011435105774727,0.9459459459459459
0.02002288329519451,0.9459459459459459
0.02003434459072696,0.9459459459459459
0.02004581901489118,0.9459459459459459
0.02005730659025788,0.9459459459459459
0.020068807339449542,0.9459459459459459
0.020080321285140562,0.9459459459459459
0.020091848450057407,0.9459459459459459
0.020103388856978748,0.9459459459459459
0.020114942528735632,0.9459459459459459
0.020126509488211614,0.9459459459459459
0.020138089758342925,0.9459459459459459
0.020149683362118594,0.9459459459459459
0.020161290322580645,0.9459459459459459
0.020172910662824207,0.9459459459459459
0.020184544405997693,0.9459459459459459
0.020196191575302943,0.9459459459459459
0.02020785219399538,0.9459459459459459
0.020219526285384173,0.9459459459459459
0.02023121387283237,0.9459459459459459
0.020242914979757085,0.9459459459459459
0.02025462962962963,0.9459459459459459
0.02026635784597568,0.9459459459459459
0.020278099652375436,0.9459459459459459
0.020289855072463767,0.9459459459459459
0.020301624129930394,0.9459459459459459
0.020313406848520024,0.9459459459459459
0.02032520325203252,0.9459459459459459
0.02033701336432307,0.9459459459459459
0.020348837209302327,0.9459459459459459
0.02036067481093659,0.9459459459459459
0.02037252619324796,0.9459459459459459
0.0203843913803145,0.9459459459459459
0.020396270396270396,0.9459459459459459
0.02040816326530612,0.9459459459459459
0.020420070011668612,0.9459459459459459
0.020431990659661413,0.9459459459459459
0.02044392523364486,0.9459459459459459
0.020455873758036237,0.9459459459459459
0.02046783625730994,0.9459459459459459
0.02047981275599766,0.9459459459459459
0.020491803278688523,0.9459459459459459
0.020503807850029292,0.9459459459459459
0.020515826494724502,0.9459459459459459
0.020527859237536656,0.9459459459459459
0.020539906103286387,0.9459459459459459
0.020551967116852612,0.9459459459459459
0.020564042303172738,0.9459459459459459
0.0205761316872428,0.9459459459459459
0.020588235294117647,0.9459459459459459
0.020600353148911125,0.9459459459459459
0.02061248527679623,0.9459459459459459
0.020624631703005304,0.9459459459459459
0.020636792452830188,0.9459459459459459
0.02064896755162242,0.9459459459459459
0.02066115702479339,0.9459459459459459
0.02067336089781453,0.9459459459459459
0.020685579196217493,0.9459459459459459
0.02069781194559432,0.9459459459459459
0.020710059171597635,0.9459459459459459
0.020722320899940794,0.9459459459459459
0.020734597156398103,0.9459459459459459
0.02074688796680498,0.9459459459459459
0.020759193357058125,0.9459459459459459
0.020771513353115726,0.9459459459459459
0.020783847980997625,0.9459459459459459
0.020796197266785502,0.9459459459459459
0.020808561236623068,0.9459459459459459
0.02082093991671624,0.9459459459459459
0.020833333333333332,0.9459459459459459
0.02084574151280524,0.9459459459459459
0.020858164481525627,0.9459459459459459
0.020870602265951103,0.9459459459459459
0.020883054892601432,0.9459459459459459
0.020895522388059702,0.9459459459459459
0.02090800477897252,0.9459459459459459
0.02092050209205021,0.9459459459459459
0.020933014354066987,0.9459459459459459
0.020945541591861162,0.9459459459459459
0.020958083832335328,0.9459459459459459
0.020970641102456562,0.9459459459459459
0.020983213429256596,0.9459459459459459
0.020995800839832032,0.9459459459459459
0.02100840336134454,0.9459459459459459
0.021021021021021023,0.9459459459459459
0.021033653846153848,0.9459459459459459
0.021046301864101023,0.9459459459459459
0.0210589651022864,0.9459459459459459
0.02107164358819988,0.9459459459459459
0.02108433734939759,0.9459459459459459
0.02109704641350211,0.9459459459459459
0.021109770808202654,0.9459459459459459
0.02112251056125528,0.9459459459459459
0.021135265700483092,0.9459459459459459
0.021148036253776436,0.9459459459459459
0.021160822249093107,0.9459459459459459
0.02117362371445856,0.9459459459459459
0.0211864406779661,0.9459459459459459
0.021199273167777106,0.9459459459459459
0.021212121212121213,0.9459459459459459
0.021224984839296544,0.9459459459459459
0.021237864077669904,0.9459459459459459
0.021250758955676987,0.9459459459459459
0.0212636695018226,0.9459459459459459
0.02127659574468085,0.9459459459459459
0.021289537712895375,0.9459459459459459
0.02130249543517955,0.9459459459459459
0.021315468940316686,0.9459459459459459
0.021328458257160267,0.9459459459459459
0.021341463414634148,0.9459459459459459
0.021354484441732765,0.9459459459459459
0.021367521367521368,0.9459459459459459
0.021380574221136223,0.9459459459459459
0.021393643031784843,0.9459459459459459
0.021406727828746176,0.9459459459459459
0.021419828641370868,0.9459459459459459
0.021432945499081445,0.9459459459459459
0.02144607843137255,0.9459459459459459
0.02145922746781116,0.9459459459459459
0.02147239263803681,0.9459459459459459
0.021485573971761818,0.9459459459459459
0.0214987714987715,0.9459459459459459
0.0215119852489244,0.9459459459459459
0.02152521525215252,0.9459459459459459
0.021538461538461538,0.9459459459459459
0.021551724137931036,0.9459459459459459
0.021565003080714726,0.9459459459459459
0.02157829839704069,0.9459459459459459
0.0215916101172116,0.9459459459459459
0.021604938271604937,0.9459459459459459
0.021618282890673256,0.9459459459459459
0.021631644004944377,0.9459459459459459
0.021645021645021644,0.9459459459459459
0.021658415841584157,0.9459459459459459
0.021671826625386997,0.9459459459459459
0.02168525402726146,0.9459459459459459
0.02169869807811531,0.9459459459459459
0.021712158808933003,0.9459459459459459
0.021725636250775917,0.9459459459459459
0.021739130434782608,0.9459459459459459
0.02175264139216905,0.9459459459459459
0.021766169154228857,0.9459459459459459
0.021779713752333542,0.9459459459459459
0.021793275217932753,0.9459459459459459
0.021806853582554516,0.9459459459459459
0.021820448877805487,0.9459459459459459
0.021834061135371178,0.9459459459459459
0.02184769038701623,0.9459459459459459
0.021861336664584636,0.9459459459459459
0.021875,0.9459459459459459
0.021888680425265792,0.9459459459459459
0.02190237797246558,0.9459459459459459
0.021916092673763307,0.9459459459459459
0.021929824561403508,0.9459459459459459
0.0219435736677116,0.9459459459459459
0.021957340025094103,0.9459459459459459
0.02197112366603892,0.9459459459459459
0.02198492462311558,0.9459459459459459
0.02199874292897549,0.9459459459459459
0.0220125786163522,0.9459459459459459
0.022026431718061675,0.9459459459459459
0.02204030226700252,0.9459459459459459
0.02205419029615627,0.9459459459459459
0.022068095838587643,0.9459459459459459
0.022082018927444796,0.9459459459459459
0.022095959595959596,0.9459459459459459
0.022109917877447885,0.9459459459459459
0.022123893805309734,0.9459459459459459
0.022137887413029727,0.9459459459459459
0.022151898734177215,0.9459459459459459
0.022165927802406588,0.9459459459459459
0.022179974651457542,0.9459459459459459
0.02219403931515536,0.9459459459459459
0.022208121827411168,0.9459459459459459
0.022222222222222223,0.9459459459459459
0.022236340533672173,0.9459459459459459
0.02225047679593134,0.9459459459459459
0.022264631043257,0.9459459459459459
0.022278803309993635,0.9459459459459459
0.022292993630573247,0.9459459459459459
0.022307202039515615,0.9459459459459459
0.022321428571428572,0.9459459459459459
0.022335673261008295,0.9459459459459459
0.02234993614303959,0.9459459459459459
0.022364217252396165,0.9459459459459459
0.02237851662404092,0.9459459459459459
0.022392834293026232,0.9459459459459459
0.02240717029449424,0.9459459459459459
0.02242152466367713,0.9459459459459459
0.022435897435897436,0.9459459459459459
0.02245028864656831,0.9459459459459459
0.022464698331193838,0.9459459459459459
0.0224791265253693,0.9459459459459459
0.02249357326478149,0.9459459459459459
0.022508038585209004,0.9459459459459459
0.02252252252252252,0.9459459459459459
0.022537025112685124,0.9459459459459459
0.022551546391752577,0.9459459459459459
0.02256608639587363,0.9459459459459459
0.02258064516129032,0.9459459459459459
0.022595222724338282,0.9459459459459459
0.02260981912144703,0.9459459459459459
0.02262443438914027,0.9459459459459459
0.022639068564036222,0.9459459459459459
0.022653721682847898,0.9459459459459459
0.02266839378238342,0.9459459459459459
0.02268308489954634,0.9459459459459459
0.022697795071335927,0.9459459459459459
0.0227125243348475,0.9459459459459459
0.022727272727272728,0.9459459459459459
0.022742040285899934,0.9459459459459459
0.022756827048114433,0.9459459459459459
0.02277163305139883,0.9459459459459459
0.022786458333333332,0.9459459459459459
0.02280130293159609,0.9459459459459459
0.022816166883963495,0.9459459459459459
0.0228310502283105,0.9459459459459459
0.022845953002610966,0.9459459459459459
0.022860875244937948,0.9459459459459459
0.02287581699346405,0.9459459459459459
0.02289077828646174,0.9459459459459459
0.022905759162303665,0.9459459459459459
0.022920759659463,0.9459459459459459
0.022935779816513763,0.9459459459459459
0.022950819672131147,0.9459459459459459
0.022965879265091863,0.9459459459459459
0.02298095863427446,0.9459459459459459
0.022996057818659658,0.9459459459459459
0.023011176857330704,0.9459459459459459
0.023026315789473683,0.9459459459459459
0.02304147465437788,0.9459459459459459
0.0230566534914361,0.9459459459459459
0.023071852340145024,0.9459459459459459
0.02308707124010554,0.9459459459459459
0.0231023102310231,0.9459459459459459
0.023117569352708058,0.9459459459459459
0.023132848645076007,0.9459459459459459
0.023148148148148147,0.9459459459459459
0.02316346790205162,0.9459459459459459
0.023178807947019868,0.9459459459459459
0.023194168323392977,0.9459459459459459
0.023209549071618037,0.9459459459459459
0.023224950232249502,0.9459459459459459
0.023240371845949535,0.9459459459459459
0.023255813953488372,0.9459459459459459
0.02327127659574468,0.9459459459459459
0.023286759813705923,0.9459459459459459
0.02330226364846871,0.9459459459459459
0.023317788141239172,0.9459459459459459
0.023333333333333334,0.9459459459459459
0.02334889926617745,0.9459459459459459
0.02336448598130841,0.9459459459459459
0.02338009352037408,0.9459459459459459
0.02339572192513369,0.9459459459459459
0.023411371237458192,0.9459459459459459
0.023427041499330656,0.9459459459459459
0.02344273275284662,0.9459459459459459
0.023458445040214475,0.9459459459459459
0.023474178403755867,0.9459459459459459
0.02348993288590604,0.9459459459459459
0.02350570852921424,0.9459459459459459
0.023521505376344086,0.9459459459459459
0.023537323470073975,0.9459459459459459
0.023553162853297442,0.9459459459459459
0.02356902356902357,0.9459459459459459
0.02358490566037736,0.9459459459459459
0.023600809170600135,0.9459459459459459
0.023616734143049933,0.9459459459459459
0.02363268062120189,0.9459459459459459
0.02364864864864865,0.9459459459459459
0.023664638269100743,0.9459459459459459
0.02368064952638701,0.9459459459459459
0.023696682464454975,0.9459459459459459
0.023712737127371274,0.9459459459459459
0.023728813559322035,0.9459459459459459
0.023744911804613297,0.9459459459459459
0.02376103190767142,0.9459459459459459
0.02377717391304348,0.9459459459459459
0.02379333786539769,0.9459459459459459
0.023809523809523808,0.9459459459459459
0.023825731790333562,0.9459459459459459
0.023841961852861037,0.9459459459459459
0.023858214042263123,0.9459459459459459
0.023874488403819918,0.9459459459459459
0.023890784982935155,0.9459459459459459
0.02390710382513661,0.9459459459459459
0.023923444976076555,0.9459459459459459
0.023939808481532147,0.9459459459459459
0.023956194387405885,0.9459459459459459
0.023972602739726026,0.9459459459459459
0.023989033584647018,0.9459459459459459
0.02400548696844993,0.9459459459459459
0.024021962937542895,0.9459459459459459
0.02403846153846154,0.9459459459459459
0.024054982817869417,0.9459459459459459
0.024071526822558458,0.9459459459459459
0.024088093599449415,0.9459459459459459
0.024104683195592287,0.9459459459459459
0.024121295658166782,0.9459459459459459
0.02413793103448276,0.9459459459459459
0.024154589371980676,0.9459459459459459
0.024171270718232045,0.9459459459459459
0.024187975120939877,0.9459459459459459
0.024204702627939143,0.9459459459459459
0.02422145328719723,0.9459459459459459
0.024238227146814405,0.9459459459459459
0.024255024255024255,0.9459459459459459
0.024271844660194174,0.9459459459459459
0.024288688410825817,0.9459459459459459
0.024305555555555556,0.9459459459459459
0.024322446143154968,0.9459459459459459
0.024339360222531293,0.9459459459459459
0.024356297842727904,0.9459459459459459
0.02437325905292479,0.9459459459459459
0.024390243902439025,0.9459459459459459
0.024407252440725245,0.9459459459459459
0.024424284717376135,0.9459459459459459
0.024441340782122904,0.9459459459459459
0.02445842068483578,0.9459459459459459
0.024475524475524476,0.9459459459459459
0.0244926522043387,0.9459459459459459
0.024509803921568627,0.9459459459459459
0.02452697967764541,0.9459459459459459
0.024544179523141654,0.9459459459459459
0.02456140350877193,0.9459459459459459
0.02457865168539326,0.9459459459459459
0.024595924104005622,0.9459459459459459
0.02461322081575246,0.9459459459459459
0.024630541871921183,0.9459459459459459
0.02464788732394366,0.9459459459459459
0.02466525722339676,0.9459459459459459
0.02468265162200282,0.9459459459459459
0.024700070571630206,0.9459459459459459
0.024717514124293787,0.9459459459459459
0.024734982332155476,0.9459459459459459
0.024752475247524754,0.9459459459459459
0.024769992922859165,0.9459459459459459
0.024787535410764873,0.9459459459459459
0.024805102763997167,0.9459459459459459
0.024822695035460994,0.9459459459459459
0.0248403122782115,0.9459459459459459
0.024857954545454544,0.9459459459459459
0.024875621890547265,0.9459459459459459
0.024893314366998577,0.9459459459459459
0.02491103202846975,0.9459459459459459
0.02492877492877493,0.9459459459459459
0.024946543121881683,0.9459459459459459
0.024964336661911554,0.9459459459459459
0.024982155603140613,0.9459459459459459
0.025,0.9459459459459459
0.02501786990707648,0.9459459459459459
0.02503576537911302,0.9459459459459459
0.025053686471009307,0.9459459459459459
0.025071633237822348,0.9459459459459459
0.025089605734767026,0.9459459459459459
0.025107604017216643,0.9459459459459459
0.02512562814070352,0.9459459459459459
0.02514367816091954,0.9459459459459459
0.02516175413371675,0.9459459459459459
0.025179856115107913,0.9459459459459459
0.0251979841612671,0.9459459459459459
0.02521613832853026,0.9459459459459459
0.025234318673395817,0.9459459459459459
0.025252525252525252,0.9459459459459459
0.02527075812274368,0.9459459459459459
0.025289017341040464,0.9459459459459459
0.025307302964569775,0.9459459459459459
0.02532561505065123,0.9459459459459459
0.025343953656770456,0.9459459459459459
0.025362318840579712,0.9459459459459459
0.025380710659898477,0.9459459459459459
0.02539912917271408,0.9459459459459459
0.025417574437182282,0.9459459459459459
0.025436046511627907,0.9459459459459459
0.025454545454545455,0.9459459459459459
0.025473071324599708,0.9459459459459459
0.025491624180626365,0.9459459459459459
0.025510204081632654,0.9459459459459459
0.025528811086797956,0.9459459459459459
0.025547445255474453,0.9459459459459459
0.02556610664718773,0.9459459459459459
0.025584795321637425,0.9459459459459459
0.025603511338697878,0.9459459459459459
0.02562225475841874,0.9459459459459459
0.02564102564102564,0.9459459459459459
0.025659824046920823,0.9459459459459459
0.025678650036683785,0.9459459459459459
0.02569750367107195,0.9459459459459459
0.025716385011021307,0.9459459459459459
0.025735294117647058,0.9459459459459459
0.025754231052244298,0.9459459459459459
0.02577319587628866,0.9459459459459459
0.025792188651436992,0.9459459459459459
0.025811209439528023,0.9459459459459459
0.025830258302583026,0.9459459459459459
0.0258493353028065,0.9459459459459459
0.025868440502586843,0.9459459459459459
0.025887573964497042,0.9459459459459459
0.025906735751295335,0.9459459459459459
0.025925925925925925,0.9459459459459459
0.025945144551519646,0.9459459459459459
0.02596439169139466,0.9459459459459459
0.025983667409057165,0.9459459459459459
0.02600297176820208,0.9459459459459459
0.026022304832713755,0.9459459459459459
0.026041666666666668,0.9459459459459459
0.026061057334326135,0.9459459459459459
0.02608047690014903,0.9459459459459459
0.02609992542878449,0.9459459459459459
0.026119402985074626,0.9459459459459459
0.026138909634055265,0.9459459459459459
0.026158445440956652,0.9459459459459459
0.02617801047120419,0.9459459459459459
0.02619760479041916,0.9459459459459459
0.026217228464419477,0.9459459459459459
0.02623688155922039,0.9459459459459459
0.02625656414103526,0.9459459459459459
0.026276276276276277,0.9459459459459459
0.02629601803155522,0.9459459459459459
0.02631578947368421,0.9459459459459459
0.02633559066967645,0.9459459459459459
0.02635542168674699,0.9459459459459459
0.02637528259231349,0.9459459459459459
0.026395173453996983,0.9459459459459459
0.026415094339622643,0.9459459459459459
0.026435045317220542,0.9459459459459459
0.026455026455026454,0.9459459459459459
0.0264750378214826,0.9459459459459459
0.026495079485238455,0.9459459459459459
0.026515151515151516,0.9459459459459459
0.026535253980288095,0.9459459459459459
0.026555386949924126,0.9459459459459459
0.026575550493545937,0.9459459459459459
0.026595744680851064,0.9459459459459459
0.026615969581749048,0.9459459459459459
0.02663622526636225,0.9459459459459459
0.026656511805026657,0.9459459459459459
0.026676829268292682,0.9459459459459459
0.02669717772692601,0.9459459459459459
0.026717557251908396,0.9459459459459459
0.026737967914438502,0.9459459459459459
0.026758409785932722,0.9459459459459459
0.026778882938026015,0.9459459459459459
0.02679938744257274,0.9459459459459459
0.02681992337164751,0.9459459459459459
0.026840490797546013,0.9459459459459459
0.02686108979278588,0.9459459459459459
0.026881720430107527,0.9459459459459459
0.026902382782475018,0.9459459459459459
0.026923076923076925,0.9459459459459459
0.026943802925327175,0.9459459459459459
0.026964560862865947,0.9459459459459459
0.026985350809560524,0.9459459459459459
0.02700617283950617,0.9459459459459459
0.02702702702702703,0.9459459459459459
0.02704791344667697,0.9459459459459459
0.027068832173240527,0.9459459459459459
0.027089783281733747,0.9459459459459459
0.027110766847405113,0.9459459459459459
0.027131782945736434,0.9459459459459459
0.027152831652443754,0.9459459459459459
0.02717391304347826,0.9459459459459459
0.027195027195027196,0.9459459459459459
0.027216174183514776,0.9459459459459459
0.027237354085603113,0.9459459459459459
0.027258566978193146,0.9459459459459459
0.027279812938425563,0.9459459459459459
0.027301092043681748,0.9459459459459459
0.0273224043715847,0.9459459459459459
0.02734375,0.9459459459459459
0.027365129007036748,0.9459459459459459
0.027386541471048513,0.9459459459459459
0.0274079874706343,0.9459459459459459
0.0274294670846395,0.9459459459459459
0.027450980392156862,0.9459459459459459
0.027472527472527472,0.9459459459459459
0.02749410840534171,0.9459459459459459
0.027515723270440252,0.9459459459459459
0.02753737214791503,0.9459459459459459
0.027559055118110236,0.9459459459459459
0.027580772261623327,0.9459459459459459
0.027602523659305992,0.9459459459459459
0.027624309392265192,0.9459459459459459
0.02764612954186414,0.9459459459459459
0.02766798418972332,0.9459459459459459
0.027689873417721517,0.9459459459459459
0.027711797307996833,0.9459459459459459
0.0277337559429477,0.9459459459459459
0.02775574940523394,0.9459459459459459
0.027777777777777776,0.9459459459459459
0.02779984114376489,0.9459459459459459
0.02782193958664547,0.9459459459459459
0.02784407319013524,0.9459459459459459
0.02786624203821656,0.9459459459459459
0.027888446215139442,0.9459459459459459
0.027910685805422646,0.9459459459459459
0.027932960893854747,0.9459459459459459
0.027955271565495207,0.9459459459459459
0.027977617905675458,0.9459459459459459
0.028,0.9459459459459459
0.02802241793434748,0.9459459459459459
0.028044871794871796,0.9459459459459459
0.028067361668003207,0.9459459459459459
0.028089887640449437,0.9459459459459459
0.028112449799196786,0.9459459459459459
0.028135048231511254,0.9459459459459459
0.02815768302493966,0.9459459459459459
0.02818035426731079,0.9459459459459459
0.028203062046736505,0.9459459459459459
0.028225806451612902,0.9459459459459459
0.02824858757062147,0.9459459459459459
0.02827140549273021,0.9459459459459459
0.028294260307194827,0.9459459459459459
0.02831715210355987,0.9459459459459459
0.02834008097165992,0.9459459459459459
0.028363047001620744,0.9459459459459459
0.028386050283860504,0.9459459459459459
0.028409090909090908,0.9459459459459459
0.02843216896831844,0.9459459459459459
0.028455284552845527,0.9459459459459459
0.028478437754271765,0.9459459459459459
0.028501628664495113,0.9459459459459459
0.02852485737571312,0.9459459459459459
0.028548123980424143,0.9459459459459459
0.02857142857142857,0.9459459459459459
0.028594771241830064,0.9459459459459459
0.028618152085036794,0.9459459459459459
0.028641571194762683,0.9459459459459459
0.028665028665028666,0.9459459459459459
0.028688524590163935,0.9459459459459459
0.02871205906480722,0.9459459459459459
0.028735632183908046,0.9459459459459459
0.02875924404272802,0.9459459459459459
0.028782894736842105,0.9459459459459459
0.02880658436213992,0.9459459459459459
0.028830313014827018,0.9459459459459459
0.028854080791426217,0.9459459459459459
0.028877887788778877,0.9459459459459459
0.028901734104046242,0.9459459459459459
0.028925619834710745,0.9459459459459459
0.028949545078577336,0.9459459459459459
0.028973509933774833,0.9459459459459459
0.02899751449875725,0.9459459459459459
0.02902155887230514,0.9459459459459459
0.029045643153526972,0.9459459459459459
0.029069767441860465,0.9459459459459459
0.029093931837073983,0.9459459459459459
0.029118136439267885,0.9459459459459459
0.028309741881765195,0.918918918918919
0.028333333333333332,0.918918918918919
0.02835696413678065,0.918918918918919
0.028380634390651086,0.918918918918919
0.028404344193817876,0.918918918918919
0.028428093645484948,0.918918918918919
0.028451882845188285,0.918918918918919
0.02847571189279732,0.918918918918919
0.028499580888516344,0.918918918918919
0.028523489932885907,0.918918918918919
0.028547439126784216,0.918918918918919
0.02857142857142857,0.918918918918919
0.028595458368376788,0.918918918918919
0.02861952861952862,0.918918918918919
0.02864363942712721,0.918918918918919
0.02866779089376054,0.918918918918919
0.02869198312236287,0.918918918918919
0.028716216216216218,0.918918918918919
0.028740490278951817,0.918918918918919
0.028764805414551606,0.918918918918919
0.028789161727349702,0.918918918918919
0.0288135593220339,0.918918918918919
0.02883799830364716,0.918918918918919
0.028862478777589132,0.918918918918919
0.02888700084961767,0.918918918918919
0.02891156462585034,0.918918918918919
0.02893617021276596,0.918918918918919
0.028960817717206135,0.918918918918919
0.028985507246376812,0.918918918918919
0.02901023890784983,0.918918918918919
0.029035012809564473,0.918918918918919
0.02905982905982906,0.918918918918919
0.0290846877673225,0.918918918918919
0.02910958904109589,0.918918918918919
0.02913453299057412,0.918918918918919
0.029159519725557463,0.918918918918919
0.029184549356223177,0.918918918918919
0.029209621993127148,0.918918918918919
0.029234737747205503,0.918918918918919
0.029259896729776247,0.918918918918919
0.029285099052540915,0.918918918918919
0.029310344827586206,0.918918918918919
0.029335634167385678,0.918918918918919
0.02936096718480138,0.918918918918919
0.029386343993085567,0.918918918918919
0.029411764705882353,0.918918918918919
0.02943722943722944,0.918918918918919
0.029462738301559793,0.918918918918919
0.029488291413703384,0.918918918918919
0.029513888888888888,0.918918918918919
0.029539530842745437,0.918918918918919
0.029565217391304348,0.918918918918919
0.02959094865100087,0.918918918918919
0.029616724738675958,0.918918918918919
0.02964254577157803,0.918918918918919
0.029668411867364748,0.918918918918919
0.029694323144104803,0.918918918918919
0.02972027972027972,0.918918918918919
0.02974628171478565,0.918918918918919
0.0297723292469352,0.918918918918919
0.029798422436459245,0.918918918918919
0.02982456140350877,0.918918918918919
0.029850746268656716,0.918918918918919
0.029876977152899824,0.918918918918919
0.02990325417766051,0.918918918918919
0.02992957746478873,0.918918918918919
0.029955947136563875,0.918918918918919
0.029982363315696647,0.918918918918919
0.03000882612533098,0.918918918918919
0.030035335689045935,0.918918918918919
0.030061892130857647,0.918918918918919
0.03008849557522124,0.918918918918919
0.030115146147032774,0.918918918918919
0.030141843971631204,0.918918918918919
0.030168589174800354,0.918918918918919
0.03019538188277087,0.918918918918919
0.030222222222222223,0.918918918918919
0.030249110320284697,0.918918918918919
0.030276046304541407,0.918918918918919
0.030303030303030304,0.918918918918919
0.030330062444246207,0.918918918918919
0.030357142857142857,0.918918918918919
0.03038427167113494,0.918918918918919
0.03041144901610018,0.918918918918919
0.03043867502238138,0.918918918918919
0.03046594982078853,0.918918918918919
0.030493273542600896,0.918918918918919
0.03052064631956912,0.918918918918919
0.030548068283917342,0.918918918918919
0.030575539568345324,0.918918918918919
0.0306030603060306,0.918918918918919
0.03063063063063063,0.918918918918919
0.030658250676284943,0.918918918918919
0.030685920577617327,0.918918918918919
0.03071364046973803,0.918918918918919
0.03074141048824593,0.918918918918919
0.03076923076923077,0.918918918918919
0.030797101449275364,0.918918918918919
0.030825022665457842,0.918918918918919
0.030852994555353903,0.918918918918919
0.030881017257039057,0.918918918918919
0.03090909090909091,0.918918918918919
0.030937215650591446,0.918918918918919
0.030965391621129327,0.918918918918919
0.03099361896080219,0.918918918918919
0.03102189781021898,0.918918918918919
0.031050228310502283,0.918918918918919
0.031078610603290677,0.918918918918919
0.03110704483074108,0.918918918918919
0.031135531135531136,0.918918918918919
0.03024747937671861,0.8918918918918919
0.030275229357798167,0.8918918918918919
0.030303030303030304,0.8918918918918919
0.030330882352941176,0.8918918918918919
0.03035878564857406,0.8918918918918919
0.03038674033149171,0.8918918918918919
0.030414746543778803,0.8918918918918919
0.03044280442804428,0.8918918918918919
0.030470914127423823,0.8918918918918919
0.030499075785582256,0.8918918918918919
0.030527289546716005,0.8918918918918919
0.030555555555555555,0.8918918918918919
0.030583873957367932,0.8918918918918919
0.030612244897959183,0.8918918918918919
0.03064066852367688,0.8918918918918919
0.03066914498141264,0.8918918918918919
0.030697674418604652,0.8918918918918919
0.030726256983240222,0.8918918918918919
0.03075489282385834,0.8918918918918919
0.030783582089552237,0.8918918918918919
0.03081232492997199,0.8918918918918919
0.0308411214953271,0.8918918918918919
0.03086997193638915,0.8918918918918919
0.03089887640449438,0.8918918918918919
0.030927835051546393,0.8918918918918919
0.03095684803001876,0.8918918918918919
0.030985915492957747,0.8918918918918919
0.03101503759398496,0.8918918918918919
0.031044214487300093,0.8918918918918919
0.031073446327683617,0.8918918918918919
0.03110273327049953,0.8918918918918919
0.031132075471698113,0.8918918918918919
0.031161473087818695,0.8918918918918919
0.031190926275992438,0.8918918918918919
0.03122043519394513,0.8918918918918919
0.03125,0.8918918918918919
0.031279620853080566,0.8918918918918919
0.030360531309297913,0.8648648648648649
0.030389363722697058,0.8648648648648649
0.030418250950570342,0.8648648648648649
0.030447193149381543,0.8648648648648649
0.030476190476190476,0.8648648648648649
0.030505243088655862,0.8648648648648649
0.030534351145038167,0.8648648648648649
0.030563514804202482,0.8648648648648649
0.030592734225621414,0.8648648648648649
0.03062200956937799,0.8648648648648649
0.03065134099616858,0.8648648648648649
0.030680728667305847,0.8648648648648649
0.030710172744721688,0.8648648648648649
0.03073967339097022,0.8648648648648649
0.03076923076923077,0.8648648648648649
0.030798845043310877,0.8648648648648649
0.030828516377649325,0.8648648648648649
0.03085824493731919,0.8648648648648649
0.03088803088803089,0.8648648648648649
0.030917874396135265,0.8648648648648649
0.030947775628626693,0.8648648648648649
0.030977734753146177,0.8648648648648649
0.031007751937984496,0.8648648648648649
0.031037827352085354,0.8648648648648649
0.031067961165048542,0.8648648648648649
0.031098153547133137,0.8648648648648649
0.0311284046692607,0.8648648648648649
0.0311587147030185,0.8648648648648649
0.031189083820662766,0.8648648648648649
0.03121951219512195,0.8648648648648649
0.03125,0.8648648648648649
0.03128054740957967,0.8648648648648649
0.03131115459882583,0.8648648648648649
0.031341821743388835,0.8648648648648649
0.03137254901960784,0.8648648648648649
0.03140333660451423,0.8648648648648649
0.03143418467583497,0.8648648648648649
0.03146509341199607,0.8648648648648649
0.031496062992125984,0.8648648648648649
0.03152709359605911,0.8648648648648649
0.03155818540433925,0.8648648648648649
0.0315893385982231,0.8648648648648649
0.03162055335968379,0.8648648648648649
0.03165182987141444,0.8648648648648649
0.031683168316831684,0.8648648648648649
0.031714568880079286,0.8648648648648649
0.031746031746031744,0.8648648648648649
0.031777557100297914,0.8648648648648649
0.03180914512922465,0.8648648648648649
0.031840796019900496,0.8648648648648649
0.03187250996015936,0.8648648648648649
0.031904287138584245,0.8648648648648649
0.031936127744510975,0.8648648648648649
0.03196803196803197,0.8648648648648649
0.032,0.8648648648648649
0.03203203203203203,0.8648648648648649
0.03206412825651302,0.8648648648648649
0.0320962888665998,0.8648648648648649
0.0321285140562249,0.8648648648648649
0.032160804020100506,0.8648648648648649
0.03219315895372234,0.8648648648648649
0.032225579053373615,0.8648648648648649
0.03225806451612903,0.8648648648648649
0.03229061553985873,0.8648648648648649
0.03232323232323232,0.8648648648648649
0.032355915065722954,0.8648648648648649
0.032388663967611336,0.8648648648648649
0.03242147922998987,0.8648648648648649
0.032454361054766734,0.8648648648648649
0.03248730964467005,0.8648648648648649
0.032520325203252036,0.8648648648648649
0.03255340793489318,0.8648648648648649
0.032586558044806514,0.8648648648648649
0.0326197757390418,0.8648648648648649
0.0326530612244898,0.8648648648648649
0.03268641470888662,0.8648648648648649
0.032719836400818,0.8648648648648649
0.032753326509723645,0.8648648648648649
0.03278688524590164,0.8648648648648649
0.03282051282051282,0.8648648648648649
0.03285420944558522,0.8648648648648649
0.0328879753340185,0.8648648648648649
0.03292181069958848,0.8648648648648649
0.032955715756951595,0.8648648648648649
0.032989690721649485,0.8648648648648649
0.033023735810113516,0.8648648648648649
0.03305785123966942,0.8648648648648649
0.033092037228541885,0.8648648648648649
0.033126293995859216,0.8648648648648649
0.03316062176165803,0.8648648648648649
0.03319502074688797,0.8648648648648649
0.033229491173416406,0.8648648648648649
0.033264033264033266,0.8648648648648649
0.03329864724245578,0.8648648648648649
0.03333333333333333,0.8648648648648649
0.03336809176225235,0.8648648648648649
0.033402922755741124,0.8648648648648649
0.03343782654127482,0.8648648648648649
0.03347280334728033,0.8648648648648649
0.033507853403141365,0.8648648648648649
0.033542976939203356,0.8648648648648649
0.033578174186778595,0.8648648648648649
0.03361344537815126,0.8648648648648649
0.033648790746582544,0.8648648648648649
0.03368421052631579,0.8648648648648649
0.03371970495258166,0.8648648648648649
0.03375527426160337,0.8648648648648649
0.0337909186906019,0.8648648648648649
0.03382663847780127,0.8648648648648649
0.033862433862433865,0.8648648648648649
0.03389830508474576,0.8648648648648649
0.033934252386002124,0.8648648648648649
0.03397027600849257,0.8648648648648649
0.03400637619553666,0.8648648648648649
0.03404255319148936,0.8648648648648649
0.03407880724174654,0.8648648648648649
0.03411513859275053,0.8648648648648649
0.03415154749199573,0.8648648648648649
0.03418803418803419,0.8648648648648649
0.034224598930481284,0.8648648648648649
0.034261241970021415,0.8648648648648649
0.03429796355841372,0.8648648648648649
0.034334763948497854,0.8648648648648649
0.034371643394199784,0.8648648648648649
0.034408602150537634,0.8648648648648649
0.03444564047362755,0.8648648648648649
0.034482758620689655,0.8648648648648649
0.034519956850053934,0.8648648648648649
0.03455723542116631,0.8648648648648649
0.034594594594594595,0.8648648648648649
0.03463203463203463,0.8648648648648649
0.03466955579631636,0.8648648648648649
0.03470715835140998,0.8648648648648649
0.03474484256243214,0.8648648648648649
0.034782608695652174,0.8648648648648649
0.03482045701849837,0.8648648648648649
0.034858387799564274,0.8648648648648649
0.03489640130861505,0.8648648648648649
0.034934497816593885,0.8648648648648649
0.034972677595628415,0.8648648648648649
0.0350109409190372,0.8648648648648649
0.03504928806133625,0.8648648648648649
0.03508771929824561,0.8648648648648649
0.03512623490669594,0.8648648648648649
0.035164835164835165,0.8648648648648649
0.0352035203520352,0.8648648648648649
0.03524229074889868,0.8648648648648649
0.03528114663726571,0.8648648648648649
0.03532008830022075,0.8648648648648649
0.03535911602209945,0.8648648648648649
0.035398230088495575,0.8648648648648649
0.035437430786267994,0.8648648648648649
0.03547671840354767,0.8648648648648649
0.03551609322974473,0.8648648648648649
0.035555555555555556,0.8648648648648649
0.035595105672969966,0.8648648648648649
0.035634743875278395,0.8648648648648649
0.03567447045707915,0.8648648648648649
0.03571428571428571,0.8648648648648649
0.035754189944134075,0.8648648648648649
0.035794183445190156,0.8648648648648649
0.03583426651735722,0.8648648648648649
0.03587443946188341,0.8648648648648649
0.03591470258136925,0.8648648648648649
0.035955056179775284,0.8648648648648649
0.0359955005624297,0.8648648648648649
0.036036036036036036,0.8648648648648649
0.036076662908680945,0.8648648648648649
0.03611738148984198,0.8648648648648649
0.03615819209039548,0.8648648648648649
0.03619909502262444,0.8648648648648649
0.0362400906002265,0.8648648648648649
0.036281179138321996,0.8648648648648649
0.036322360953461974,0.8648648648648649
0.03636363636363636,0.8648648648648649
0.03640500568828214,0.8648648648648649
0.03644646924829157,0.8648648648648649
0.036488027366020526,0.8648648648648649
0.0365296803652968,0.8648648648648649
0.036571428571428574,0.8648648648648649
0.036613272311212815,0.8648648648648649
0.03665521191294387,0.8648648648648649
0.03669724770642202,0.8648648648648649
0.03673938002296211,0.8648648648648649
0.0367816091954023,0.8648648648648649
0.03682393555811277,0.8648648648648649
0.03686635944700461,0.8648648648648649
0.03690888119953864,0.8648648648648649
0.03695150115473441,0.8648648648648649
0.03699421965317919,0.8648648648648649
0.037037037037037035,0.8648648648648649
0.03707995365005794,0.8648648648648649
0.037122969837587005,0.8648648648648649
0.03716608594657375,0.8648648648648649
0.037209302325581395,0.8648648648648649
0.037252619324796274,0.8648648648648649
0.037296037296037296,0.8648648648648649
0.03617269544924154,0.8378378378378378
0.036214953271028034,0.8378378378378378
0.03625730994152047,0.8378378378378378
0.03629976580796253,0.8378378378378378
0.03634232121922626,0.8378378378378378
0.036384976525821594,0.8378378378378378
0.036427732079905996,0.8378378378378378
0.036470588235294116,0.8378378378378378
0.03651354534746761,0.8378378378378378
0.036556603773584904,0.8378378378378378
0.03659976387249114,0.8378378378378378
0.03664302600472813,0.8378378378378378
0.036686390532544376,0.8378378378378378
0.03672985781990521,0.8378378378378378
0.036773428232502965,0.8378378378378378
0.03681710213776722,0.8378378378378378
0.036860879904875146,0.8378378378378378
0.036904761904761905,0.8378378378378378
0.03694874851013111,0.8378378378378378
0.03699284009546539,0.8378378378378378
0.037037037037037035,0.8378378378378378
0.03708133971291866,0.8378378378378378
0.037125748502994015,0.8378378378378378
0.03717026378896882,0.8378378378378378
0.03721488595438175,0.8378378378378378
0.037259615384615384,0.8378378378378378
0.03730445246690734,0.8378378378378378
0.03734939759036145,0.8378378378378378
0.03739445114595899,0.8378378378378378
0.03743961352657005,0.8378378378378378
0.037484885126964934,0.8378378378378378
0.03753026634382567,0.8378378378378378
0.037575757575757575,0.8378378378378378
0.03762135922330097,0.8378378378378378
0.03766707168894289,0.8378378378378378
0.037712895377128956,0.8378378378378378
0.037758830694275276,0.8378378378378378
0.03780487804878049,0.8378378378378378
0.03785103785103785,0.8378378378378378
0.037897310513447434,0.8378378378378378
0.037943696450428395,0.8378378378378378
0.03799019607843137,0.8378378378378378
0.03803680981595092,0.8378378378378378
0.038083538083538086,0.8378378378378378
0.038130381303813035,0.8378378378378378
0.038177339901477834,0.8378378378378378
0.03822441430332922,0.8378378378378378
0.03827160493827161,0.8378378378378378
0.038318912237330034,0.8378378378378378
0.038366336633663366,0.8378378378378378
0.03841387856257745,0.8378378378378378
0.038461538461538464,0.8378378378378378
0.03850931677018633,0.8378378378378378
0.03855721393034826,0.8378378378378378
0.038605230386052306,0.8378378378378378
0.03865336658354115,0.8378378378378378
0.03870162297128589,0.8378378378378378
0.03875,0.8378378378378378
0.03879849812265332,0.8378378378378378
0.03884711779448621,0.8378378378378378
0.03889585947302384,0.8378378378378378
0.038944723618090454,0.8378378378378378
0.0389937106918239,0.8378378378378378
0.03904282115869018,0.8378378378378378
0.03909205548549811,0.8378378378378378
0.039141414141414144,0.8378378378378378
0.039190897597977246,0.8378378378378378
0.039240506329113925,0.8378378378378378
0.03929024081115336,0.8378378378378378
0.03807106598984772,0.8108108108108109
0.03811944091486658,0.8108108108108109
0.03816793893129771,0.8108108108108109
0.03821656050955414,0.8108108108108109
0.03826530612244898,0.8108108108108109
0.038314176245210725,0.8108108108108109
0.03836317135549872,0.8108108108108109
0.03841229193341869,0.8108108108108109
0.038461538461538464,0.8108108108108109
0.038510911424903725,0.8108108108108109
0.038560411311053984,0.8108108108108109
0.03861003861003861,0.8108108108108109
0.03865979381443299,0.8108108108108109
0.03870967741935484,0.8108108108108109
0.03875968992248062,0.8108108108108109
0.03880983182406209,0.8108108108108109
0.038860103626943004,0.8108108108108109
0.038910505836575876,0.8108108108108109
0.03896103896103896,0.8108108108108109
0.03901170351105332,0.8108108108108109
0.0390625,0.8108108108108109
0.03911342894393742,0.8108108108108109
0.0391644908616188,0.8108108108108109
0.0392156862745098,0.8108108108108109
0.03926701570680628,0.8108108108108109
0.039318479685452164,0.8108108108108109
0.03937007874015748,0.8108108108108109
0.03942181340341656,0.8108108108108109
0.039473684210526314,0.8108108108108109
0.039525691699604744,0.8108108108108109
0.0395778364116095,0.8108108108108109
0.03963011889035667,0.8108108108108109
0.03968253968253968,0.8108108108108109
0.039735099337748346,0.8108108108108109
0.03978779840848806,0.8108108108108109
0.0398406374501992,0.8108108108108109
0.0398936170212766,0.8108108108108109
0.03994673768308921,0.8108108108108109
0.04,0.8108108108108109
0.04005340453938585,0.8108108108108109
0.040106951871657755,0.8108108108108109
0.040160642570281124,0.8108108108108109
0.040214477211796246,0.8108108108108109
0.040268456375838924,0.8108108108108109
0.04032258064516129,0.8108108108108109
0.040376850605652756,0.8108108108108109
0.04043126684636118,0.8108108108108109
0.04048582995951417,0.8108108108108109
0.04054054054054054,0.8108108108108109
0.04059539918809202,0.8108108108108109
0.04065040650406504,0.8108108108108109
0.03934871099050204,0.7837837837837838
0.03940217391304348,0.7837837837837838
0.03945578231292517,0.7837837837837838
0.039509536784741145,0.7837837837837838
0.03956343792633015,0.7837837837837838
0.03961748633879782,0.7837837837837838
0.03967168262653899,0.7837837837837838
0.03972602739726028,0.7837837837837838
0.039780521262002745,0.7837837837837838
0.03983516483516483,0.7837837837837838
0.039889958734525444,0.7837837837837838
0.03994490358126722,0.7837837837837838
0.04,0.7837837837837838
0.04005524861878453,0.7837837837837838
0.040110650069156296,0.7837837837837838
0.04016620498614958,0.7837837837837838
0.04022191400832178,0.7837837837837838
0.04027777777777778,0.7837837837837838
0.04033379694019471,0.7837837837837838
0.0403899721448468,0.7837837837837838
0.040446304044630406,0.7837837837837838
0.040502793296089384,0.7837837837837838
0.04055944055944056,0.7837837837837838
0.04061624649859944,0.7837837837837838
0.04067321178120617,0.7837837837837838
0.04073033707865169,0.7837837837837838
0.040787623066104076,0.7837837837837838
0.04084507042253521,0.7837837837837838
0.04090267983074753,0.7837837837837838
0.04096045197740113,0.7837837837837838
0.04101838755304102,0.7837837837837838
0.04107648725212465,0.7837837837837838
0.04113475177304964,0.7837837837837838
0.041193181818181816,0.7837837837837838
0.041251778093883355,0.7837837837837838
0.04131054131054131,0.7837837837837838
0.04136947218259629,0.7837837837837838
0.041428571428571426,0.7837837837837838
0.04148783977110158,0.7837837837837838
0.04154727793696275,0.7837837837837838
0.04160688665710186,0.7837837837837838
0.041666666666666664,0.7837837837837838
0.041726618705035974,0.7837837837837838
0.04178674351585014,0.7837837837837838
0.04184704184704185,0.7837837837837838
0.04190751445086705,0.7837837837837838
0.041968162083936326,0.7837837837837838
0.042028985507246375,0.7837837837837838
0.0420899854862119,0.7837837837837838
0.04215116279069767,0.7837837837837838
0.042212518195050945,0.7837837837837838
0.04227405247813411,0.7837837837837838
0.042335766423357665,0.7837837837837838
0.04239766081871345,0.7837837837837838
0.0424597364568082,0.7837837837837838
0.04252199413489736,0.7837837837837838
0.042584434654919234,0.7837837837837838
0.04264705882352941,0.7837837837837838
0.042709867452135494,0.7837837837837838
0.04277286135693215,0.7837837837837838
0.04283604135893648,0.7837837837837838
0.042899408284023666,0.7837837837837838
0.04296296296296296,0.7837837837837838
0.04302670623145401,0.7837837837837838
0.04309063893016345,0.7837837837837838
0.043154761904761904,0.7837837837837838
0.043219076005961254,0.7837837837837838
0.04328358208955224,0.7837837837837838
0.043348281016442454,0.7837837837837838
0.04341317365269461,0.7837837837837838
0.043478260869565216,0.7837837837837838
0.04354354354354354,0.7837837837837838
0.04360902255639098,0.7837837837837838
0.043674698795180725,0.7837837837837838
0.043740573152337855,0.7837837837837838
0.04380664652567976,0.7837837837837838
0.04387291981845688,0.7837837837837838
0.04393939393939394,0.7837837837837838
0.04400606980273141,0.7837837837837838
0.044072948328267476,0.7837837837837838
0.0441400304414003,0.7837837837837838
0.04420731707317073,0.7837837837837838
0.044274809160305344,0.7837837837837838
0.04434250764525994,0.7837837837837838
0.0444104134762634,0.7837837837837838
0.04447852760736196,0.7837837837837838
0.0445468509984639,0.7837837837837838
0.04461538461538461,0.7837837837837838
0.04468412942989214,0.7837837837837838
0.044753086419753084,0.7837837837837838
0.04482225656877898,0.7837837837837838
0.04489164086687306,0.7837837837837838
0.04496124031007752,0.7837837837837838
0.04503105590062112,0.7837837837837838
0.04510108864696734,0.7837837837837838
0.045171339563862926,0.7837837837837838
0.0452418096723869,0.7837837837837838
0.0453125,0.7837837837837838
0.04538341158059468,0.7837837837837838
0.045454545454545456,0.7837837837837838
0.04552590266875981,0.7837837837837838
0.04559748427672956,0.7837837837837838
0.04566929133858268,0.7837837837837838
0.04574132492113565,0.7837837837837838
0.045813586097946286,0.7837837837837838
0.04588607594936709,0.7837837837837838
0.04595879556259905,0.7837837837837838
0.046031746031746035,0.7837837837837838
0.046104928457869634,0.7837837837837838
0.04617834394904458,0.7837837837837838
0.046251993620414676,0.7837837837837838
0.0463258785942492,0.7837837837837838
0.0464,0.7837837837837838
0.046474358974358976,0.7837837837837838
0.04654895666131621,0.7837837837837838
0.04662379421221865,0.7837837837837838
0.04669887278582931,0.7837837837837838
0.0467741935483871,0.7837837837837838
0.046849757673667204,0.7837837837837838
0.04692556634304207,0.7837837837837838
0.04700162074554295,0.7837837837837838
0.04707792207792208,0.7837837837837838
0.04715447154471545,0.7837837837837838
0.04723127035830619,0.7837837837837838
0.04730831973898858,0.7837837837837838
0.04738562091503268,0.7837837837837838
0.04746317512274959,0.7837837837837838
0.047540983606557376,0.7837837837837838
0.047619047619047616,0.7837837837837838
0.047697368421052634,0.7837837837837838
0.047775947281713346,0.7837837837837838
0.04785478547854786,0.7837837837837838
0.047933884297520664,0.7837837837837838
0.048013245033112585,0.7837837837837838
0.04809286898839138,0.7837837837837838
0.04817275747508306,0.7837837837837838
0.048252911813643926,0.7837837837837838
0.04833333333333333,0.7837837837837838
0.048414023372287146,0.7837837837837838
0.048494983277591976,0.7837837837837838
0.048576214405360134,0.7837837837837838
0.04865771812080537,0.7837837837837838
0.04873949579831933,0.7837837837837838
0.04882154882154882,0.7837837837837838
0.048903878583473864,0.7837837837837838
0.048986486486486486,0.7837837837837838
0.049069373942470386,0.7837837837837838
0.04915254237288136,0.7837837837837838
0.04923599320882852,0.7837837837837838
0.04931972789115646,0.7837837837837838
0.049403747870528106,0.7837837837837838
0.04948805460750853,0.7837837837837838
0.04957264957264957,0.7837837837837838
0.04965753424657534,0.7837837837837838
0.04974271012006861,0.7837837837837838
0.04982817869415808,0.7837837837837838
0.04991394148020654,0.7837837837837838
0.05,0.7837837837837838
0.05008635578583765,0.7837837837837838
0.050173010380622836,0.7837837837837838
0.05025996533795494,0.7837837837837838
0.050347222222222224,0.7837837837837838
0.050434782608695654,0.7837837837837838
0.050522648083623695,0.7837837837837838
0.0506108202443281,0.7837837837837838
0.050699300699300696,0.7837837837837838
0.050788091068301226,0.7837837837837838
0.05087719298245614,0.7837837837837838
0.050966608084358524,0.7837837837837838
0.051056338028169015,0.7837837837837838
0.05114638447971781,0.7837837837837838
0.05123674911660778,0.7837837837837838
0.05132743362831858,0.7837837837837838
0.051418439716312055,0.7837837837837838
0.05150976909413854,0.7837837837837838
0.051601423487544484,0.7837837837837838
0.05169340463458111,0.7837837837837838
0.05178571428571429,0.7837837837837838
0.0518783542039356,0.7837837837837838
0.05197132616487455,0.7837837837837838
0.05206463195691203,0.7837837837837838
0.052158273381294966,0.7837837837837838
0.05225225225225225,0.7837837837837838
0.052346570397111915,0.7837837837837838
0.05244122965641953,0.7837837837837838
0.05253623188405797,0.7837837837837838
0.05263157894736842,0.7837837837837838
0.05272727272727273,0.7837837837837838
0.052823315118397086,0.7837837837837838
0.05291970802919708,0.7837837837837838
0.05301645338208409,0.7837837837837838
0.05311355311355311,0.7837837837837838
0.05321100917431193,0.7837837837837838
0.05330882352941176,0.7837837837837838
0.053406998158379376,0.7837837837837838
0.05350553505535055,0.7837837837837838
0.053604436229205174,0.7837837837837838
0.053703703703703705,0.7837837837837838
0.05380333951762523,0.7837837837837838
0.05390334572490706,0.7837837837837838
0.054003724394785846,0.7837837837837838
0.054104477611940295,0.7837837837837838
0.05420560747663551,0.7837837837837838
0.054307116104868915,0.7837837837837838
0.054409005628517824,0.7837837837837838
0.05451127819548872,0.7837837837837838
0.054613935969868174,0.7837837837837838
0.05471698113207547,0.7837837837837838
0.054820415879017016,0.7837837837837838
0.054924242424242424,0.7837837837837838
0.05502846299810247,0.7837837837837838
0.055133079847908745,0.7837837837837838
0.05523809523809524,0.7837837837837838
0.05534351145038168,0.7837837837837838
0.055449330783938815,0.7837837837837838
0.05555555555555555,0.7837837837837838
0.05566218809980806,0.7837837837837838
0.05576923076923077,0.7837837837837838
0.055876685934489405,0.7837837837837838
0.055984555984555984,0.7837837837837838
0.05609284332688588,0.7837837837837838
0.0562015503875969,0.7837837837837838
0.05631067961165048,0.7837837837837838
0.05642023346303502,0.7837837837837838
0.056530214424951264,0.7837837837837838
0.056640625,0.7837837837837838
0.05675146771037182,0.7837837837837838
0.056862745098039215,0.7837837837837838
0.05697445972495088,0.7837837837837838
0.05708661417322835,0.7837837837837838
0.05719921104536489,0.7837837837837838
0.05731225296442688,0.7837837837837838
0.05742574257425743,0.7837837837837838
0.057539682539682536,0.7837837837837838
0.05765407554671968,0.7837837837837838
0.05776892430278884,0.7837837837837838
0.05788423153692615,0.7837837837837838
0.058,0.7837837837837838
0.05811623246492986,0.7837837837837838
0.05823293172690763,0.7837837837837838
0.05835010060362173,0.7837837837837838
0.05846774193548387,0.7837837837837838
0.05858585858585859,0.7837837837837838
0.058704453441295545,0.7837837837837838
0.058823529411764705,0.7837837837837838
0.05894308943089431,0.7837837837837838
0.059063136456211814,0.7837837837837838
0.05918367346938776,0.7837837837837838
0.05930470347648262,0.7837837837837838
0.05942622950819672,0.7837837837837838
0.059548254620123205,0.7837837837837838
0.059670781893004114,0.7837837837837838
0.05979381443298969,0.7837837837837838
0.05991735537190083,0.7837837837837838
0.060041407867494824,0.7837837837837838
0.06016597510373444,0.7837837837837838
0.060291060291060294,0.7837837837837838
0.06041666666666667,0.7837837837837838
0.060542797494780795,0.7837837837837838
0.060669456066945605,0.7837837837837838
0.06079664570230608,0.7837837837837838
0.06092436974789916,0.7837837837837838
0.061052631578947365,0.7837837837837838
0.06118143459915612,0.7837837837837838
0.0613107822410148,0.7837837837837838
0.0614406779661017,0.7837837837837838
0.06157112526539278,0.7837837837837838
0.06170212765957447,0.7837837837837838
0.06183368869936034,0.7837837837837838
0.06196581196581197,0.7837837837837838
0.06209850107066381,0.7837837837837838
0.06223175965665236,0.7837837837837838
0.06236559139784946,0.7837837837837838
0.0625,0.7837837837837838
0.06263498920086392,0.7837837837837838
0.06277056277056277,0.7837837837837838
0.06290672451193059,0.7837837837837838
0.06304347826086956,0.7837837837837838
0.06318082788671024,0.7837837837837838
0.06331877729257641,0.7837837837837838
0.06345733041575492,0.7837837837837838
0.06359649122807018,0.7837837837837838
0.06373626373626373,0.7837837837837838
0.06387665198237885,0.7837837837837838
0.0640176600441501,0.7837837837837838
0.06415929203539823,0.7837837837837838
0.06208425720620843,0.7567567567567568
0.06222222222222222,0.7567567567567568
0.062360801781737196,0.7567567567567568
0.0625,0.7567567567567568
0.06263982102908278,0.7567567567567568
0.06278026905829596,0.7567567567567568
0.06292134831460675,0.7567567567567568
0.06306306306306306,0.7567567567567568
0.06320541760722348,0.7567567567567568
0.06334841628959276,0.7567567567567568
0.06349206349206349,0.7567567567567568
0.06363636363636363,0.7567567567567568
0.06378132118451026,0.7567567567567568
0.0639269406392694,0.7567567567567568
0.06407322654462243,0.7567567567567568
0.06422018348623854,0.7567567567567568
0.06436781609195402,0.7567567567567568
0.06451612903225806,0.7567567567567568
0.06466512702078522,0.7567567567567568
0.06481481481481481,0.7567567567567568
0.06496519721577726,0.7567567567567568
0.06511627906976744,0.7567567567567568
0.06526806526806526,0.7567567567567568
0.06542056074766354,0.7567567567567568
0.06557377049180328,0.7567567567567568
0.06572769953051644,0.7567567567567568
0.06588235294117648,0.7567567567567568
0.0660377358490566,0.7567567567567568
0.06619385342789598,0.7567567567567568
0.06635071090047394,0.7567567567567568
0.0665083135391924,0.7567567567567568
0.06666666666666667,0.7567567567567568
0.06682577565632458,0.7567567567567568
0.06698564593301436,0.7567567567567568
0.0671462829736211,0.7567567567567568
0.0673076923076923,0.7567567567567568
0.06746987951807229,0.7567567567567568
0.06763285024154589,0.7567567567567568
0.06779661016949153,0.7567567567567568
0.06796116504854369,0.7567567567567568
0.0681265206812652,0.7567567567567568
0.06829268292682927,0.7567567567567568
0.06845965770171149,0.7567567567567568
0.06862745098039216,0.7567567567567568
0.0687960687960688,0.7567567567567568
0.06896551724137931,0.7567567567567568
0.0691358024691358,0.7567567567567568
0.06930693069306931,0.7567567567567568
0.06947890818858561,0.7567567567567568
0.06965174129353234,0.7567567567567568
0.06982543640897755,0.7567567567567568
0.07,0.7567567567567568
0.07017543859649122,0.7567567567567568
0.07035175879396985,0.7567567567567568
0.07052896725440806,0.7567567567567568
0.0707070707070707,0.7567567567567568
0.07088607594936709,0.7567567567567568
0.07106598984771574,0.7567567567567568
0.07124681933842239,0.7567567567567568
0.07142857142857142,0.7567567567567568
0.07161125319693094,0.7567567567567568
0.07179487179487179,0.7567567567567568
0.07197943444730077,0.7567567567567568
0.07216494845360824,0.7567567567567568
0.07235142118863049,0.7567567567567568
0.07253886010362694,0.7567567567567568
0.07272727272727272,0.7567567567567568
0.07291666666666667,0.7567567567567568
0.0731070496083551,0.7567567567567568
0.07329842931937172,0.7567567567567568
0.07349081364829396,0.7567567567567568
0.07368421052631578,0.7567567567567568
0.07387862796833773,0.7567567567567568
0.07407407407407407,0.7567567567567568
0.07427055702917772,0.7567567567567568
0.07446808510638298,0.7567567567567568
0.07466666666666667,0.7567567567567568
0.0748663101604278,0.7567567567567568
0.07506702412868632,0.7567567567567568
0.07526881720430108,0.7567567567567568
0.07547169811320754,0.7567567567567568
0.07567567567567568,0.7567567567567568
0.07588075880758807,0.7567567567567568
0.07608695652173914,0.7567567567567568
0.07629427792915532,0.7567567567567568
0.07650273224043716,0.7567567567567568
0.07671232876712329,0.7567567567567568
0.07692307692307693,0.7567567567567568
0.07713498622589532,0.7567567567567568
0.07734806629834254,0.7567567567567568
0.07756232686980609,0.7567567567567568
0.07777777777777778,0.7567567567567568
0.07799442896935933,0.7567567567567568
0.0782122905027933,0.7567567567567568
0.0784313725490196,0.7567567567567568
0.07865168539325842,0.7567567567567568
0.07887323943661972,0.7567567567567568
0.07909604519774012,0.7567567567567568
0.07932011331444759,0.7567567567567568
0.07954545454545454,0.7567567567567568
0.07977207977207977,0.7567567567567568
0.08,0.7567567567567568
0.08022922636103152,0.7567567567567568
0.08045977011494253,0.7567567567567568
0.08069164265129683,0.7567567567567568
0.08092485549132948,0.7567567567567568
0.08115942028985507,0.7567567567567568
0.08139534883720931,0.7567567567567568
0.08163265306122448,0.7567567567567568
0.08187134502923976,0.7567567567567568
0.08211143695014662,0.7567567567567568
0.08235294117647059,0.7567567567567568
0.08259587020648967,0.7567567567567568
0.08284023668639054,0.7567567567567568
0.0830860534124629,0.7567567567567568
0.08333333333333333,0.7567567567567568
0.08358208955223881,0.7567567567567568
0.08383233532934131,0.7567567567567568
0.08408408408408409,0.7567567567567568
0.08433734939759036,0.7567567567567568
0.08459214501510574,0.7567567567567568
0.08484848484848485,0.7567567567567568
0.0851063829787234,0.7567567567567568
0.08536585365853659,0.7567567567567568
0.0856269113149847,0.7567567567567568
0.08588957055214724,0.7567567567567568
0.08615384615384615,0.7567567567567568
0.08641975308641975,0.7567567567567568
0.08668730650154799,0.7567567567567568
0.08695652173913043,0.7567567567567568
0.08411214953271028,0.7297297297297297
0.084375,0.7297297297297297
0.08463949843260188,0.7297297297297297
0.08490566037735849,0.7297297297297297
0.08517350157728706,0.7297297297297297
0.08544303797468354,0.7297297297297297
0.08571428571428572,0.7297297297297297
0.08598726114649681,0.7297297297297297
0.08626198083067092,0.7297297297297297
0.08653846153846154,0.7297297297297297
0.08681672025723473,0.7297297297297297
0.08709677419354839,0.7297297297297297
0.08737864077669903,0.7297297297297297
0.08766233766233766,0.7297297297297297
0.08794788273615635,0.7297297297297297
0.08823529411764706,0.7297297297297297
0.08852459016393442,0.7297297297297297
0.08881578947368421,0.7297297297297297
0.0891089108910891,0.7297297297297297
0.08940397350993377,0.7297297297297297
0.08970099667774087,0.7297297297297297
0.09,0.7297297297297297
0.0903010033444816,0.7297297297297297
0.09060402684563758,0.7297297297297297
0.09090909090909091,0.7297297297297297
0.09121621621621621,0.7297297297297297
0.09152542372881356,0.7297297297297297
0.09183673469387756,0.7297297297297297
0.09215017064846416,0.7297297297297297
0.09246575342465753,0.7297297297297297
0.09278350515463918,0.7297297297297297
0.09310344827586207,0.7297297297297297
0.09342560553633218,0.7297297297297297
0.09375,0.7297297297297297
0.09407665505226481,0.7297297297297297
0.0944055944055944,0.7297297297297297
0.09473684210526316,0.7297297297297297
0.09507042253521127,0.7297297297297297
0.09540636042402827,0.7297297297297297
0.09574468085106383,0.7297297297297297
0.09608540925266904,0.7297297297297297
0.09642857142857143,0.7297297297297297
0.0967741935483871,0.7297297297297297
0.09712230215827339,0.7297297297297297
0.09747292418772563,0.7297297297297297
0.09782608695652174,0.7297297297297297
0.09818181818181818,0.7297297297297297
0.09854014598540146,0.7297297297297297
0.0989010989010989,0.7297297297297297
0.09926470588235294,0.7297297297297297
0.0996309963099631,0.7297297297297297
0.1,0.7297297297297297
0.10037174721189591,0.7297297297297297
0.10074626865671642,0.7297297297297297
0.10112359550561797,0.7297297297297297
0.10150375939849623,0.7297297297297297
0.1018867924528302,0.7297297297297297
0.10227272727272728,0.7297297297297297
0.10266159695817491,0.7297297297297297
0.10305343511450382,0.7297297297297297
0.10344827586206896,0.7297297297297297
0.10384615384615385,0.7297297297297297
0.10424710424710425,0.7297297297297297
0.10465116279069768,0.7297297297297297
0.10505836575875487,0.7297297297297297
0.10546875,0.7297297297297297
0.10588235294117647,0.7297297297297297
0.1062992125984252,0.7297297297297297
0.1067193675889328,0.7297297297297297
0.10714285714285714,0.7297297297297297
0.10756972111553785,0.7297297297297297
0.108,0.7297297297297297
0.10843373493975904,0.7297297297297297
0.10887096774193548,0.7297297297297297
0.10931174089068826,0.7297297297297297
0.10975609756097561,0.7297297297297297
0.11020408163265306,0.7297297297297297
0.11065573770491803,0.7297297297297297
0.1111111111111111,0.7297297297297297
0.1115702479338843,0.7297297297297297
0.11203319502074689,0.7297297297297297
0.1125,0.7297297297297297
0.11297071129707113,0.7297297297297297
0.1134453781512605,0.7297297297297297
0.11392405063291139,0.7297297297297297
0.11440677966101695,0.7297297297297297
0.1148936170212766,0.7297297297297297
0.11538461538461539,0.7297297297297297
0.11587982832618025,0.7297297297297297
0.11637931034482758,0.7297297297297297
0.11688311688311688,0.7297297297297297
0.11739130434782609,0.7297297297297297
0.11790393013100436,0.7297297297297297
0.11842105263157894,0.7297297297297297
0.11894273127753303,0.7297297297297297
0.11946902654867257,0.7297297297297297
0.12,0.7297297297297297
0.12053571428571429,0.7297297297297297
0.1210762331838565,0.7297297297297297
0.12162162162162163,0.7297297297297297
0.12217194570135746,0.7297297297297297
0.12272727272727273,0.7297297297297297
0.1232876712328767,0.7297297297297297
0.12385321100917432,0.7297297297297297
0.12442396313364056,0.7297297297297297
0.125,0.7297297297297297
0.12558139534883722,0.7297297297297297
0.1261682242990654,0.7297297297297297
0.1267605633802817,0.7297297297297297
0.12735849056603774,0.7297297297297297
0.12796208530805686,0.7297297297297297
0.12857142857142856,0.7297297297297297
0.1291866028708134,0.7297297297297297
0.12980769230769232,0.7297297297297297
0.13043478260869565,0.7297297297297297
0.13106796116504854,0.7297297297297297
0.13170731707317074,0.7297297297297297
0.1323529411764706,0.7297297297297297
0.1330049261083744,0.7297297297297297
0.13366336633663367,0.7297297297297297
0.13432835820895522,0.7297297297297297
0.135,0.7297297297297297
0.135678391959799,0.7297297297297297
0.13636363636363635,0.7297297297297297
0.13705583756345177,0.7297297297297297
0.1377551020408163,0.7297297297297297
0.13846153846153847,0.7297297297297297
0.13917525773195877,0.7297297297297297
0.13989637305699482,0.7297297297297297
0.140625,0.7297297297297297
0.14136125654450263,0.7297297297297297
0.14210526315789473,0.7297297297297297
0.14285714285714285,0.7297297297297297
0.14361702127659576,0.7297297297297297
0.1443850267379679,0.7297297297297297
0.14516129032258066,0.7297297297297297
0.14594594594594595,0.7297297297297297
0.14673913043478262,0.7297297297297297
0.14754098360655737,0.7297297297297297
0.14835164835164835,0.7297297297297297
0.143646408839779,0.7027027027027027
0.14444444444444443,0.7027027027027027
0.1452513966480447,0.7027027027027027
0.14606741573033707,0.7027027027027027
0.14689265536723164,0.7027027027027027
0.14772727272727273,0.7027027027027027
0.14857142857142858,0.7027027027027027
0.14942528735632185,0.7027027027027027
0.15028901734104047,0.7027027027027027
0.1511627906976744,0.7027027027027027
0.15204678362573099,0.7027027027027027
0.15294117647058825,0.7027027027027027
0.15384615384615385,0.7027027027027027
0.15476190476190477,0.7027027027027027
0.15568862275449102,0.7027027027027027
0.1566265060240964,0.7027027027027027
0.15757575757575756,0.7027027027027027
0.15853658536585366,0.7027027027027027
0.15950920245398773,0.7027027027027027
0.16049382716049382,0.7027027027027027
0.16149068322981366,0.7027027027027027
0.1625,0.7027027027027027
0.16352201257861634,0.7027027027027027
0.16455696202531644,0.7027027027027027
0.16560509554140126,0.7027027027027027
0.16666666666666666,0.7027027027027027
0.16129032258064516,0.6756756756756757
0.16233766233766234,0.6756756756756757
0.16339869281045752,0.6756756756756757
0.16447368421052633,0.6756756756756757
0.16556291390728478,0.6756756756756757
0.16666666666666666,0.6756756756756757
0.16778523489932887,0.6756756756756757
0.16891891891891891,0.6756756756756757
0.17006802721088435,0.6756756756756757
0.17123287671232876,0.6756756756756757
0.1724137931034483,0.6756756756756757
0.1736111111111111,0.6756756756756757
0.17482517482517482,0.6756756756756757
0.176056338028169,0.6756756756756757
0.1773049645390071,0.6756756756756757
0.17857142857142858,0.6756756756756757
0.17985611510791366,0.6756756756756757
0.18115942028985507,0.6756756756756757
0.18248175182481752,0.6756756756756757
0.18382352941176472,0.6756756756756757
0.18518518518518517,0.6756756756756757
0.1865671641791045,0.6756756756756757
0.18796992481203006,0.6756756756756757
0.1893939393939394,0.6756756756756757
0.19083969465648856,0.6756756756756757
0.19230769230769232,0.6756756756756757
0.1937984496124031,0.6756756756756757
0.1953125,0.6756756756756757
0.1968503937007874,0.6756756756756757
0.19047619047619047,0.6486486486486487
0.192,0.6486486486486487
0.1935483870967742,0.6486486486486487
0.1951219512195122,0.6486486486486487
0.19672131147540983,0.6486486486486487
0.19834710743801653,0.6486486486486487
0.2,0.6486486486486487
0.20168067226890757,0.6486486486486487
0.2033898305084746,0.6486486486486487
0.20512820512820512,0.6486486486486487
0.20689655172413793,0.6486486486486487
0.20869565217391303,0.6486486486486487
0.21052631578947367,0.6486486486486487
0.21238938053097345,0.6486486486486487
0.21428571428571427,0.6486486486486487
0.21621621621621623,0.6486486486486487
0.21818181818181817,0.6486486486486487
0.21100917431192662,0.6216216216216216
0.21296296296296297,0.6216216216216216
0.21495327102803738,0.6216216216216216
0.2169811320754717,0.6216216216216216
0.21904761904761905,0.6216216216216216
0.22115384615384615,0.6216216216216216
0.22330097087378642,0.6216216216216216
0.22549019607843138,0.6216216216216216
0.22772277227722773,0.6216216216216216
0.23,0.6216216216216216
0.23232323232323232,0.6216216216216216
0.23469387755102042,0.6216216216216216
0.23711340206185566,0.6216216216216216
0.23958333333333334,0.6216216216216216
0.24210526315789474,0.6216216216216216
0.24468085106382978,0.6216216216216216
0.24731182795698925,0.6216216216216216
0.25,0.6216216216216216
0.25274725274725274,0.6216216216216216
0.25555555555555554,0.6216216216216216
0.24719101123595505,0.5945945945945946
0.25,0.5945945945945946
0.25287356321839083,0.5945945945945946
0.2558139534883721,0.5945945945945946
0.25882352941176473,0.5945945945945946
0.2619047619047619,0.5945945945945946
0.26506024096385544,0.5945945945945946
0.2682926829268293,0.5945945945945946
0.2716049382716049,0.5945945945945946
0.275,0.5945945945945946
0.27848101265822783,0.5945945945945946
0.28205128205128205,0.5945945945945946
0.2857142857142857,0.5945945945945946
0.27631578947368424,0.5675675675675675
0.28,0.5675675675675675
0.28378378378378377,0.5675675675675675
0.2876712328767123,0.5675675675675675
0.2916666666666667,0.5675675675675675
0.29577464788732394,0.5675675675675675
0.3,0.5675675675675675
0.30434782608695654,0.5675675675675675
0.3088235294117647,0.5675675675675675
0.31343283582089554,0.5675675675675675
0.3181818181818182,0.5675675675675675
0.3230769230769231,0.5675675675675675
0.328125,0.5675675675675675
0.3333333333333333,0.5675675675675675
0.3387096774193548,0.5675675675675675
0.3442622950819672,0.5675675675675675
0.35,0.5675675675675675
0.3559322033898305,0.5675675675675675
0.3620689655172414,0.5675675675675675
0.3684210526315789,0.5675675675675675
0.375,0.5675675675675675
0.36363636363636365,0.5405405405405406
0.37037037037037035,0.5405405405405406
0.37735849056603776,0.5405405405405406
0.38461538461538464,0.5405405405405406
0.39215686274509803,0.5405405405405406
0.4,0.5405405405405406
0.40816326530612246,0.5405405405405406
0.4166666666666667,0.5405405405405406
0.425531914893617,0.5405405405405406
0.43478260869565216,0.5405405405405406
0.4444444444444444,0.5405405405405406
0.45454545454545453,0.5405405405405406
0.46511627906976744,0.5405405405405406
0.47619047619047616,0.5405405405405406
0.4878048780487805,0.5405405405405406
0.5,0.5405405405405406
0.48717948717948717,0.5135135135135135
0.5,0.5135135135135135
0.5135135135135135,0.5135135135135135
0.5277777777777778,0.5135135135135135
0.5428571428571428,0.5135135135135135
0.5588235294117647,0.5135135135135135
0.5757575757575758,0.5135135135135135
0.59375,0.5135135135135135
0.5806451612903226,0.4864864864864865
0.6,0.4864864864864865
0.6206896551724138,0.4864864864864865
0.6428571428571429,0.4864864864864865
0.6666666666666666,0.4864864864864865
0.6538461538461539,0.4594594594594595
0.64,0.43243243243243246
0.6666666666666666,0.43243243243243246
0.6956521739130435,0.43243243243243246
0.6818181818181818,0.40540540540540543
0.6666666666666666,0.3783783783783784
0.7,0.3783783783783784
0.6842105263157895,0.35135135135135137
0.7222222222222222,0.35135135135135137
0.7058823529411765,0.32432432432432434
0.75,0.32432432432432434
0.8,0.32432432432432434
0.7857142857142857,0.2972972972972973
0.7692307692307693,0.2702702702702703
0.75,0.24324324324324326
0.7272727272727273,0.21621621621621623
0.7,0.1891891891891892
0.7777777777777778,0.1891891891891892
0.75,0.16216216216216217
0.7142857142857143,0.13513513513513514
0.6666666666666666,0.10810810810810811
0.8,0.10810810810810811
0.75,0.08108108108108109
0.6666666666666666,0.05405405405405406
0.5,0.02702702702702703
1.0,0.02702702702702703
1.0,0.0
