Precision,Recall
0.01676483914816493,1.0
0.018853102906520033,0.6486486486486487
0.018867924528301886,0.6486486486486487
0.01888276947285602,0.6486486486486487
0.01889763779527559,0.6486486486486487
0.018912529550827423,0.6486486486486487
0.01892744479495268,0.6486486486486487
0.018942383583267563,0.6486486486486487
0.018957345971563982,0.6486486486486487
0.018972332015810278,0.6486486486486487
0.0189873417721519,0.6486486486486487
0.019002375296912115,0.6486486486486487
0.01901743264659271,0.6486486486486487
0.0190325138778747,0.6486486486486487
0.01904761904761905,0.6486486486486487
0.019062748212867357,0.6486486486486487
0.019077901430842606,0.6486486486486487
0.01909307875894988,0.6486486486486487
0.01910828025477707,0.6486486486486487
0.019123505976095617,0.6486486486486487
0.019138755980861243,0.6486486486486487
0.019154030327214685,0.6486486486486487
0.019169329073482427,0.6486486486486487
0.019184652278177457,0.6486486486486487
0.0192,0.6486486486486487
0.01921537229783827,0.6486486486486487
0.019230769230769232,0.6486486486486487
0.019246190858059342,0.6486486486486487
0.019261637239165328,0.6486486486486487
0.01927710843373494,0.6486486486486487
0.01929260450160772,0.6486486486486487
0.019308125502815767,0.6486486486486487
0.01932367149758454,0.6486486486486487
0.019339242546333603,0.6486486486486487
0.01935483870967742,0.6486486486486487
0.01937046004842615,0.6486486486486487
0.01938610662358643,0.6486486486486487
0.019401778496362168,0.6486486486486487
0.019417475728155338,0.6486486486486487
0.019433198380566803,0.6486486486486487
0.019448946515397084,0.6486486486486487
0.019464720194647202,0.6486486486486487
0.01948051948051948,0.6486486486486487
0.01949634443541836,0.6486486486486487
0.01951219512195122,0.6486486486486487
0.01952807160292921,0.6486486486486487
0.019543973941368076,0.6486486486486487
0.019559902200488997,0.6486486486486487
0.01957585644371941,0.6486486486486487
0.019591836734693877,0.6486486486486487
0.0196078431372549,0.6486486486486487
0.019623875715453803,0.6486486486486487
0.019639934533551555,0.6486486486486487
0.019656019656019656,0.6486486486486487
0.019672131147540985,0.6486486486486487
0.019688269073010665,0.6486486486486487
0.019704433497536946,0.6486486486486487
0.01972062448644207,0.6486486486486487
0.019736842105263157,0.6486486486486487
0.019753086419753086,0.6486486486486487
0.019769357495881382,0.6486486486486487
0.018961253091508656,0.6216216216216216
0.018976897689768978,0.6216216216216216
0.018992568125516102,0.6216216216216216
0.019008264462809916,0.6216216216216216
0.01902398676592225,0.6216216216216216
0.01903973509933775,0.6216216216216216
0.019055509527754765,0.6216216216216216
0.019071310116086235,0.6216216216216216
0.019087136929460582,0.6216216216216216
0.01910299003322259,0.6216216216216216
0.019118869492934332,0.6216216216216216
0.01913477537437604,0.6216216216216216
0.019150707743547043,0.6216216216216216
0.019166666666666665,0.6216216216216216
0.019182652210175146,0.6216216216216216
0.019198664440734557,0.6216216216216216
0.01921470342522974,0.6216216216216216
0.019230769230769232,0.6216216216216216
0.019246861924686193,0.6216216216216216
0.019262981574539362,0.6216216216216216
0.019279128248113998,0.6216216216216216
0.01929530201342282,0.6216216216216216
0.019311502938706968,0.6216216216216216
0.019327731092436976,0.6216216216216216
0.01934398654331371,0.6216216216216216
0.01936026936026936,0.6216216216216216
0.019376579612468407,0.6216216216216216
0.0193929173693086,0.6216216216216216
0.019409282700421943,0.6216216216216216
0.019425675675675675,0.6216216216216216
0.01944209636517329,0.6216216216216216
0.0194585448392555,0.6216216216216216
0.01947502116850127,0.6216216216216216
0.019491525423728815,0.6216216216216216
0.019508057675996608,0.6216216216216216
0.019524617996604415,0.6216216216216216
0.01954120645709431,0.6216216216216216
0.0195578231292517,0.6216216216216216
0.01957446808510638,0.6216216216216216
0.019591141396933562,0.6216216216216216
0.0196078431372549,0.6216216216216216
0.01962457337883959,0.6216216216216216
0.01964133219470538,0.6216216216216216
0.019658119658119658,0.6216216216216216
0.019674935842600515,0.6216216216216216
0.019691780821917807,0.6216216216216216
0.01970865467009426,0.6216216216216216
0.01972555746140652,0.6216216216216216
0.019742489270386267,0.6216216216216216
0.019759450171821305,0.6216216216216216
0.019776440240756664,0.6216216216216216
0.019793459552495698,0.6216216216216216
0.019810508182601206,0.6216216216216216
0.019827586206896553,0.6216216216216216
0.01984469370146678,0.6216216216216216
0.019861830742659757,0.6216216216216216
0.019878997407087293,0.6216216216216216
0.019896193771626297,0.6216216216216216
0.019913419913419914,0.6216216216216216
0.01993067590987868,0.6216216216216216
0.0199479618386817,0.6216216216216216
0.019965277777777776,0.6216216216216216
0.01998262380538662,0.6216216216216216
0.02,0.6216216216216216
0.020017406440382943,0.6216216216216216
0.02003484320557491,0.6216216216216216
0.02005231037489102,0.6216216216216216
0.02006980802792321,0.6216216216216216
0.01921397379912664,0.5945945945945946
0.019230769230769232,0.5945945945945946
0.019247594050743656,0.5945945945945946
0.01926444833625219,0.5945945945945946
0.019281332164767746,0.5945945945945946
0.01929824561403509,0.5945945945945946
0.019315188762071993,0.5945945945945946
0.019332161687170474,0.5945945945945946
0.019349164467897976,0.5945945945945946
0.01936619718309859,0.5945945945945946
0.019383259911894272,0.5945945945945946
0.019400352733686066,0.5945945945945946
0.019417475728155338,0.5945945945945946
0.019434628975265017,0.5945945945945946
0.019451812555260833,0.5945945945945946
0.019469026548672566,0.5945945945945946
0.01948627103631532,0.5945945945945946
0.01950354609929078,0.5945945945945946
0.019520851818988466,0.5945945945945946
0.019538188277087035,0.5945945945945946
0.019555555555555555,0.5945945945945946
0.019572953736654804,0.5945945945945946
0.019590382902938557,0.5945945945945946
0.0196078431372549,0.5945945945945946
0.019625334522747548,0.5945945945945946
0.019642857142857142,0.5945945945945946
0.01966041108132261,0.5945945945945946
0.01967799642218247,0.5945945945945946
0.019695613249776187,0.5945945945945946
0.01971326164874552,0.5945945945945946
0.019730941704035873,0.5945945945945946
0.019748653500897665,0.5945945945945946
0.019766397124887692,0.5945945945945946
0.019784172661870502,0.5945945945945946
0.019801980198019802,0.5945945945945946
0.01981981981981982,0.5945945945945946
0.019837691614066726,0.5945945945945946
0.019855595667870037,0.5945945945945946
0.01987353206865402,0.5945945945945946
0.019891500904159132,0.5945945945945946
0.019909502262443438,0.5945945945945946
0.019927536231884056,0.5945945945945946
0.019945602901178604,0.5945945945945946
0.019963702359346643,0.5945945945945946
0.019981834695731154,0.5945945945945946
0.02,0.5945945945945946
0.020018198362147407,0.5945945945945946
0.020036429872495445,0.5945945945945946
0.020054694621695533,0.5945945945945946
0.020072992700729927,0.5945945945945946
0.02009132420091324,0.5945945945945946
0.02010968921389397,0.5945945945945946
0.020128087831655993,0.5945945945945946
0.020146520146520148,0.5945945945945946
0.02016498625114574,0.5945945945945946
0.02018348623853211,0.5945945945945946
0.020202020202020204,0.5945945945945946
0.02022058823529412,0.5945945945945946
0.020239190432382703,0.5945945945945946
0.020257826887661142,0.5945945945945946
0.020276497695852536,0.5945945945945946
0.02029520295202952,0.5945945945945946
0.020313942751615882,0.5945945945945946
0.02033271719038817,0.5945945945945946
0.020351526364477335,0.5945945945945946
0.019444444444444445,0.5675675675675675
0.019462465245597776,0.5675675675675675
0.01948051948051948,0.5675675675675675
0.019498607242339833,0.5675675675675675
0.019516728624535316,0.5675675675675675
0.01953488372093023,0.5675675675675675
0.019553072625698324,0.5675675675675675
0.0195712954333644,0.5675675675675675
0.01958955223880597,0.5675675675675675
0.0196078431372549,0.5675675675675675
0.019626168224299065,0.5675675675675675
0.019644527595884004,0.5675675675675675
0.019662921348314606,0.5675675675675675
0.019681349578256794,0.5675675675675675
0.019699812382739212,0.5675675675675675
0.01971830985915493,0.5675675675675675
0.019736842105263157,0.5675675675675675
0.01975540921919097,0.5675675675675675
0.01977401129943503,0.5675675675675675
0.019792648444863337,0.5675675675675675
0.01981132075471698,0.5675675675675675
0.019830028328611898,0.5675675675675675
0.01984877126654064,0.5675675675675675
0.019867549668874173,0.5675675675675675
0.019886363636363636,0.5675675675675675
0.01990521327014218,0.5675675675675675
0.019924098671726755,0.5675675675675675
0.019943019943019943,0.5675675675675675
0.019961977186311788,0.5675675675675675
0.019980970504281638,0.5675675675675675
0.02,0.5675675675675675
0.02001906577693041,0.5675675675675675
0.020038167938931296,0.5675675675675675
0.02005730659025788,0.5675675675675675
0.020076481835564052,0.5675675675675675
0.020095693779904306,0.5675675675675675
0.020114942528735632,0.5675675675675675
0.020134228187919462,0.5675675675675675
0.02015355086372361,0.5675675675675675
0.020172910662824207,0.5675675675675675
0.020192307692307693,0.5675675675675675
0.02021174205967276,0.5675675675675675
0.02023121387283237,0.5675675675675675
0.020250723240115717,0.5675675675675675
0.02027027027027027,0.5675675675675675
0.020289855072463767,0.5675675675675675
0.020309477756286266,0.5675675675675675
0.02032913843175218,0.5675675675675675
0.020348837209302327,0.5675675675675675
0.020368574199806012,0.5675675675675675
0.020388349514563107,0.5675675675675675
0.02040816326530612,0.5675675675675675
0.020428015564202335,0.5675675675675675
0.02044790652385589,0.5675675675675675
0.02046783625730994,0.5675675675675675
0.02048780487804878,0.5675675675675675
0.0205078125,0.5675675675675675
0.020527859237536656,0.5675675675675675
0.02054794520547945,0.5675675675675675
0.02056807051909892,0.5675675675675675
0.020588235294117647,0.5675675675675675
0.020608439646712464,0.5675675675675675
0.0206286836935167,0.5675675675675675
0.02064896755162242,0.5675675675675675
0.02066929133858268,0.5675675675675675
0.020689655172413793,0.5675675675675675
0.020710059171597635,0.5675675675675675
0.02073050345508391,0.5675675675675675
0.020750988142292492,0.5675675675675675
0.020771513353115726,0.5675675675675675
0.020792079207920793,0.5675675675675675
0.02081268582755203,0.5675675675675675
0.020833333333333332,0.5675675675675675
0.020854021847070508,0.5675675675675675
0.020874751491053677,0.5675675675675675
0.020895522388059702,0.5675675675675675
0.02091633466135458,0.5675675675675675
0.020937188434695914,0.5675675675675675
0.020958083832335328,0.5675675675675675
0.02097902097902098,0.5675675675675675
0.021,0.5675675675675675
0.021021021021021023,0.5675675675675675
0.021042084168336674,0.5675675675675675
0.02106318956870612,0.5675675675675675
0.02108433734939759,0.5675675675675675
0.021105527638190954,0.5675675675675675
0.02112676056338028,0.5675675675675675
0.021148036253776436,0.5675675675675675
0.021169354838709676,0.5675675675675675
0.02119071644803229,0.5675675675675675
0.021212121212121213,0.5675675675675675
0.021233569261880688,0.5675675675675675
0.02125506072874494,0.5675675675675675
0.02127659574468085,0.5675675675675675
0.02129817444219067,0.5675675675675675
0.02131979695431472,0.5675675675675675
0.021341463414634148,0.5675675675675675
0.021363173957273652,0.5675675675675675
0.021384928716904276,0.5675675675675675
0.021406727828746176,0.5675675675675675
0.02142857142857143,0.5675675675675675
0.021450459652706845,0.5675675675675675
0.02147239263803681,0.5675675675675675
0.021494370522006142,0.5675675675675675
0.02151639344262295,0.5675675675675675
0.021538461538461538,0.5675675675675675
0.021560574948665298,0.5675675675675675
0.02158273381294964,0.5675675675675675
0.021604938271604937,0.5675675675675675
0.021627188465499485,0.5675675675675675
0.021649484536082474,0.5675675675675675
0.021671826625386997,0.5675675675675675
0.02169421487603306,0.5675675675675675
0.02171664943123061,0.5675675675675675
0.021739130434782608,0.5675675675675675
0.021761658031088083,0.5675675675675675
0.021784232365145227,0.5675675675675675
0.021806853582554516,0.5675675675675675
0.02182952182952183,0.5675675675675675
0.021852237252861603,0.5675675675675675
0.021875,0.5675675675675675
0.021897810218978103,0.5675675675675675
0.021920668058455117,0.5675675675675675
0.0219435736677116,0.5675675675675675
0.021966527196652718,0.5675675675675675
0.02198952879581152,0.5675675675675675
0.0220125786163522,0.5675675675675675
0.022035676810073453,0.5675675675675675
0.022058823529411766,0.5675675675675675
0.022082018927444796,0.5675675675675675
0.022105263157894735,0.5675675675675675
0.022128556375131718,0.5675675675675675
0.022151898734177215,0.5675675675675675
0.022175290390707498,0.5675675675675675
0.022198731501057084,0.5675675675675675
0.022222222222222223,0.5675675675675675
0.022245762711864406,0.5675675675675675
0.022269353128313893,0.5675675675675675
0.022292993630573247,0.5675675675675675
0.022316684378320937,0.5675675675675675
0.022340425531914895,0.5675675675675675
0.022364217252396165,0.5675675675675675
0.022388059701492536,0.5675675675675675
0.022411953041622197,0.5675675675675675
0.022435897435897436,0.5675675675675675
0.022459893048128343,0.5675675675675675
0.022483940042826552,0.5675675675675675
0.022508038585209004,0.5675675675675675
0.022532188841201718,0.5675675675675675
0.022556390977443608,0.5675675675675675
0.02258064516129032,0.5675675675675675
0.022604951560818085,0.5675675675675675
0.022629310344827586,0.5675675675675675
0.022653721682847898,0.5675675675675675
0.02267818574514039,0.5675675675675675
0.022702702702702703,0.5675675675675675
0.022727272727272728,0.5675675675675675
0.02275189599133261,0.5675675675675675
0.0227765726681128,0.5675675675675675
0.02280130293159609,0.5675675675675675
0.02282608695652174,0.5675675675675675
0.022850924918389554,0.5675675675675675
0.02287581699346405,0.5675675675675675
0.022900763358778626,0.5675675675675675
0.02292576419213974,0.5675675675675675
0.022950819672131147,0.5675675675675675
0.022975929978118162,0.5675675675675675
0.023001095290251915,0.5675675675675675
0.023026315789473683,0.5675675675675675
0.02305159165751921,0.5675675675675675
0.023076923076923078,0.5675675675675675
0.0231023102310231,0.5675675675675675
0.023127753303964757,0.5675675675675675
0.023153252480705624,0.5675675675675675
0.023178807947019868,0.5675675675675675
0.023204419889502764,0.5675675675675675
0.023230088495575223,0.5675675675675675
0.023255813953488372,0.5675675675675675
0.02328159645232816,0.5675675675675675
0.023307436182019976,0.5675675675675675
0.023333333333333334,0.5675675675675675
0.02335928809788654,0.5675675675675675
0.02338530066815145,0.5675675675675675
0.023411371237458192,0.5675675675675675
0.0234375,0.5675675675675675
0.02346368715083799,0.5675675675675675
0.02348993288590604,0.5675675675675675
0.023516237402015677,0.5675675675675675
0.023542600896860985,0.5675675675675675
0.02356902356902357,0.5675675675675675
0.02359550561797753,0.5675675675675675
0.023622047244094488,0.5675675675675675
0.02364864864864865,0.5675675675675675
0.02367531003382187,0.5675675675675675
0.023702031602708805,0.5675675675675675
0.023728813559322035,0.5675675675675675
0.023755656108597284,0.5675675675675675
0.02378255945639864,0.5675675675675675
0.023809523809523808,0.5675675675675675
0.02383654937570942,0.5675675675675675
0.023863636363636365,0.5675675675675675
0.023890784982935155,0.5675675675675675
0.023917995444191344,0.5675675675675675
0.02394526795895097,0.5675675675675675
0.023972602739726026,0.5675675675675675
0.024,0.5675675675675675
0.02402745995423341,0.5675675675675675
0.024054982817869417,0.5675675675675675
0.02408256880733945,0.5675675675675675
0.024110218140068886,0.5675675675675675
0.02413793103448276,0.5675675675675675
0.024165707710011506,0.5675675675675675
0.024193548387096774,0.5675675675675675
0.02422145328719723,0.5675675675675675
0.02424942263279446,0.5675675675675675
0.024277456647398842,0.5675675675675675
0.024305555555555556,0.5675675675675675
0.02433371958285052,0.5675675675675675
0.024361948955916472,0.5675675675675675
0.024390243902439025,0.5675675675675675
0.02441860465116279,0.5675675675675675
0.024447031431897557,0.5675675675675675
0.024475524475524476,0.5675675675675675
0.024504084014002333,0.5675675675675675
0.02453271028037383,0.5675675675675675
0.02456140350877193,0.5675675675675675
0.02459016393442623,0.5675675675675675
0.0246189917936694,0.5675675675675675
0.02464788732394366,0.5675675675675675
0.024676850763807285,0.5675675675675675
0.024705882352941175,0.5675675675675675
0.024734982332155476,0.5675675675675675
0.024764150943396228,0.5675675675675675
0.024793388429752067,0.5675675675675675
0.024822695035460994,0.5675675675675675
0.02485207100591716,0.5675675675675675
0.024881516587677725,0.5675675675675675
0.02491103202846975,0.5675675675675675
0.02494061757719715,0.5675675675675675
0.02497027348394768,0.5675675675675675
0.025,0.5675675675675675
0.025029797377830752,0.5675675675675675
0.025059665871121718,0.5675675675675675
0.025089605734767026,0.5675675675675675
0.025119617224880382,0.5675675675675675
0.025149700598802394,0.5675675675675675
0.025179856115107913,0.5675675675675675
0.025210084033613446,0.5675675675675675
0.025240384615384616,0.5675675675675675
0.02527075812274368,0.5675675675675675
0.02530120481927711,0.5675675675675675
0.025331724969843185,0.5675675675675675
0.025362318840579712,0.5675675675675675
0.02539298669891173,0.5675675675675675
0.025423728813559324,0.5675675675675675
0.025454545454545455,0.5675675675675675
0.025485436893203883,0.5675675675675675
0.02551640340218712,0.5675675675675675
0.025547445255474453,0.5675675675675675
0.025578562728380026,0.5675675675675675
0.025609756097560974,0.5675675675675675
0.02564102564102564,0.5675675675675675
0.02567237163814181,0.5675675675675675
0.025703794369645042,0.5675675675675675
0.025735294117647058,0.5675675675675675
0.025766871165644172,0.5675675675675675
0.025798525798525797,0.5675675675675675
0.025830258302583026,0.5675675675675675
0.02586206896551724,0.5675675675675675
0.025893958076448828,0.5675675675675675
0.025925925925925925,0.5675675675675675
0.02595797280593325,0.5675675675675675
0.02599009900990099,0.5675675675675675
0.026022304832713755,0.5675675675675675
0.026054590570719603,0.5675675675675675
0.02608695652173913,0.5675675675675675
0.026119402985074626,0.5675675675675675
0.026151930261519303,0.5675675675675675
0.026184538653366583,0.5675675675675675
0.026217228464419477,0.5675675675675675
0.02625,0.5675675675675675
0.026282853566958697,0.5675675675675675
0.02631578947368421,0.5675675675675675
0.026348808030112924,0.5675675675675675
0.026381909547738693,0.5675675675675675
0.026415094339622643,0.5675675675675675
0.02644836272040302,0.5675675675675675
0.02648171500630517,0.5675675675675675
0.026515151515151516,0.5675675675675675
0.02654867256637168,0.5675675675675675
0.026582278481012658,0.5675675675675675
0.026615969581749048,0.5675675675675675
0.0266497461928934,0.5675675675675675
0.026683608640406607,0.5675675675675675
0.026717557251908396,0.5675675675675675
0.0267515923566879,0.5675675675675675
0.026785714285714284,0.5675675675675675
0.02681992337164751,0.5675675675675675
0.026854219948849106,0.5675675675675675
0.026888604353393086,0.5675675675675675
0.026923076923076925,0.5675675675675675
0.026957637997432605,0.5675675675675675
0.02699228791773779,0.5675675675675675
0.02702702702702703,0.5675675675675675
0.027061855670103094,0.5675675675675675
0.027096774193548386,0.5675675675675675
0.027131782945736434,0.5675675675675675
0.027166882276843468,0.5675675675675675
0.027202072538860103,0.5675675675675675
0.027237354085603113,0.5675675675675675
0.02727272727272727,0.5675675675675675
0.027308192457737322,0.5675675675675675
0.02734375,0.5675675675675675
0.027379400260756193,0.5675675675675675
0.02741514360313316,0.5675675675675675
0.027450980392156862,0.5675675675675675
0.0274869109947644,0.5675675675675675
0.027522935779816515,0.5675675675675675
0.027559055118110236,0.5675675675675675
0.02759526938239159,0.5675675675675675
0.02763157894736842,0.5675675675675675
0.02766798418972332,0.5675675675675675
0.027704485488126648,0.5675675675675675
0.02774108322324967,0.5675675675675675
0.026455026455026454,0.5405405405405406
0.026490066225165563,0.5405405405405406
0.026525198938992044,0.5405405405405406
0.02656042496679947,0.5405405405405406
0.026595744680851064,0.5405405405405406
0.02663115845539281,0.5405405405405406
0.02666666666666667,0.5405405405405406
0.0267022696929239,0.5405405405405406
0.026737967914438502,0.5405405405405406
0.02677376171352075,0.5405405405405406
0.02546916890080429,0.5135135135135135
0.025503355704697986,0.5135135135135135
0.025537634408602152,0.5135135135135135
0.02557200538358008,0.5135135135135135
0.025606469002695417,0.5135135135135135
0.02564102564102564,0.5135135135135135
0.025675675675675677,0.5135135135135135
0.02571041948579161,0.5135135135135135
0.025745257452574527,0.5135135135135135
0.025780189959294438,0.5135135135135135
0.025815217391304348,0.5135135135135135
0.02585034013605442,0.5135135135135135
0.025885558583106268,0.5135135135135135
0.02592087312414734,0.5135135135135135
0.025956284153005466,0.5135135135135135
0.025991792065663474,0.5135135135135135
0.026027397260273973,0.5135135135135135
0.02606310013717421,0.5135135135135135
0.0260989010989011,0.5135135135135135
0.026134800550206328,0.5135135135135135
0.026170798898071626,0.5135135135135135
0.02620689655172414,0.5135135135135135
0.026243093922651933,0.5135135135135135
0.02627939142461964,0.5135135135135135
0.02631578947368421,0.5135135135135135
0.026352288488210817,0.5135135135135135
0.02638888888888889,0.5135135135135135
0.02642559109874826,0.5135135135135135
0.026462395543175487,0.5135135135135135
0.026499302649930265,0.5135135135135135
0.02653631284916201,0.5135135135135135
0.026573426573426574,0.5135135135135135
0.02661064425770308,0.5135135135135135
0.02664796633941094,0.5135135135135135
0.026685393258426966,0.5135135135135135
0.026722925457102673,0.5135135135135135
0.02676056338028169,0.5135135135135135
0.02679830747531735,0.5135135135135135
0.026836158192090395,0.5135135135135135
0.026874115983026876,0.5135135135135135
0.026912181303116147,0.5135135135135135
0.02695035460992908,0.5135135135135135
0.026988636363636364,0.5135135135135135
0.02702702702702703,0.5135135135135135
0.027065527065527065,0.5135135135135135
0.02710413694721826,0.5135135135135135
0.027142857142857142,0.5135135135135135
0.027181688125894134,0.5135135135135135
0.027220630372492838,0.5135135135135135
0.027259684361549498,0.5135135135135135
0.027298850574712645,0.5135135135135135
0.027338129496402876,0.5135135135135135
0.027377521613832854,0.5135135135135135
0.027417027417027416,0.5135135135135135
0.02745664739884393,0.5135135135135135
0.027496382054992764,0.5135135135135135
0.02753623188405797,0.5135135135135135
0.027576197387518143,0.5135135135135135
0.027616279069767442,0.5135135135135135
0.027656477438136828,0.5135135135135135
0.027696793002915453,0.5135135135135135
0.027737226277372264,0.5135135135135135
0.027777777777777776,0.5135135135135135
0.027818448023426062,0.5135135135135135
0.02785923753665689,0.5135135135135135
0.027900146842878122,0.5135135135135135
0.027941176470588237,0.5135135135135135
0.027982326951399118,0.5135135135135135
0.028023598820058997,0.5135135135135135
0.028064992614475627,0.5135135135135135
0.028106508875739646,0.5135135135135135
0.028148148148148148,0.5135135135135135
0.028189910979228485,0.5135135135135135
0.02823179791976226,0.5135135135135135
0.028273809523809524,0.5135135135135135
0.028315946348733235,0.5135135135135135
0.028358208955223882,0.5135135135135135
0.028400597907324365,0.5135135135135135
0.02844311377245509,0.5135135135135135
0.02848575712143928,0.5135135135135135
0.028528528528528527,0.5135135135135135
0.02857142857142857,0.5135135135135135
0.0286144578313253,0.5135135135135135
0.02865761689291101,0.5135135135135135
0.028700906344410877,0.5135135135135135
0.028744326777609682,0.5135135135135135
0.02878787878787879,0.5135135135135135
0.028831562974203338,0.5135135135135135
0.028875379939209727,0.5135135135135135
0.0289193302891933,0.5135135135135135
0.028963414634146343,0.5135135135135135
0.02900763358778626,0.5135135135135135
0.0290519877675841,0.5135135135135135
0.02909647779479326,0.5135135135135135
0.029141104294478526,0.5135135135135135
0.029185867895545316,0.5135135135135135
0.02923076923076923,0.5135135135135135
0.029275808936825885,0.5135135135135135
0.029320987654320986,0.5135135135135135
0.02936630602782071,0.5135135135135135
0.029411764705882353,0.5135135135135135
0.02945736434108527,0.5135135135135135
0.029503105590062112,0.5135135135135135
0.029548989113530325,0.5135135135135135
0.029595015576323987,0.5135135135135135
0.029641185647425898,0.5135135135135135
0.0296875,0.5135135135135135
0.0297339593114241,0.5135135135135135
0.029780564263322883,0.5135135135135135
0.029827315541601257,0.5135135135135135
0.029874213836477988,0.5135135135135135
0.029921259842519685,0.5135135135135135
0.02996845425867508,0.5135135135135135
0.030015797788309637,0.5135135135135135
0.030063291139240507,0.5135135135135135
0.030110935023771792,0.5135135135135135
0.03015873015873016,0.5135135135135135
0.030206677265500796,0.5135135135135135
0.030254777070063694,0.5135135135135135
0.030303030303030304,0.5135135135135135
0.03035143769968051,0.5135135135135135
0.0304,0.5135135135135135
0.030448717948717948,0.5135135135135135
0.030497592295345103,0.5135135135135135
0.03054662379421222,0.5135135135135135
0.030595813204508857,0.5135135135135135
0.03064516129032258,0.5135135135135135
0.030694668820678513,0.5135135135135135
0.030744336569579287,0.5135135135135135
0.03079416531604538,0.5135135135135135
0.030844155844155844,0.5135135135135135
0.030894308943089432,0.5135135135135135
0.030944625407166124,0.5135135135135135
0.03099510603588907,0.5135135135135135
0.03104575163398693,0.5135135135135135
0.031096563011456628,0.5135135135135135
0.03114754098360656,0.5135135135135135
0.031198686371100164,0.5135135135135135
0.03125,0.5135135135135135
0.03130148270181219,0.5135135135135135
0.03135313531353135,0.5135135135135135
0.03140495867768595,0.5135135135135135
0.03145695364238411,0.5135135135135135
0.03150912106135987,0.5135135135135135
0.03156146179401993,0.5135135135135135
0.03161397670549085,0.5135135135135135
0.03166666666666667,0.5135135135135135
0.03171953255425709,0.5135135135135135
0.03177257525083612,0.5135135135135135
0.031825795644891124,0.5135135135135135
0.031879194630872486,0.5135135135135135
0.031932773109243695,0.5135135135135135
0.03198653198653199,0.5135135135135135
0.03204047217537943,0.5135135135135135
0.03209459459459459,0.5135135135135135
0.032148900169204735,0.5135135135135135
0.03220338983050847,0.5135135135135135
0.03225806451612903,0.5135135135135135
0.03231292517006803,0.5135135135135135
0.03236797274275979,0.5135135135135135
0.032423208191126277,0.5135135135135135
0.03247863247863248,0.5135135135135135
0.032534246575342464,0.5135135135135135
0.032590051457975985,0.5135135135135135
0.03264604810996564,0.5135135135135135
0.03270223752151463,0.5135135135135135
0.032758620689655175,0.5135135135135135
0.03281519861830743,0.5135135135135135
0.0328719723183391,0.5135135135135135
0.03292894280762565,0.5135135135135135
0.03298611111111111,0.5135135135135135
0.03304347826086956,0.5135135135135135
0.033101045296167246,0.5135135135135135
0.03315881326352531,0.5135135135135135
0.033216783216783216,0.5135135135135135
0.03327495621716287,0.5135135135135135
0.03333333333333333,0.5135135135135135
0.033391915641476276,0.5135135135135135
0.03345070422535211,0.5135135135135135
0.03350970017636684,0.5135135135135135
0.03356890459363958,0.5135135135135135
0.033628318584070796,0.5135135135135135
0.03368794326241135,0.5135135135135135
0.03374777975133215,0.5135135135135135
0.033807829181494664,0.5135135135135135
0.0338680926916221,0.5135135135135135
0.033928571428571426,0.5135135135135135
0.03398926654740608,0.5135135135135135
0.034050179211469536,0.5135135135135135
0.03411131059245961,0.5135135135135135
0.0341726618705036,0.5135135135135135
0.03423423423423423,0.5135135135135135
0.03429602888086643,0.5135135135135135
0.034358047016274866,0.5135135135135135
0.034420289855072464,0.5135135135135135
0.034482758620689655,0.5135135135135135
0.034545454545454546,0.5135135135135135
0.03460837887067395,0.5135135135135135
0.03467153284671533,0.5135135135135135
0.03473491773308958,0.5135135135135135
0.0347985347985348,0.5135135135135135
0.03486238532110092,0.5135135135135135
0.034926470588235295,0.5135135135135135
0.034990791896869246,0.5135135135135135
0.03505535055350553,0.5135135135135135
0.03512014787430684,0.5135135135135135
0.03518518518518519,0.5135135135135135
0.03525046382189239,0.5135135135135135
0.03531598513011153,0.5135135135135135
0.035381750465549346,0.5135135135135135
0.03544776119402985,0.5135135135135135
0.03551401869158879,0.5135135135135135
0.035580524344569285,0.5135135135135135
0.03564727954971857,0.5135135135135135
0.03571428571428571,0.5135135135135135
0.035781544256120526,0.5135135135135135
0.035849056603773584,0.5135135135135135
0.035916824196597356,0.5135135135135135
0.03598484848484849,0.5135135135135135
0.036053130929791274,0.5135135135135135
0.03612167300380228,0.5135135135135135
0.03619047619047619,0.5135135135135135
0.03625954198473282,0.5135135135135135
0.036328871892925434,0.5135135135135135
0.03639846743295019,0.5135135135135135
0.036468330134357005,0.5135135135135135
0.03653846153846154,0.5135135135135135
0.036608863198458574,0.5135135135135135
0.03667953667953668,0.5135135135135135
0.0367504835589942,0.5135135135135135
0.03682170542635659,0.5135135135135135
0.036893203883495145,0.5135135135135135
0.03696498054474708,0.5135135135135135
0.037037037037037035,0.5135135135135135
0.037109375,0.5135135135135135
0.03718199608610567,0.5135135135135135
0.03725490196078431,0.5135135135135135
0.03732809430255403,0.5135135135135135
0.03740157480314961,0.5135135135135135
0.03747534516765286,0.5135135135135135
0.037549407114624504,0.5135135135135135
0.03762376237623762,0.5135135135135135
0.037698412698412696,0.5135135135135135
0.03777335984095427,0.5135135135135135
0.037848605577689244,0.5135135135135135
0.03792415169660679,0.5135135135135135
0.038,0.5135135135135135
0.03807615230460922,0.5135135135135135
0.03815261044176707,0.5135135135135135
0.03822937625754527,0.5135135135135135
0.038306451612903226,0.5135135135135135
0.03838383838383838,0.5135135135135135
0.038461538461538464,0.5135135135135135
0.038539553752535496,0.5135135135135135
0.03861788617886179,0.5135135135135135
0.038696537678207736,0.5135135135135135
0.03877551020408163,0.5135135135135135
0.03885480572597137,0.5135135135135135
0.0389344262295082,0.5135135135135135
0.039014373716632446,0.5135135135135135
0.03909465020576132,0.5135135135135135
0.03917525773195876,0.5135135135135135
0.03925619834710744,0.5135135135135135
0.039337474120082816,0.5135135135135135
0.03941908713692946,0.5135135135135135
0.0395010395010395,0.5135135135135135
0.03958333333333333,0.5135135135135135
0.03966597077244259,0.5135135135135135
0.0397489539748954,0.5135135135135135
0.039832285115303984,0.5135135135135135
0.03991596638655462,0.5135135135135135
0.04,0.5135135135135135
0.04008438818565401,0.5135135135135135
0.040169133192389,0.5135135135135135
0.04025423728813559,0.5135135135135135
0.040339702760084924,0.5135135135135135
0.04042553191489362,0.5135135135135135
0.04051172707889126,0.5135135135135135
0.0405982905982906,0.5135135135135135
0.04068522483940043,0.5135135135135135
0.0407725321888412,0.5135135135135135
0.04086021505376344,0.5135135135135135
0.040948275862068964,0.5135135135135135
0.04103671706263499,0.5135135135135135
0.04112554112554113,0.5135135135135135
0.04121475054229935,0.5135135135135135
0.041304347826086954,0.5135135135135135
0.04139433551198257,0.5135135135135135
0.04148471615720524,0.5135135135135135
0.04157549234135667,0.5135135135135135
0.041666666666666664,0.5135135135135135
0.041758241758241756,0.5135135135135135
0.04185022026431718,0.5135135135135135
0.04194260485651214,0.5135135135135135
0.0420353982300885,0.5135135135135135
0.04212860310421286,0.5135135135135135
0.042222222222222223,0.5135135135135135
0.042316258351893093,0.5135135135135135
0.04241071428571429,0.5135135135135135
0.042505592841163314,0.5135135135135135
0.042600896860986545,0.5135135135135135
0.04269662921348315,0.5135135135135135
0.04279279279279279,0.5135135135135135
0.04288939051918736,0.5135135135135135
0.042986425339366516,0.5135135135135135
0.04308390022675737,0.5135135135135135
0.04318181818181818,0.5135135135135135
0.04328018223234624,0.5135135135135135
0.04337899543378995,0.5135135135135135
0.043478260869565216,0.5135135135135135
0.04357798165137615,0.5135135135135135
0.04367816091954023,0.5135135135135135
0.04377880184331797,0.5135135135135135
0.04387990762124711,0.5135135135135135
0.04398148148148148,0.5135135135135135
0.04408352668213457,0.5135135135135135
0.044186046511627906,0.5135135135135135
0.04428904428904429,0.5135135135135135
0.04439252336448598,0.5135135135135135
0.04449648711943794,0.5135135135135135
0.04460093896713615,0.5135135135135135
0.04470588235294118,0.5135135135135135
0.04481132075471698,0.5135135135135135
0.04491725768321513,0.5135135135135135
0.045023696682464455,0.5135135135135135
0.04513064133016627,0.5135135135135135
0.04523809523809524,0.5135135135135135
0.045346062052505964,0.5135135135135135
0.045454545454545456,0.5135135135135135
0.045563549160671464,0.5135135135135135
0.04567307692307692,0.5135135135135135
0.04578313253012048,0.5135135135135135
0.04589371980676329,0.5135135135135135
0.04600484261501211,0.5135135135135135
0.04611650485436893,0.5135135135135135
0.046228710462287104,0.5135135135135135
0.046341463414634146,0.5135135135135135
0.04645476772616137,0.5135135135135135
0.04656862745098039,0.5135135135135135
0.04668304668304668,0.5135135135135135
0.046798029556650245,0.5135135135135135
0.04691358024691358,0.5135135135135135
0.04702970297029703,0.5135135135135135
0.04714640198511166,0.5135135135135135
0.0472636815920398,0.5135135135135135
0.04738154613466334,0.5135135135135135
0.0475,0.5135135135135135
0.047619047619047616,0.5135135135135135
0.04773869346733668,0.5135135135135135
0.04785894206549118,0.5135135135135135
0.047979797979797977,0.5135135135135135
0.04810126582278481,0.5135135135135135
0.048223350253807105,0.5135135135135135
0.04834605597964377,0.5135135135135135
0.04846938775510204,0.5135135135135135
0.04859335038363171,0.5135135135135135
0.04871794871794872,0.5135135135135135
0.04884318766066838,0.5135135135135135
0.04896907216494845,0.5135135135135135
0.04909560723514212,0.5135135135135135
0.04922279792746114,0.5135135135135135
0.04935064935064935,0.5135135135135135
0.049479166666666664,0.5135135135135135
0.04960835509138381,0.5135135135135135
0.049738219895287955,0.5135135135135135
0.049868766404199474,0.5135135135135135
0.05,0.5135135135135135
0.05013192612137203,0.5135135135135135
0.05026455026455026,0.5135135135135135
0.050397877984084884,0.5135135135135135
0.05053191489361702,0.5135135135135135
0.050666666666666665,0.5135135135135135
0.05080213903743316,0.5135135135135135
0.05093833780160858,0.5135135135135135
0.051075268817204304,0.5135135135135135
0.05121293800539083,0.5135135135135135
0.051351351351351354,0.5135135135135135
0.051490514905149054,0.5135135135135135
0.051630434782608696,0.5135135135135135
0.051771117166212535,0.5135135135135135
0.05191256830601093,0.5135135135135135
0.052054794520547946,0.5135135135135135
0.0521978021978022,0.5135135135135135
0.05234159779614325,0.5135135135135135
0.052486187845303865,0.5135135135135135
0.05263157894736842,0.5135135135135135
0.05277777777777778,0.5135135135135135
0.052924791086350974,0.5135135135135135
0.05307262569832402,0.5135135135135135
0.05322128851540616,0.5135135135135135
0.05337078651685393,0.5135135135135135
0.05352112676056338,0.5135135135135135
0.05367231638418079,0.5135135135135135
0.053824362606232294,0.5135135135135135
0.05397727272727273,0.5135135135135135
0.05413105413105413,0.5135135135135135
0.054285714285714284,0.5135135135135135
0.054441260744985676,0.5135135135135135
0.05459770114942529,0.5135135135135135
0.05475504322766571,0.5135135135135135
0.05491329479768786,0.5135135135135135
0.05507246376811594,0.5135135135135135
0.055232558139534885,0.5135135135135135
0.05539358600583091,0.5135135135135135
0.05555555555555555,0.5135135135135135
0.05571847507331378,0.5135135135135135
0.05588235294117647,0.5135135135135135
0.05604719764011799,0.5135135135135135
0.05621301775147929,0.5135135135135135
0.05637982195845697,0.5135135135135135
0.05654761904761905,0.5135135135135135
0.056716417910447764,0.5135135135135135
0.05688622754491018,0.5135135135135135
0.057057057057057055,0.5135135135135135
0.0572289156626506,0.5135135135135135
0.05740181268882175,0.5135135135135135
0.05757575757575758,0.5135135135135135
0.057750759878419454,0.5135135135135135
0.057926829268292686,0.5135135135135135
0.0581039755351682,0.5135135135135135
0.05828220858895705,0.5135135135135135
0.05846153846153846,0.5135135135135135
0.05864197530864197,0.5135135135135135
0.058823529411764705,0.5135135135135135
0.059006211180124224,0.5135135135135135
0.059190031152647975,0.5135135135135135
0.059375,0.5135135135135135
0.05956112852664577,0.5135135135135135
0.059748427672955975,0.5135135135135135
0.05993690851735016,0.5135135135135135
0.060126582278481014,0.5135135135135135
0.06031746031746032,0.5135135135135135
0.06050955414012739,0.5135135135135135
0.06070287539936102,0.5135135135135135
0.060897435897435896,0.5135135135135135
0.06109324758842444,0.5135135135135135
0.06129032258064516,0.5135135135135135
0.061488673139158574,0.5135135135135135
0.06168831168831169,0.5135135135135135
0.06188925081433225,0.5135135135135135
0.06209150326797386,0.5135135135135135
0.06229508196721312,0.5135135135135135
0.0625,0.5135135135135135
0.0627062706270627,0.5135135135135135
0.06291390728476821,0.5135135135135135
0.06312292358803986,0.5135135135135135
0.06333333333333334,0.5135135135135135
0.06354515050167224,0.5135135135135135
0.06375838926174497,0.5135135135135135
0.06397306397306397,0.5135135135135135
0.06418918918918919,0.5135135135135135
0.06440677966101695,0.5135135135135135
0.06462585034013606,0.5135135135135135
0.06484641638225255,0.5135135135135135
0.06506849315068493,0.5135135135135135
0.06529209621993128,0.5135135135135135
0.06551724137931035,0.5135135135135135
0.0657439446366782,0.5135135135135135
0.06597222222222222,0.5135135135135135
0.06620209059233449,0.5135135135135135
0.06643356643356643,0.5135135135135135
0.06666666666666667,0.5135135135135135
0.06690140845070422,0.5135135135135135
0.06713780918727916,0.5135135135135135
0.0673758865248227,0.5135135135135135
0.06761565836298933,0.5135135135135135
0.06785714285714285,0.5135135135135135
0.06810035842293907,0.5135135135135135
0.0683453237410072,0.5135135135135135
0.06859205776173286,0.5135135135135135
0.06884057971014493,0.5135135135135135
0.06909090909090909,0.5135135135135135
0.06934306569343066,0.5135135135135135
0.0695970695970696,0.5135135135135135
0.06985294117647059,0.5135135135135135
0.07011070110701106,0.5135135135135135
0.07037037037037037,0.5135135135135135
0.07063197026022305,0.5135135135135135
0.0708955223880597,0.5135135135135135
0.07116104868913857,0.5135135135135135
0.07142857142857142,0.5135135135135135
0.07169811320754717,0.5135135135135135
0.07196969696969698,0.5135135135135135
0.07224334600760456,0.5135135135135135
0.07251908396946564,0.5135135135135135
0.07279693486590039,0.5135135135135135
0.07307692307692308,0.5135135135135135
0.07335907335907337,0.5135135135135135
0.07364341085271318,0.5135135135135135
0.07392996108949416,0.5135135135135135
0.07421875,0.5135135135135135
0.07450980392156863,0.5135135135135135
0.07480314960629922,0.5135135135135135
0.07509881422924901,0.5135135135135135
0.07539682539682539,0.5135135135135135
0.07569721115537849,0.5135135135135135
0.076,0.5135135135135135
0.07630522088353414,0.5135135135135135
0.07661290322580645,0.5135135135135135
0.07692307692307693,0.5135135135135135
0.07723577235772358,0.5135135135135135
0.07755102040816327,0.5135135135135135
0.0778688524590164,0.5135135135135135
0.07818930041152264,0.5135135135135135
0.07851239669421488,0.5135135135135135
0.07883817427385892,0.5135135135135135
0.07916666666666666,0.5135135135135135
0.0794979079497908,0.5135135135135135
0.07983193277310924,0.5135135135135135
0.08016877637130802,0.5135135135135135
0.08050847457627118,0.5135135135135135
0.08085106382978724,0.5135135135135135
0.0811965811965812,0.5135135135135135
0.0815450643776824,0.5135135135135135
0.08189655172413793,0.5135135135135135
0.08225108225108226,0.5135135135135135
0.08260869565217391,0.5135135135135135
0.08296943231441048,0.5135135135135135
0.08333333333333333,0.5135135135135135
0.08370044052863436,0.5135135135135135
0.084070796460177,0.5135135135135135
0.08444444444444445,0.5135135135135135
0.08482142857142858,0.5135135135135135
0.08520179372197309,0.5135135135135135
0.08558558558558559,0.5135135135135135
0.08597285067873303,0.5135135135135135
0.08636363636363636,0.5135135135135135
0.0867579908675799,0.5135135135135135
0.0871559633027523,0.5135135135135135
0.08755760368663594,0.5135135135135135
0.08796296296296297,0.5135135135135135
0.08837209302325581,0.5135135135135135
0.08878504672897196,0.5135135135135135
0.0892018779342723,0.5135135135135135
0.08962264150943396,0.5135135135135135
0.09004739336492891,0.5135135135135135
0.09047619047619047,0.5135135135135135
0.09090909090909091,0.5135135135135135
0.09134615384615384,0.5135135135135135
0.09178743961352658,0.5135135135135135
0.09223300970873786,0.5135135135135135
0.09268292682926829,0.5135135135135135
0.09313725490196079,0.5135135135135135
0.09359605911330049,0.5135135135135135
0.09405940594059406,0.5135135135135135
0.0945273631840796,0.5135135135135135
0.095,0.5135135135135135
0.09547738693467336,0.5135135135135135
0.09595959595959595,0.5135135135135135
0.09644670050761421,0.5135135135135135
0.09693877551020408,0.5135135135135135
0.09743589743589744,0.5135135135135135
0.0979381443298969,0.5135135135135135
0.09844559585492228,0.5135135135135135
0.09895833333333333,0.5135135135135135
0.09947643979057591,0.5135135135135135
0.1,0.5135135135135135
0.10052910052910052,0.5135135135135135
0.10106382978723404,0.5135135135135135
0.10160427807486631,0.5135135135135135
0.10215053763440861,0.5135135135135135
0.10270270270270271,0.5135135135135135
0.10326086956521739,0.5135135135135135
0.10382513661202186,0.5135135135135135
0.1043956043956044,0.5135135135135135
0.10497237569060773,0.5135135135135135
0.10555555555555556,0.5135135135135135
0.10614525139664804,0.5135135135135135
0.10674157303370786,0.5135135135135135
0.10734463276836158,0.5135135135135135
0.10795454545454546,0.5135135135135135
0.10857142857142857,0.5135135135135135
0.10919540229885058,0.5135135135135135
0.10982658959537572,0.5135135135135135
0.11046511627906977,0.5135135135135135
0.1111111111111111,0.5135135135135135
0.11176470588235295,0.5135135135135135
0.11242603550295859,0.5135135135135135
0.1130952380952381,0.5135135135135135
0.11377245508982035,0.5135135135135135
0.1144578313253012,0.5135135135135135
0.11515151515151516,0.5135135135135135
0.11585365853658537,0.5135135135135135
0.1165644171779141,0.5135135135135135
0.11728395061728394,0.5135135135135135
0.11801242236024845,0.5135135135135135
0.11875,0.5135135135135135
0.11949685534591195,0.5135135135135135
0.12025316455696203,0.5135135135135135
0.12101910828025478,0.5135135135135135
0.12179487179487179,0.5135135135135135
0.12258064516129032,0.5135135135135135
0.12337662337662338,0.5135135135135135
0.11764705882352941,0.4864864864864865
0.11842105263157894,0.4864864864864865
0.11920529801324503,0.4864864864864865
0.12,0.4864864864864865
0.12080536912751678,0.4864864864864865
0.12162162162162163,0.4864864864864865
0.12244897959183673,0.4864864864864865
0.1232876712328767,0.4864864864864865
0.12413793103448276,0.4864864864864865
0.125,0.4864864864864865
0.1258741258741259,0.4864864864864865
0.1267605633802817,0.4864864864864865
0.1276595744680851,0.4864864864864865
0.12857142857142856,0.4864864864864865
0.12949640287769784,0.4864864864864865
0.13043478260869565,0.4864864864864865
0.13138686131386862,0.4864864864864865
0.1323529411764706,0.4864864864864865
0.13333333333333333,0.4864864864864865
0.13432835820895522,0.4864864864864865
0.13533834586466165,0.4864864864864865
0.13636363636363635,0.4864864864864865
0.1297709923664122,0.4594594594594595
0.13076923076923078,0.4594594594594595
0.12403100775193798,0.43243243243243246
0.125,0.43243243243243246
0.12598425196850394,0.43243243243243246
0.12698412698412698,0.43243243243243246
0.128,0.43243243243243246
0.12903225806451613,0.43243243243243246
0.13008130081300814,0.43243243243243246
0.13114754098360656,0.43243243243243246
0.1322314049586777,0.43243243243243246
0.13333333333333333,0.43243243243243246
0.13445378151260504,0.43243243243243246
0.13559322033898305,0.43243243243243246
0.13675213675213677,0.43243243243243246
0.13793103448275862,0.43243243243243246
0.1391304347826087,0.43243243243243246
0.14035087719298245,0.43243243243243246
0.1415929203539823,0.43243243243243246
0.14285714285714285,0.43243243243243246
0.14414414414414414,0.43243243243243246
0.14545454545454545,0.43243243243243246
0.14678899082568808,0.43243243243243246
0.14814814814814814,0.43243243243243246
0.14953271028037382,0.43243243243243246
0.1509433962264151,0.43243243243243246
0.1523809523809524,0.43243243243243246
0.15384615384615385,0.43243243243243246
0.1553398058252427,0.43243243243243246
0.1568627450980392,0.43243243243243246
0.15841584158415842,0.43243243243243246
0.16,0.43243243243243246
0.16161616161616163,0.43243243243243246
0.16326530612244897,0.43243243243243246
0.16494845360824742,0.43243243243243246
0.16666666666666666,0.43243243243243246
0.16842105263157894,0.43243243243243246
0.1702127659574468,0.43243243243243246
0.17204301075268819,0.43243243243243246
0.17391304347826086,0.43243243243243246
0.17582417582417584,0.43243243243243246
0.17777777777777778,0.43243243243243246
0.1797752808988764,0.43243243243243246
0.18181818181818182,0.43243243243243246
0.1839080459770115,0.43243243243243246
0.18604651162790697,0.43243243243243246
0.18823529411764706,0.43243243243243246
0.19047619047619047,0.43243243243243246
0.1927710843373494,0.43243243243243246
0.1951219512195122,0.43243243243243246
0.19753086419753085,0.43243243243243246
0.2,0.43243243243243246
0.20253164556962025,0.43243243243243246
0.20512820512820512,0.43243243243243246
0.2077922077922078,0.43243243243243246
0.21052631578947367,0.43243243243243246
0.21333333333333335,0.43243243243243246
0.21621621621621623,0.43243243243243246
0.2191780821917808,0.43243243243243246
0.2222222222222222,0.43243243243243246
0.22535211267605634,0.43243243243243246
0.22857142857142856,0.43243243243243246
0.2318840579710145,0.43243243243243246
0.23529411764705882,0.43243243243243246
0.23880597014925373,0.43243243243243246
0.24242424242424243,0.43243243243243246
0.24615384615384617,0.43243243243243246
0.25,0.43243243243243246
0.25396825396825395,0.43243243243243246
0.25806451612903225,0.43243243243243246
0.26229508196721313,0.43243243243243246
0.26666666666666666,0.43243243243243246
0.2711864406779661,0.43243243243243246
0.27586206896551724,0.43243243243243246
0.2807017543859649,0.43243243243243246
0.2857142857142857,0.43243243243243246
0.2909090909090909,0.43243243243243246
0.2962962962962963,0.43243243243243246
0.3018867924528302,0.43243243243243246
0.3076923076923077,0.43243243243243246
0.3137254901960784,0.43243243243243246
0.32,0.43243243243243246
0.32653061224489793,0.43243243243243246
0.3333333333333333,0.43243243243243246
0.3404255319148936,0.43243243243243246
0.34782608695652173,0.43243243243243246
0.35555555555555557,0.43243243243243246
0.36363636363636365,0.43243243243243246
0.37209302325581395,0.43243243243243246
0.38095238095238093,0.43243243243243246
0.36585365853658536,0.40540540540540543
0.375,0.40540540540540543
0.38461538461538464,0.40540540540540543
0.39473684210526316,0.40540540540540543
0.40540540540540543,0.40540540540540543
0.4166666666666667,0.40540540540540543
0.42857142857142855,0.40540540540540543
0.4411764705882353,0.40540540540540543
0.45454545454545453,0.40540540540540543
0.46875,0.40540540540540543
0.4838709677419355,0.40540540540540543
0.5,0.40540540540540543
0.5172413793103449,0.40540540540540543
0.5357142857142857,0.40540540540540543
0.5555555555555556,0.40540540540540543
0.5384615384615384,0.3783783783783784
0.52,0.35135135135135137
0.5416666666666666,0.35135135135135137
0.5652173913043478,0.35135135135135137
0.5909090909090909,0.35135135135135137
0.5714285714285714,0.32432432432432434
0.6,0.32432432432432434
0.631578947368421,0.32432432432432434
0.6666666666666666,0.32432432432432434
0.7058823529411765,0.32432432432432434
0.75,0.32432432432432434
0.8,0.32432432432432434
0.8571428571428571,0.32432432432432434
0.8461538461538461,0.2972972972972973
0.8333333333333334,0.2702702702702703
1.0,0.0
