Precision,Recall
0.020251778872468526,1.0
0.019715224534501644,0.972972972972973
0.019736842105263157,0.972972972972973
0.019747668678003292,0.972972972972973
0.019758507135016465,0.972972972972973
0.019769357495881382,0.972972972972973
0.01978021978021978,0.972972972972973
0.019791094007696537,0.972972972972973
0.019801980198019802,0.972972972972973
0.01981287837094111,0.972972972972973
0.019823788546255508,0.972972972972973
0.019834710743801654,0.972972972972973
0.019845644983461964,0.972972972972973
0.019856591285162713,0.972972972972973
0.019867549668874173,0.972972972972973
0.019878520154610713,0.972972972972973
0.019889502762430938,0.972972972972973
0.01990049751243781,0.972972972972973
0.01991150442477876,0.972972972972973
0.01992252351964582,0.972972972972973
0.019933554817275746,0.972972972972973
0.019944598337950138,0.972972972972973
0.019955654101995565,0.972972972972973
0.019966722129783693,0.972972972972973
0.01997780244173141,0.972972972972973
0.019988895058300944,0.972972972972973
0.02,0.972972972972973
0.020011117287381877,0.972972972972973
0.020022246941045607,0.972972972972973
0.02003338898163606,0.972972972972973
0.0200445434298441,0.972972972972973
0.020055710306406686,0.972972972972973
0.020066889632107024,0.972972972972973
0.020078081427774678,0.972972972972973
0.020089285714285716,0.972972972972973
0.020100502512562814,0.972972972972973
0.02011173184357542,0.972972972972973
0.020122973728339856,0.972972972972973
0.020134228187919462,0.972972972972973
0.020145495243424735,0.972972972972973
0.020156774916013438,0.972972972972973
0.020168067226890758,0.972972972972973
0.020179372197309416,0.972972972972973
0.020190689848569827,0.972972972972973
0.020202020202020204,0.972972972972973
0.02021336327905671,0.972972972972973
0.020224719101123594,0.972972972972973
0.02023608768971332,0.972972972972973
0.020247469066366704,0.972972972972973
0.020258863252673044,0.972972972972973
0.02027027027027027,0.972972972972973
0.02028169014084507,0.972972972972973
0.020293122886133032,0.972972972972973
0.02030456852791878,0.972972972972973
0.020316027088036117,0.972972972972973
0.020327498588368152,0.972972972972973
0.020338983050847456,0.972972972972973
0.02035048049745619,0.972972972972973
0.020361990950226245,0.972972972972973
0.02037351443123939,0.972972972972973
0.020385050962627407,0.972972972972973
0.020396600566572238,0.972972972972973
0.02040816326530612,0.972972972972973
0.02041973908111174,0.972972972972973
0.02043132803632236,0.972972972972973
0.020442930153321975,0.972972972972973
0.020454545454545454,0.972972972972973
0.02046617396247868,0.972972972972973
0.020477815699658702,0.972972972972973
0.020489470688673878,0.972972972972973
0.02050113895216401,0.972972972972973
0.020512820512820513,0.972972972972973
0.020524515393386546,0.972972972972973
0.02053622361665716,0.972972972972973
0.02054794520547945,0.972972972972973
0.020559680182752713,0.972972972972973
0.02057142857142857,0.972972972972973
0.02058319039451115,0.972972972972973
0.020594965675057208,0.972972972972973
0.0206067544361763,0.972972972972973
0.020618556701030927,0.972972972972973
0.020630372492836675,0.972972972972973
0.020642201834862386,0.972972972972973
0.020654044750430294,0.972972972972973
0.02066590126291619,0.972972972972973
0.02067777139574957,0.972972972972973
0.020689655172413793,0.972972972972973
0.020701552616446232,0.972972972972973
0.020713463751438434,0.972972972972973
0.02072538860103627,0.972972972972973
0.020737327188940093,0.972972972972973
0.0207492795389049,0.972972972972973
0.020761245674740483,0.972972972972973
0.0207732256203116,0.972972972972973
0.020785219399538105,0.972972972972973
0.02079722703639515,0.972972972972973
0.020809248554913295,0.972972972972973
0.020821283979178717,0.972972972972973
0.020833333333333332,0.972972972972973
0.020845396641574986,0.972972972972973
0.02085747392815759,0.972972972972973
0.020869565217391306,0.972972972972973
0.02088167053364269,0.972972972972973
0.02089378990133488,0.972972972972973
0.020905923344947737,0.972972972972973
0.020918070889018012,0.972972972972973
0.020930232558139535,0.972972972972973
0.020942408376963352,0.972972972972973
0.020954598370197905,0.972972972972973
0.020966802562609202,0.972972972972973
0.02097902097902098,0.972972972972973
0.02099125364431487,0.972972972972973
0.021003500583430573,0.972972972972973
0.021015761821366025,0.972972972972973
0.02102803738317757,0.972972972972973
0.02104032729398013,0.972972972972973
0.021052631578947368,0.972972972972973
0.021064950263311878,0.972972972972973
0.02107728337236534,0.972972972972973
0.0210896309314587,0.972972972972973
0.021101992966002344,0.972972972972973
0.021114369501466276,0.972972972972973
0.02112676056338028,0.972972972972973
0.021139166177334117,0.972972972972973
0.021151586368977675,0.972972972972973
0.021164021164021163,0.972972972972973
0.021176470588235293,0.972972972972973
0.02118893466745144,0.972972972972973
0.02120141342756184,0.972972972972973
0.02121390689451974,0.972972972972973
0.02122641509433962,0.972972972972973
0.021238938053097345,0.972972972972973
0.021251475796930343,0.972972972972973
0.021264028352037802,0.972972972972973
0.02127659574468085,0.972972972972973
0.021289178001182733,0.972972972972973
0.021301775147928994,0.972972972972973
0.021314387211367674,0.972972972972973
0.02132701421800948,0.972972972972973
0.02133965619442798,0.972972972972973
0.021352313167259787,0.972972972972973
0.021364985163204748,0.972972972972973
0.021377672209026127,0.972972972972973
0.0213903743315508,0.972972972972973
0.02140309155766944,0.972972972972973
0.021415823914336704,0.972972972972973
0.02142857142857143,0.972972972972973
0.02144133412745682,0.972972972972973
0.021454112038140644,0.972972972972973
0.02146690518783542,0.972972972972973
0.021479713603818614,0.972972972972973
0.021492537313432834,0.972972972972973
0.021505376344086023,0.972972972972973
0.021518230723251645,0.972972972972973
0.0215311004784689,0.972972972972973
0.02154398563734291,0.972972972972973
0.02155688622754491,0.972972972972973
0.02156980227681246,0.972972972972973
0.02158273381294964,0.972972972972973
0.021595680863827234,0.972972972972973
0.021608643457382955,0.972972972972973
0.021621621621621623,0.972972972972973
0.021634615384615384,0.972972972972973
0.02164762477450391,0.972972972972973
0.021660649819494584,0.972972972972973
0.021673690547862733,0.972972972972973
0.021686746987951807,0.972972972972973
0.0216998191681736,0.972972972972973
0.021712907117008445,0.972972972972973
0.02172601086300543,0.972972972972973
0.021739130434782608,0.972972972972973
0.02175226586102719,0.972972972972973
0.02176541717049577,0.972972972972973
0.021778584392014518,0.972972972972973
0.021791767554479417,0.972972972972973
0.021804966686856452,0.972972972972973
0.02181818181818182,0.972972972972973
0.021831412977562158,0.972972972972973
0.021844660194174758,0.972972972972973
0.02185792349726776,0.972972972972973
0.02187120291616039,0.972972972972973
0.02188449848024316,0.972972972972973
0.021897810218978103,0.972972972972973
0.021911138161898967,0.972972972972973
0.02192448233861145,0.972972972972973
0.021937842778793418,0.972972972972973
0.02195121951219512,0.972972972972973
0.021964612568639415,0.972972972972973
0.02197802197802198,0.972972972972973
0.021991447770311544,0.972972972972973
0.022004889975550123,0.972972972972973
0.022018348623853212,0.972972972972973
0.022031823745410038,0.972972972972973
0.02204531537048377,0.972972972972973
0.022058823529411766,0.972972972972973
0.022072348252605765,0.972972972972973
0.022085889570552148,0.972972972972973
0.022099447513812154,0.972972972972973
0.022113022113022112,0.972972972972973
0.022126613398893668,0.972972972972973
0.02214022140221402,0.972972972972973
0.022153846153846152,0.972972972972973
0.022167487684729065,0.972972972972973
0.022181146025878003,0.972972972972973
0.02219482120838471,0.972972972972973
0.022208513263417645,0.972972972972973
0.022222222222222223,0.972972972972973
0.022235948116121063,0.972972972972973
0.022249690976514216,0.972972972972973
0.022263450834879406,0.972972972972973
0.022277227722772276,0.972972972972973
0.022291021671826627,0.972972972972973
0.022304832713754646,0.972972972972973
0.022318660880347178,0.972972972972973
0.022332506203473945,0.972972972972973
0.0223463687150838,0.972972972972973
0.02236024844720497,0.972972972972973
0.022374145431945307,0.972972972972973
0.022388059701492536,0.972972972972973
0.0224019912881145,0.972972972972973
0.0224159402241594,0.972972972972973
0.022429906542056073,0.972972972972973
0.022443890274314215,0.972972972972973
0.022457891453524642,0.972972972972973
0.02247191011235955,0.972972972972973
0.022485946283572766,0.972972972972973
0.0225,0.972972972972973
0.0225140712945591,0.972972972972973
0.02252816020025031,0.972972972972973
0.022542266750156543,0.972972972972973
0.022556390977443608,0.972972972972973
0.0225705329153605,0.972972972972973
0.02258469259723965,0.972972972972973
0.022598870056497175,0.972972972972973
0.022613065326633167,0.972972972972973
0.02262727844123193,0.972972972972973
0.022641509433962263,0.972972972972973
0.022655758338577723,0.972972972972973
0.022670025188916875,0.972972972972973
0.022684310018903593,0.972972972972973
0.02269861286254729,0.972972972972973
0.022712933753943218,0.972972972972973
0.022727272727272728,0.972972972972973
0.022741629816803537,0.972972972972973
0.022756005056890013,0.972972972972973
0.022770398481973434,0.972972972972973
0.02278481012658228,0.972972972972973
0.022799240025332488,0.972972972972973
0.022813688212927757,0.972972972972973
0.022828154724159798,0.972972972972973
0.02284263959390863,0.972972972972973
0.022857142857142857,0.972972972972973
0.022871664548919948,0.972972972972973
0.02288620470438652,0.972972972972973
0.022900763358778626,0.972972972972973
0.022915340547422024,0.972972972972973
0.022929936305732482,0.972972972972973
0.022944550669216062,0.972972972972973
0.02295918367346939,0.972972972972973
0.02297383535417996,0.972972972972973
0.022988505747126436,0.972972972972973
0.023003194888178913,0.972972972972973
0.023017902813299233,0.972972972972973
0.023032629558541268,0.972972972972973
0.023047375160051217,0.972972972972973
0.023062139654067906,0.972972972972973
0.023076923076923078,0.972972972972973
0.023091725465041693,0.972972972972973
0.023106546854942234,0.972972972972973
0.023121387283236993,0.972972972972973
0.02313624678663239,0.972972972972973
0.02315112540192926,0.972972972972973
0.023166023166023165,0.972972972972973
0.0231809401159047,0.972972972972973
0.023195876288659795,0.972972972972973
0.02321083172147002,0.972972972972973
0.023225806451612905,0.972972972972973
0.023240800516462233,0.972972972972973
0.023255813953488372,0.972972972972973
0.023270846800258566,0.972972972972973
0.02328589909443726,0.972972972972973
0.02330097087378641,0.972972972972973
0.023316062176165803,0.972972972972973
0.023331173039533377,0.972972972972973
0.023346303501945526,0.972972972972973
0.02336145360155743,0.972972972972973
0.023376623376623377,0.972972972972973
0.023391812865497075,0.972972972972973
0.02340702210663199,0.972972972972973
0.02342225113858165,0.972972972972973
0.0234375,0.972972972972973
0.023452768729641693,0.972972972972973
0.022816166883963495,0.9459459459459459
0.0228310502283105,0.9459459459459459
0.022845953002610966,0.9459459459459459
0.022860875244937948,0.9459459459459459
0.02287581699346405,0.9459459459459459
0.02289077828646174,0.9459459459459459
0.022905759162303665,0.9459459459459459
0.022920759659463,0.9459459459459459
0.022935779816513763,0.9459459459459459
0.022950819672131147,0.9459459459459459
0.022965879265091863,0.9459459459459459
0.02298095863427446,0.9459459459459459
0.022996057818659658,0.9459459459459459
0.023011176857330704,0.9459459459459459
0.023026315789473683,0.9459459459459459
0.02304147465437788,0.9459459459459459
0.0230566534914361,0.9459459459459459
0.023071852340145024,0.9459459459459459
0.02308707124010554,0.9459459459459459
0.0231023102310231,0.9459459459459459
0.023117569352708058,0.9459459459459459
0.023132848645076007,0.9459459459459459
0.023148148148148147,0.9459459459459459
0.02316346790205162,0.9459459459459459
0.023178807947019868,0.9459459459459459
0.023194168323392977,0.9459459459459459
0.023209549071618037,0.9459459459459459
0.023224950232249502,0.9459459459459459
0.023240371845949535,0.9459459459459459
0.023255813953488372,0.9459459459459459
0.02327127659574468,0.9459459459459459
0.023286759813705923,0.9459459459459459
0.02330226364846871,0.9459459459459459
0.023317788141239172,0.9459459459459459
0.023333333333333334,0.9459459459459459
0.02334889926617745,0.9459459459459459
0.02336448598130841,0.9459459459459459
0.02338009352037408,0.9459459459459459
0.02339572192513369,0.9459459459459459
0.023411371237458192,0.9459459459459459
0.023427041499330656,0.9459459459459459
0.02344273275284662,0.9459459459459459
0.023458445040214475,0.9459459459459459
0.023474178403755867,0.9459459459459459
0.02348993288590604,0.9459459459459459
0.02350570852921424,0.9459459459459459
0.023521505376344086,0.9459459459459459
0.023537323470073975,0.9459459459459459
0.023553162853297442,0.9459459459459459
0.02356902356902357,0.9459459459459459
0.02358490566037736,0.9459459459459459
0.023600809170600135,0.9459459459459459
0.023616734143049933,0.9459459459459459
0.02363268062120189,0.9459459459459459
0.02364864864864865,0.9459459459459459
0.023664638269100743,0.9459459459459459
0.02368064952638701,0.9459459459459459
0.023696682464454975,0.9459459459459459
0.023712737127371274,0.9459459459459459
0.023728813559322035,0.9459459459459459
0.023744911804613297,0.9459459459459459
0.02376103190767142,0.9459459459459459
0.02377717391304348,0.9459459459459459
0.02379333786539769,0.9459459459459459
0.023809523809523808,0.9459459459459459
0.023825731790333562,0.9459459459459459
0.023841961852861037,0.9459459459459459
0.023858214042263123,0.9459459459459459
0.023874488403819918,0.9459459459459459
0.023890784982935155,0.9459459459459459
0.02390710382513661,0.9459459459459459
0.023923444976076555,0.9459459459459459
0.023939808481532147,0.9459459459459459
0.023956194387405885,0.9459459459459459
0.023972602739726026,0.9459459459459459
0.023989033584647018,0.9459459459459459
0.02400548696844993,0.9459459459459459
0.024021962937542895,0.9459459459459459
0.02403846153846154,0.9459459459459459
0.024054982817869417,0.9459459459459459
0.024071526822558458,0.9459459459459459
0.024088093599449415,0.9459459459459459
0.024104683195592287,0.9459459459459459
0.024121295658166782,0.9459459459459459
0.02413793103448276,0.9459459459459459
0.024154589371980676,0.9459459459459459
0.024171270718232045,0.9459459459459459
0.024187975120939877,0.9459459459459459
0.024204702627939143,0.9459459459459459
0.02422145328719723,0.9459459459459459
0.024238227146814405,0.9459459459459459
0.024255024255024255,0.9459459459459459
0.024271844660194174,0.9459459459459459
0.024288688410825817,0.9459459459459459
0.024305555555555556,0.9459459459459459
0.024322446143154968,0.9459459459459459
0.024339360222531293,0.9459459459459459
0.024356297842727904,0.9459459459459459
0.02437325905292479,0.9459459459459459
0.024390243902439025,0.9459459459459459
0.024407252440725245,0.9459459459459459
0.024424284717376135,0.9459459459459459
0.024441340782122904,0.9459459459459459
0.02445842068483578,0.9459459459459459
0.024475524475524476,0.9459459459459459
0.0244926522043387,0.9459459459459459
0.024509803921568627,0.9459459459459459
0.02452697967764541,0.9459459459459459
0.024544179523141654,0.9459459459459459
0.02456140350877193,0.9459459459459459
0.02457865168539326,0.9459459459459459
0.024595924104005622,0.9459459459459459
0.02461322081575246,0.9459459459459459
0.024630541871921183,0.9459459459459459
0.02464788732394366,0.9459459459459459
0.02466525722339676,0.9459459459459459
0.02468265162200282,0.9459459459459459
0.024700070571630206,0.9459459459459459
0.024717514124293787,0.9459459459459459
0.024734982332155476,0.9459459459459459
0.024752475247524754,0.9459459459459459
0.024769992922859165,0.9459459459459459
0.024787535410764873,0.9459459459459459
0.024805102763997167,0.9459459459459459
0.024822695035460994,0.9459459459459459
0.0248403122782115,0.9459459459459459
0.024857954545454544,0.9459459459459459
0.024875621890547265,0.9459459459459459
0.024893314366998577,0.9459459459459459
0.02491103202846975,0.9459459459459459
0.02492877492877493,0.9459459459459459
0.024946543121881683,0.9459459459459459
0.024964336661911554,0.9459459459459459
0.024982155603140613,0.9459459459459459
0.025,0.9459459459459459
0.02501786990707648,0.9459459459459459
0.02503576537911302,0.9459459459459459
0.025053686471009307,0.9459459459459459
0.025071633237822348,0.9459459459459459
0.025089605734767026,0.9459459459459459
0.025107604017216643,0.9459459459459459
0.02512562814070352,0.9459459459459459
0.02514367816091954,0.9459459459459459
0.02516175413371675,0.9459459459459459
0.025179856115107913,0.9459459459459459
0.0251979841612671,0.9459459459459459
0.02521613832853026,0.9459459459459459
0.025234318673395817,0.9459459459459459
0.025252525252525252,0.9459459459459459
0.02527075812274368,0.9459459459459459
0.025289017341040464,0.9459459459459459
0.025307302964569775,0.9459459459459459
0.02532561505065123,0.9459459459459459
0.025343953656770456,0.9459459459459459
0.025362318840579712,0.9459459459459459
0.025380710659898477,0.9459459459459459
0.02539912917271408,0.9459459459459459
0.025417574437182282,0.9459459459459459
0.025436046511627907,0.9459459459459459
0.025454545454545455,0.9459459459459459
0.025473071324599708,0.9459459459459459
0.025491624180626365,0.9459459459459459
0.025510204081632654,0.9459459459459459
0.025528811086797956,0.9459459459459459
0.025547445255474453,0.9459459459459459
0.02556610664718773,0.9459459459459459
0.025584795321637425,0.9459459459459459
0.025603511338697878,0.9459459459459459
0.02562225475841874,0.9459459459459459
0.02564102564102564,0.9459459459459459
0.025659824046920823,0.9459459459459459
0.025678650036683785,0.9459459459459459
0.02569750367107195,0.9459459459459459
0.025716385011021307,0.9459459459459459
0.025735294117647058,0.9459459459459459
0.025754231052244298,0.9459459459459459
0.02577319587628866,0.9459459459459459
0.025792188651436992,0.9459459459459459
0.025811209439528023,0.9459459459459459
0.025830258302583026,0.9459459459459459
0.0258493353028065,0.9459459459459459
0.025868440502586843,0.9459459459459459
0.025887573964497042,0.9459459459459459
0.025906735751295335,0.9459459459459459
0.025925925925925925,0.9459459459459459
0.025945144551519646,0.9459459459459459
0.02596439169139466,0.9459459459459459
0.025983667409057165,0.9459459459459459
0.02600297176820208,0.9459459459459459
0.026022304832713755,0.9459459459459459
0.026041666666666668,0.9459459459459459
0.026061057334326135,0.9459459459459459
0.02608047690014903,0.9459459459459459
0.02609992542878449,0.9459459459459459
0.026119402985074626,0.9459459459459459
0.026138909634055265,0.9459459459459459
0.026158445440956652,0.9459459459459459
0.02617801047120419,0.9459459459459459
0.02619760479041916,0.9459459459459459
0.026217228464419477,0.9459459459459459
0.02623688155922039,0.9459459459459459
0.02625656414103526,0.9459459459459459
0.026276276276276277,0.9459459459459459
0.02629601803155522,0.9459459459459459
0.02631578947368421,0.9459459459459459
0.02633559066967645,0.9459459459459459
0.02635542168674699,0.9459459459459459
0.02637528259231349,0.9459459459459459
0.026395173453996983,0.9459459459459459
0.026415094339622643,0.9459459459459459
0.026435045317220542,0.9459459459459459
0.026455026455026454,0.9459459459459459
0.0264750378214826,0.9459459459459459
0.026495079485238455,0.9459459459459459
0.026515151515151516,0.9459459459459459
0.026535253980288095,0.9459459459459459
0.026555386949924126,0.9459459459459459
0.026575550493545937,0.9459459459459459
0.026595744680851064,0.9459459459459459
0.026615969581749048,0.9459459459459459
0.02663622526636225,0.9459459459459459
0.026656511805026657,0.9459459459459459
0.026676829268292682,0.9459459459459459
0.02669717772692601,0.9459459459459459
0.026717557251908396,0.9459459459459459
0.026737967914438502,0.9459459459459459
0.026758409785932722,0.9459459459459459
0.026778882938026015,0.9459459459459459
0.02679938744257274,0.9459459459459459
0.02681992337164751,0.9459459459459459
0.026840490797546013,0.9459459459459459
0.02686108979278588,0.9459459459459459
0.026881720430107527,0.9459459459459459
0.026902382782475018,0.9459459459459459
0.026923076923076925,0.9459459459459459
0.026943802925327175,0.9459459459459459
0.026964560862865947,0.9459459459459459
0.026985350809560524,0.9459459459459459
0.02700617283950617,0.9459459459459459
0.02702702702702703,0.9459459459459459
0.02704791344667697,0.9459459459459459
0.027068832173240527,0.9459459459459459
0.027089783281733747,0.9459459459459459
0.027110766847405113,0.9459459459459459
0.027131782945736434,0.9459459459459459
0.027152831652443754,0.9459459459459459
0.02717391304347826,0.9459459459459459
0.027195027195027196,0.9459459459459459
0.027216174183514776,0.9459459459459459
0.027237354085603113,0.9459459459459459
0.027258566978193146,0.9459459459459459
0.027279812938425563,0.9459459459459459
0.027301092043681748,0.9459459459459459
0.0273224043715847,0.9459459459459459
0.02734375,0.9459459459459459
0.027365129007036748,0.9459459459459459
0.027386541471048513,0.9459459459459459
0.0274079874706343,0.9459459459459459
0.0274294670846395,0.9459459459459459
0.027450980392156862,0.9459459459459459
0.027472527472527472,0.9459459459459459
0.02749410840534171,0.9459459459459459
0.027515723270440252,0.9459459459459459
0.02753737214791503,0.9459459459459459
0.027559055118110236,0.9459459459459459
0.027580772261623327,0.9459459459459459
0.027602523659305992,0.9459459459459459
0.027624309392265192,0.9459459459459459
0.02764612954186414,0.9459459459459459
0.02766798418972332,0.9459459459459459
0.027689873417721517,0.9459459459459459
0.027711797307996833,0.9459459459459459
0.0277337559429477,0.9459459459459459
0.02775574940523394,0.9459459459459459
0.027777777777777776,0.9459459459459459
0.02779984114376489,0.9459459459459459
0.02782193958664547,0.9459459459459459
0.02784407319013524,0.9459459459459459
0.02786624203821656,0.9459459459459459
0.027888446215139442,0.9459459459459459
0.027910685805422646,0.9459459459459459
0.027932960893854747,0.9459459459459459
0.027955271565495207,0.9459459459459459
0.027977617905675458,0.9459459459459459
0.028,0.9459459459459459
0.02802241793434748,0.9459459459459459
0.028044871794871796,0.9459459459459459
0.028067361668003207,0.9459459459459459
0.028089887640449437,0.9459459459459459
0.028112449799196786,0.9459459459459459
0.028135048231511254,0.9459459459459459
0.02815768302493966,0.9459459459459459
0.02818035426731079,0.9459459459459459
0.028203062046736505,0.9459459459459459
0.028225806451612902,0.9459459459459459
0.02824858757062147,0.9459459459459459
0.02827140549273021,0.9459459459459459
0.028294260307194827,0.9459459459459459
0.02831715210355987,0.9459459459459459
0.02834008097165992,0.9459459459459459
0.028363047001620744,0.9459459459459459
0.028386050283860504,0.9459459459459459
0.028409090909090908,0.9459459459459459
0.02843216896831844,0.9459459459459459
0.028455284552845527,0.9459459459459459
0.028478437754271765,0.9459459459459459
0.028501628664495113,0.9459459459459459
0.02852485737571312,0.9459459459459459
0.028548123980424143,0.9459459459459459
0.02857142857142857,0.9459459459459459
0.028594771241830064,0.9459459459459459
0.028618152085036794,0.9459459459459459
0.028641571194762683,0.9459459459459459
0.028665028665028666,0.9459459459459459
0.028688524590163935,0.9459459459459459
0.02871205906480722,0.9459459459459459
0.028735632183908046,0.9459459459459459
0.02875924404272802,0.9459459459459459
0.028782894736842105,0.9459459459459459
0.02880658436213992,0.9459459459459459
0.028830313014827018,0.9459459459459459
0.028854080791426217,0.9459459459459459
0.028877887788778877,0.9459459459459459
0.028901734104046242,0.9459459459459459
0.028925619834710745,0.9459459459459459
0.028949545078577336,0.9459459459459459
0.028973509933774833,0.9459459459459459
0.02899751449875725,0.9459459459459459
0.02902155887230514,0.9459459459459459
0.029045643153526972,0.9459459459459459
0.029069767441860465,0.9459459459459459
0.029093931837073983,0.9459459459459459
0.029118136439267885,0.9459459459459459
0.029142381348875937,0.9459459459459459
0.029166666666666667,0.9459459459459459
0.029190992493744787,0.9459459459459459
0.02921535893155259,0.9459459459459459
0.029239766081871343,0.9459459459459459
0.029264214046822744,0.9459459459459459
0.029288702928870293,0.9459459459459459
0.02931323283082077,0.9459459459459459
0.02933780385582565,0.9459459459459459
0.02936241610738255,0.9459459459459459
0.02938706968933669,0.9459459459459459
0.029411764705882353,0.9459459459459459
0.02943650126156434,0.9459459459459459
0.029461279461279462,0.9459459459459459
0.02948609941027801,0.9459459459459459
0.02951096121416526,0.9459459459459459
0.029535864978902954,0.9459459459459459
0.02956081081081081,0.9459459459459459
0.029585798816568046,0.9459459459459459
0.02961082910321489,0.9459459459459459
0.029635901778154106,0.9459459459459459
0.029661016949152543,0.9459459459459459
0.029686174724342665,0.9459459459459459
0.029711375212224108,0.9459459459459459
0.029736618521665252,0.9459459459459459
0.02976190476190476,0.9459459459459459
0.029787234042553193,0.9459459459459459
0.029812606473594547,0.9459459459459459
0.029838022165387893,0.9459459459459459
0.029863481228668942,0.9459459459459459
0.029888983774551667,0.9459459459459459
0.029914529914529916,0.9459459459459459
0.029940119760479042,0.9459459459459459
0.029965753424657533,0.9459459459459459
0.029991431019708654,0.9459459459459459
0.030017152658662092,0.9459459459459459
0.030042918454935622,0.9459459459459459
0.03006872852233677,0.9459459459459459
0.03009458297506449,0.9459459459459459
0.030120481927710843,0.9459459459459459
0.030146425495262703,0.9459459459459459
0.03017241379310345,0.9459459459459459
0.030198446937014668,0.9459459459459459
0.030224525043177894,0.9459459459459459
0.03025064822817632,0.9459459459459459
0.03027681660899654,0.9459459459459459
0.030303030303030304,0.9459459459459459
0.030329289428076257,0.9459459459459459
0.030355594102341718,0.9459459459459459
0.030381944444444444,0.9459459459459459
0.030408340573414423,0.9459459459459459
0.030434782608695653,0.9459459459459459
0.030461270670147953,0.9459459459459459
0.03048780487804878,0.9459459459459459
0.03051438535309503,0.9459459459459459
0.030541012216404886,0.9459459459459459
0.03056768558951965,0.9459459459459459
0.030594405594405596,0.9459459459459459
0.03062117235345582,0.9459459459459459
0.03064798598949212,0.9459459459459459
0.03067484662576687,0.9459459459459459
0.03070175438596491,0.9459459459459459
0.030728709394205442,0.9459459459459459
0.030755711775043937,0.9459459459459459
0.030782761653474055,0.9459459459459459
0.030809859154929578,0.9459459459459459
0.030837004405286344,0.9459459459459459
0.030864197530864196,0.9459459459459459
0.03089143865842895,0.9459459459459459
0.030918727915194347,0.9459459459459459
0.03094606542882405,0.9459459459459459
0.030973451327433628,0.9459459459459459
0.03100088573959256,0.9459459459459459
0.03102836879432624,0.9459459459459459
0.031055900621118012,0.9459459459459459
0.03108348134991119,0.9459459459459459
0.03111111111111111,0.9459459459459459
0.03113879003558719,0.9459459459459459
0.031166518254674976,0.9459459459459459
0.031194295900178252,0.9459459459459459
0.031222123104371096,0.9459459459459459
0.03125,0.9459459459459459
0.03127792672028597,0.9459459459459459
0.03130590339892665,0.9459459459459459
0.03133393017009848,0.9459459459459459
0.03136200716845878,0.9459459459459459
0.03139013452914798,0.9459459459459459
0.03141831238779174,0.9459459459459459
0.031446540880503145,0.9459459459459459
0.03147482014388489,0.9459459459459459
0.0315031503150315,0.9459459459459459
0.03153153153153153,0.9459459459459459
0.031559963931469794,0.9459459459459459
0.0315884476534296,0.9459459459459459
0.031616982836495035,0.9459459459459459
0.03164556962025317,0.9459459459459459
0.03167420814479638,0.9459459459459459
0.03170289855072464,0.9459459459459459
0.03173164097914778,0.9459459459459459
0.03176043557168784,0.9459459459459459
0.03178928247048138,0.9459459459459459
0.031818181818181815,0.9459459459459459
0.03184713375796178,0.9459459459459459
0.031876138433515486,0.9459459459459459
0.03190519598906107,0.9459459459459459
0.03193430656934307,0.9459459459459459
0.0319634703196347,0.9459459459459459
0.031992687385740404,0.9459459459459459
0.03202195791399817,0.9459459459459459
0.03205128205128205,0.9459459459459459
0.032080659945004586,0.9459459459459459
0.03211009174311927,0.9459459459459459
0.03213957759412305,0.9459459459459459
0.03216911764705882,0.9459459459459459
0.03219871205151794,0.9459459459459459
0.03222836095764273,0.9459459459459459
0.03225806451612903,0.9459459459459459
0.03228782287822878,0.9459459459459459
0.032317636195752536,0.9459459459459459
0.03234750462107209,0.9459459459459459
0.032377428307123035,0.9459459459459459
0.032407407407407406,0.9459459459459459
0.03243744207599629,0.9459459459459459
0.032467532467532464,0.9459459459459459
0.032497678737233054,0.9459459459459459
0.032527881040892194,0.9459459459459459
0.03255813953488372,0.9459459459459459
0.032588454376163874,0.9459459459459459
0.032618825722273995,0.9459459459459459
0.03264925373134328,0.9459459459459459
0.032679738562091505,0.9459459459459459
0.03271028037383177,0.9459459459459459
0.03274087932647334,0.9459459459459459
0.03277153558052434,0.9459459459459459
0.03280224929709466,0.9459459459459459
0.03283302063789869,0.9459459459459459
0.03286384976525822,0.9459459459459459
0.03289473684210526,0.9459459459459459
0.03292568203198495,0.9459459459459459
0.03295668549905838,0.9459459459459459
0.03298774740810556,0.9459459459459459
0.0330188679245283,0.9459459459459459
0.033050047214353166,0.9459459459459459
0.0330812854442344,0.9459459459459459
0.033112582781456956,0.9459459459459459
0.03314393939393939,0.9459459459459459
0.03317535545023697,0.9459459459459459
0.03320683111954459,0.9459459459459459
0.03323836657169991,0.9459459459459459
0.03326996197718631,0.9459459459459459
0.03330161750713606,0.9459459459459459
0.03333333333333333,0.9459459459459459
0.03336510962821735,0.9459459459459459
0.033396946564885496,0.9459459459459459
0.033428844317096466,0.9459459459459459
0.033460803059273424,0.9459459459459459
0.03349282296650718,0.9459459459459459
0.033524904214559385,0.9459459459459459
0.03355704697986577,0.9459459459459459
0.03358925143953935,0.9459459459459459
0.03362151777137368,0.9459459459459459
0.03365384615384615,0.9459459459459459
0.03368623676612127,0.9459459459459459
0.03371868978805395,0.9459459459459459
0.033751205400192864,0.9459459459459459
0.033783783783783786,0.9459459459459459
0.033816425120772944,0.9459459459459459
0.033849129593810444,0.9459459459459459
0.03388189738625363,0.9459459459459459
0.03391472868217054,0.9459459459459459
0.03394762366634336,0.9459459459459459
0.03398058252427184,0.9459459459459459
0.034013605442176874,0.9459459459459459
0.03404669260700389,0.9459459459459459
0.034079844206426485,0.9459459459459459
0.0341130604288499,0.9459459459459459
0.03414634146341464,0.9459459459459459
0.0341796875,0.9459459459459459
0.03421309872922776,0.9459459459459459
0.03424657534246575,0.9459459459459459
0.034280117531831536,0.9459459459459459
0.03431372549019608,0.9459459459459459
0.03434739941118744,0.9459459459459459
0.0343811394891945,0.9459459459459459
0.0344149459193707,0.9459459459459459
0.0344488188976378,0.9459459459459459
0.034482758620689655,0.9459459459459459
0.03451676528599606,0.9459459459459459
0.034550839091806514,0.9459459459459459
0.03458498023715415,0.9459459459459459
0.03461918892185954,0.9459459459459459
0.034653465346534656,0.9459459459459459
0.03468780971258672,0.9459459459459459
0.034722222222222224,0.9459459459459459
0.03475670307845084,0.9459459459459459
0.03479125248508946,0.9459459459459459
0.03482587064676617,0.9459459459459459
0.0348605577689243,0.9459459459459459
0.03489531405782652,0.9459459459459459
0.03493013972055888,0.9459459459459459
0.03496503496503497,0.9459459459459459
0.035,0.9459459459459459
0.035035035035035036,0.9459459459459459
0.03507014028056112,0.9459459459459459
0.03510531594784353,0.9459459459459459
0.035140562248995984,0.9459459459459459
0.035175879396984924,0.9459459459459459
0.035211267605633804,0.9459459459459459
0.035246727089627394,0.9459459459459459
0.03528225806451613,0.9459459459459459
0.035317860746720484,0.9459459459459459
0.03535353535353535,0.9459459459459459
0.03538928210313448,0.9459459459459459
0.0354251012145749,0.9459459459459459
0.03546099290780142,0.9459459459459459
0.035496957403651115,0.9459459459459459
0.03553299492385787,0.9459459459459459
0.034552845528455285,0.918918918918919
0.03458799593082401,0.918918918918919
0.034623217922606926,0.918918918918919
0.034658511722731905,0.918918918918919
0.03469387755102041,0.918918918918919
0.03472931562819203,0.918918918918919
0.034764826175869123,0.918918918918919
0.03480040941658137,0.918918918918919
0.03483606557377049,0.918918918918919
0.03487179487179487,0.918918918918919
0.03490759753593429,0.918918918918919
0.03494347379239465,0.918918918918919
0.03497942386831276,0.918918918918919
0.035015447991761074,0.918918918918919
0.03505154639175258,0.918918918918919
0.03508771929824561,0.918918918918919
0.03512396694214876,0.918918918918919
0.03516028955532575,0.918918918918919
0.035196687370600416,0.918918918918919
0.035233160621761656,0.918918918918919
0.035269709543568464,0.918918918918919
0.035306334371754934,0.918918918918919
0.035343035343035345,0.918918918918919
0.03537981269510926,0.918918918918919
0.035416666666666666,0.918918918918919
0.035453597497393116,0.918918918918919
0.03549060542797495,0.918918918918919
0.035527690700104496,0.918918918918919
0.03556485355648536,0.918918918918919
0.0356020942408377,0.918918918918919
0.03563941299790356,0.918918918918919
0.035676810073452254,0.918918918918919
0.03571428571428571,0.918918918918919
0.035751840168243953,0.918918918918919
0.035789473684210524,0.918918918918919
0.03582718651211802,0.918918918918919
0.035864978902953586,0.918918918918919
0.03590285110876452,0.918918918918919
0.035940803382663845,0.918918918918919
0.03597883597883598,0.918918918918919
0.036016949152542374,0.918918918918919
0.036055143160127257,0.918918918918919
0.036093418259023353,0.918918918918919
0.036131774707757705,0.918918918918919
0.036170212765957444,0.918918918918919
0.0362087326943557,0.918918918918919
0.03624733475479744,0.918918918918919
0.03628601921024546,0.918918918918919
0.03632478632478633,0.918918918918919
0.03636363636363636,0.918918918918919
0.03640256959314775,0.918918918918919
0.03644158628081458,0.918918918918919
0.03648068669527897,0.918918918918919
0.036519871106337275,0.918918918918919
0.03655913978494624,0.918918918918919
0.03659849300322928,0.918918918918919
0.036637931034482756,0.918918918918919
0.036677454153182305,0.918918918918919
0.0367170626349892,0.918918918918919
0.036756756756756756,0.918918918918919
0.0367965367965368,0.918918918918919
0.03683640303358613,0.918918918918919
0.0368763557483731,0.918918918918919
0.03691639522258415,0.918918918918919
0.03695652173913044,0.918918918918919
0.036996735582154515,0.918918918918919
0.037037037037037035,0.918918918918919
0.03707742639040349,0.918918918918919
0.03711790393013101,0.918918918918919
0.03715846994535519,0.918918918918919
0.037199124726477024,0.918918918918919
0.03723986856516977,0.918918918918919
0.03728070175438596,0.918918918918919
0.03732162458836443,0.918918918918919
0.03736263736263736,0.918918918918919
0.0374037403740374,0.918918918918919
0.037444933920704845,0.918918918918919
0.037486218302094816,0.918918918918919
0.037527593818984545,0.918918918918919
0.03756906077348066,0.918918918918919
0.03761061946902655,0.918918918918919
0.03765227021040975,0.918918918918919
0.037694013303769404,0.918918918918919
0.03773584905660377,0.918918918918919
0.03777777777777778,0.918918918918919
0.03781979977753059,0.918918918918919
0.0378619153674833,0.918918918918919
0.0379041248606466,0.918918918918919
0.03794642857142857,0.918918918918919
0.03798882681564246,0.918918918918919
0.03803131991051454,0.918918918918919
0.03807390817469205,0.918918918918919
0.03811659192825112,0.918918918918919
0.038159371492704826,0.918918918918919
0.038202247191011236,0.918918918918919
0.03824521934758155,0.918918918918919
0.038288288288288286,0.918918918918919
0.038331454340473504,0.918918918918919
0.03837471783295711,0.918918918918919
0.0384180790960452,0.918918918918919
0.038461538461538464,0.918918918918919
0.03850509626274066,0.918918918918919
0.03854875283446712,0.918918918918919
0.03859250851305335,0.918918918918919
0.038636363636363635,0.918918918918919
0.038680318543799774,0.918918918918919
0.0387243735763098,0.918918918918919
0.03876852907639681,0.918918918918919
0.03881278538812785,0.918918918918919
0.038857142857142854,0.918918918918919
0.038901601830663615,0.918918918918919
0.038946162657502864,0.918918918918919
0.0389908256880734,0.918918918918919
0.03903559127439724,0.918918918918919
0.03908045977011494,0.918918918918919
0.039125431530494824,0.918918918918919
0.03917050691244239,0.918918918918919
0.0392156862745098,0.918918918918919
0.03926096997690531,0.918918918918919
0.03930635838150289,0.918918918918919
0.03935185185185185,0.918918918918919
0.039397450753186555,0.918918918918919
0.03944315545243619,0.918918918918919
0.03948896631823461,0.918918918918919
0.03953488372093023,0.918918918918919
0.03958090803259604,0.918918918918919
0.039627039627039624,0.918918918918919
0.039673278879813305,0.918918918918919
0.0397196261682243,0.918918918918919
0.03976608187134503,0.918918918918919
0.03981264637002342,0.918918918918919
0.03985932004689332,0.918918918918919
0.03990610328638498,0.918918918918919
0.0399529964747356,0.918918918918919
0.04,0.918918918918919
0.04004711425206125,0.918918918918919
0.04009433962264151,0.918918918918919
0.04014167650531287,0.918918918918919
0.04018912529550828,0.918918918918919
0.040236686390532544,0.918918918918919
0.04028436018957346,0.918918918918919
0.04033214709371293,0.918918918918919
0.040380047505938245,0.918918918918919
0.04042806183115339,0.918918918918919
0.04047619047619048,0.918918918918919
0.04052443384982122,0.918918918918919
0.0405727923627685,0.918918918918919
0.04062126642771804,0.918918918918919
0.04066985645933014,0.918918918918919
0.0407185628742515,0.918918918918919
0.0407673860911271,0.918918918918919
0.04081632653061224,0.918918918918919
0.040865384615384616,0.918918918918919
0.04091456077015644,0.918918918918919
0.04096385542168675,0.918918918918919
0.04101326899879373,0.918918918918919
0.04106280193236715,0.918918918918919
0.041112454655380895,0.918918918918919
0.04116222760290557,0.918918918918919
0.041212121212121214,0.918918918918919
0.0412621359223301,0.918918918918919
0.041312272174969626,0.918918918918919
0.0413625304136253,0.918918918918919
0.04141291108404385,0.918918918918919
0.041463414634146344,0.918918918918919
0.04151404151404151,0.918918918918919
0.04156479217603912,0.918918918918919
0.0416156670746634,0.918918918918919
0.041666666666666664,0.918918918918919
0.04171779141104295,0.918918918918919
0.04176904176904177,0.918918918918919
0.041820418204182044,0.918918918918919
0.04187192118226601,0.918918918918919
0.04192355117139334,0.918918918918919
0.04197530864197531,0.918918918918919
0.042027194066749075,0.918918918918919
0.04207920792079208,0.918918918918919
0.042131350681536554,0.918918918918919
0.04218362282878412,0.918918918918919
0.0422360248447205,0.918918918918919
0.04228855721393035,0.918918918918919
0.04234122042341221,0.918918918918919
0.04239401496259352,0.918918918918919
0.04244694132334582,0.918918918918919
0.0425,0.918918918918919
0.0425531914893617,0.918918918918919
0.042606516290726815,0.918918918918919
0.04265997490589712,0.918918918918919
0.04271356783919598,0.918918918918919
0.042767295597484274,0.918918918918919
0.042821158690176324,0.918918918918919
0.04287515762925599,0.918918918918919
0.04292929292929293,0.918918918918919
0.04298356510745891,0.918918918918919
0.043037974683544304,0.918918918918919
0.043092522179974654,0.918918918918919
0.04314720812182741,0.918918918918919
0.04193138500635324,0.8918918918918919
0.04198473282442748,0.8918918918918919
0.04203821656050955,0.8918918918918919
0.042091836734693876,0.8918918918918919
0.0421455938697318,0.8918918918918919
0.04219948849104859,0.8918918918918919
0.04225352112676056,0.8918918918918919
0.04230769230769231,0.8918918918918919
0.04236200256739409,0.8918918918918919
0.042416452442159386,0.8918918918918919
0.04247104247104247,0.8918918918918919
0.04252577319587629,0.8918918918918919
0.04258064516129032,0.8918918918918919
0.04263565891472868,0.8918918918918919
0.042690815006468305,0.8918918918918919
0.042746113989637305,0.8918918918918919
0.042801556420233464,0.8918918918918919
0.04285714285714286,0.8918918918918919
0.04291287386215865,0.8918918918918919
0.04296875,0.8918918918918919
0.04302477183833116,0.8918918918918919
0.04308093994778068,0.8918918918918919
0.043137254901960784,0.8918918918918919
0.04319371727748691,0.8918918918918919
0.04325032765399738,0.8918918918918919
0.04330708661417323,0.8918918918918919
0.04336399474375821,0.8918918918918919
0.04342105263157895,0.8918918918918919
0.04216073781291173,0.8648648648648649
0.04221635883905013,0.8648648648648649
0.04227212681638045,0.8648648648648649
0.042328042328042326,0.8648648648648649
0.0423841059602649,0.8648648648648649
0.042440318302387266,0.8648648648648649
0.04249667994687915,0.8648648648648649
0.0425531914893617,0.8648648648648649
0.0426098535286285,0.8648648648648649
0.042666666666666665,0.8648648648648649
0.042723631508678236,0.8648648648648649
0.0427807486631016,0.8648648648648649
0.0428380187416332,0.8648648648648649
0.04289544235924933,0.8648648648648649
0.042953020134228186,0.8648648648648649
0.043010752688172046,0.8648648648648649
0.04306864064602961,0.8648648648648649
0.0431266846361186,0.8648648648648649
0.043184885290148446,0.8648648648648649
0.043243243243243246,0.8648648648648649
0.04330175913396482,0.8648648648648649
0.04336043360433604,0.8648648648648649
0.04341926729986431,0.8648648648648649
0.043478260869565216,0.8648648648648649
0.04353741496598639,0.8648648648648649
0.043596730245231606,0.8648648648648649
0.04365620736698499,0.8648648648648649
0.04371584699453552,0.8648648648648649
0.04377564979480164,0.8648648648648649
0.043835616438356165,0.8648648648648649
0.0438957475994513,0.8648648648648649
0.04395604395604396,0.8648648648648649
0.04401650618982118,0.8648648648648649
0.0440771349862259,0.8648648648648649
0.044137931034482755,0.8648648648648649
0.04419889502762431,0.8648648648648649
0.042876901798063624,0.8378378378378378
0.04293628808864266,0.8378378378378378
0.04299583911234397,0.8378378378378378
0.043055555555555555,0.8378378378378378
0.043115438108484005,0.8378378378378378
0.04317548746518106,0.8378378378378378
0.043235704323570434,0.8378378378378378
0.04329608938547486,0.8378378378378378
0.043356643356643354,0.8378378378378378
0.04341736694677871,0.8378378378378378
0.043478260869565216,0.8378378378378378
0.04353932584269663,0.8378378378378378
0.04360056258790436,0.8378378378378378
0.04366197183098591,0.8378378378378378
0.04372355430183357,0.8378378378378378
0.043785310734463276,0.8378378378378378
0.04384724186704385,0.8378378378378378
0.043909348441926344,0.8378378378378378
0.04397163120567376,0.8378378378378378
0.04403409090909091,0.8378378378378378
0.044096728307254626,0.8378378378378378
0.04415954415954416,0.8378378378378378
0.0442225392296719,0.8378378378378378
0.04428571428571428,0.8378378378378378
0.044349070100143065,0.8378378378378378
0.044412607449856735,0.8378378378378378
0.04447632711621234,0.8378378378378378
0.04454022988505747,0.8378378378378378
0.04460431654676259,0.8378378378378378
0.0446685878962536,0.8378378378378378
0.044733044733044736,0.8378378378378378
0.044797687861271675,0.8378378378378378
0.04486251808972504,0.8378378378378378
0.04492753623188406,0.8378378378378378
0.04499274310595065,0.8378378378378378
0.04505813953488372,0.8378378378378378
0.04512372634643377,0.8378378378378378
0.04518950437317784,0.8378378378378378
0.04525547445255475,0.8378378378378378
0.04532163742690058,0.8378378378378378
0.04538799414348463,0.8378378378378378
0.045454545454545456,0.8378378378378378
0.04552129221732746,0.8378378378378378
0.045588235294117645,0.8378378378378378
0.045655375552282766,0.8378378378378378
0.045722713864306784,0.8378378378378378
0.04579025110782865,0.8378378378378378
0.04585798816568047,0.8378378378378378
0.045925925925925926,0.8378378378378378
0.04599406528189911,0.8378378378378378
0.04606240713224369,0.8378378378378378
0.046130952380952384,0.8378378378378378
0.046199701937406856,0.8378378378378378
0.04626865671641791,0.8378378378378378
0.04633781763826607,0.8378378378378378
0.04640718562874251,0.8378378378378378
0.046476761619190406,0.8378378378378378
0.046546546546546545,0.8378378378378378
0.04661654135338346,0.8378378378378378
0.046686746987951805,0.8378378378378378
0.04675716440422323,0.8378378378378378
0.04682779456193353,0.8378378378378378
0.046898638426626324,0.8378378378378378
0.045454545454545456,0.8108108108108109
0.04552352048558422,0.8108108108108109
0.04559270516717325,0.8108108108108109
0.045662100456621,0.8108108108108109
0.04573170731707317,0.8108108108108109
0.04580152671755725,0.8108108108108109
0.045871559633027525,0.8108108108108109
0.045941807044410414,0.8108108108108109
0.046012269938650305,0.8108108108108109
0.04608294930875576,0.8108108108108109
0.046153846153846156,0.8108108108108109
0.046224961479198766,0.8108108108108109
0.046296296296296294,0.8108108108108109
0.04636785162287481,0.8108108108108109
0.04643962848297214,0.8108108108108109
0.046511627906976744,0.8108108108108109
0.046583850931677016,0.8108108108108109
0.04665629860031104,0.8108108108108109
0.04672897196261682,0.8108108108108109
0.046801872074883,0.8108108108108109
0.046875,0.8108108108108109
0.046948356807511735,0.8108108108108109
0.047021943573667714,0.8108108108108109
0.04709576138147567,0.8108108108108109
0.04716981132075472,0.8108108108108109
0.047244094488188976,0.8108108108108109
0.0473186119873817,0.8108108108108109
0.04739336492890995,0.8108108108108109
0.04588607594936709,0.7837837837837838
0.04595879556259905,0.7837837837837838
0.046031746031746035,0.7837837837837838
0.046104928457869634,0.7837837837837838
0.04617834394904458,0.7837837837837838
0.046251993620414676,0.7837837837837838
0.0463258785942492,0.7837837837837838
0.0464,0.7837837837837838
0.046474358974358976,0.7837837837837838
0.04654895666131621,0.7837837837837838
0.04662379421221865,0.7837837837837838
0.04669887278582931,0.7837837837837838
0.0467741935483871,0.7837837837837838
0.046849757673667204,0.7837837837837838
0.04692556634304207,0.7837837837837838
0.04700162074554295,0.7837837837837838
0.04707792207792208,0.7837837837837838
0.04715447154471545,0.7837837837837838
0.04723127035830619,0.7837837837837838
0.04730831973898858,0.7837837837837838
0.04738562091503268,0.7837837837837838
0.04746317512274959,0.7837837837837838
0.047540983606557376,0.7837837837837838
0.047619047619047616,0.7837837837837838
0.047697368421052634,0.7837837837837838
0.047775947281713346,0.7837837837837838
0.04785478547854786,0.7837837837837838
0.047933884297520664,0.7837837837837838
0.048013245033112585,0.7837837837837838
0.04643449419568822,0.7567567567567568
0.046511627906976744,0.7567567567567568
0.04658901830282862,0.7567567567567568
0.04666666666666667,0.7567567567567568
0.04674457429048414,0.7567567567567568
0.046822742474916385,0.7567567567567568
0.04690117252931323,0.7567567567567568
0.04697986577181208,0.7567567567567568
0.047058823529411764,0.7567567567567568
0.04713804713804714,0.7567567567567568
0.047217537942664416,0.7567567567567568
0.0472972972972973,0.7567567567567568
0.047377326565143825,0.7567567567567568
0.04745762711864407,0.7567567567567568
0.04753820033955857,0.7567567567567568
0.047619047619047616,0.7567567567567568
0.04770017035775128,0.7567567567567568
0.04778156996587031,0.7567567567567568
0.04786324786324787,0.7567567567567568
0.04794520547945205,0.7567567567567568
0.048027444253859346,0.7567567567567568
0.048109965635738834,0.7567567567567568
0.04819277108433735,0.7567567567567568
0.04827586206896552,0.7567567567567568
0.04835924006908463,0.7567567567567568
0.04844290657439446,0.7567567567567568
0.04852686308492201,0.7567567567567568
0.04861111111111111,0.7567567567567568
0.04869565217391304,0.7567567567567568
0.04878048780487805,0.7567567567567568
0.04886561954624782,0.7567567567567568
0.04895104895104895,0.7567567567567568
0.04903677758318739,0.7567567567567568
0.04912280701754386,0.7567567567567568
0.0492091388400703,0.7567567567567568
0.04929577464788732,0.7567567567567568
0.04938271604938271,0.7567567567567568
0.04946996466431095,0.7567567567567568
0.049557522123893805,0.7567567567567568
0.04964539007092199,0.7567567567567568
0.0497335701598579,0.7567567567567568
0.0498220640569395,0.7567567567567568
0.049910873440285206,0.7567567567567568
0.05,0.7567567567567568
0.05008944543828265,0.7567567567567568
0.05017921146953405,0.7567567567567568
0.05026929982046679,0.7567567567567568
0.050359712230215826,0.7567567567567568
0.05045045045045045,0.7567567567567568
0.05054151624548736,0.7567567567567568
0.05063291139240506,0.7567567567567568
0.050724637681159424,0.7567567567567568
0.050816696914700546,0.7567567567567568
0.05090909090909091,0.7567567567567568
0.051001821493624776,0.7567567567567568
0.051094890510948905,0.7567567567567568
0.051188299817184646,0.7567567567567568
0.05128205128205128,0.7567567567567568
0.05137614678899083,0.7567567567567568
0.051470588235294115,0.7567567567567568
0.05156537753222836,0.7567567567567568
0.05166051660516605,0.7567567567567568
0.051756007393715345,0.7567567567567568
0.05185185185185185,0.7567567567567568
0.05194805194805195,0.7567567567567568
0.05204460966542751,0.7567567567567568
0.0521415270018622,0.7567567567567568
0.05223880597014925,0.7567567567567568
0.052336448598130844,0.7567567567567568
0.052434456928838954,0.7567567567567568
0.0525328330206379,0.7567567567567568
0.05263157894736842,0.7567567567567568
0.05273069679849341,0.7567567567567568
0.052830188679245285,0.7567567567567568
0.052930056710775046,0.7567567567567568
0.05303030303030303,0.7567567567567568
0.05313092979127135,0.7567567567567568
0.053231939163498096,0.7567567567567568
0.05333333333333334,0.7567567567567568
0.05343511450381679,0.7567567567567568
0.05353728489483748,0.7567567567567568
0.05363984674329502,0.7567567567567568
0.053742802303262956,0.7567567567567568
0.05384615384615385,0.7567567567567568
0.05394990366088632,0.7567567567567568
0.05405405405405406,0.7567567567567568
0.05415860735009671,0.7567567567567568
0.05426356589147287,0.7567567567567568
0.05436893203883495,0.7567567567567568
0.054474708171206226,0.7567567567567568
0.05458089668615984,0.7567567567567568
0.0546875,0.7567567567567568
0.0547945205479452,0.7567567567567568
0.054901960784313725,0.7567567567567568
0.0550098231827112,0.7567567567567568
0.05511811023622047,0.7567567567567568
0.05325443786982249,0.7297297297297297
0.0533596837944664,0.7297297297297297
0.05148514851485148,0.7027027027027027
0.051587301587301584,0.7027027027027027
0.05168986083499006,0.7027027027027027
0.05179282868525897,0.7027027027027027
0.05189620758483034,0.7027027027027027
0.052,0.7027027027027027
0.052104208416833664,0.7027027027027027
0.05220883534136546,0.7027027027027027
0.052313883299798795,0.7027027027027027
0.05241935483870968,0.7027027027027027
0.052525252525252523,0.7027027027027027
0.05263157894736842,0.7027027027027027
0.05273833671399594,0.7027027027027027
0.052845528455284556,0.7027027027027027
0.05295315682281059,0.7027027027027027
0.053061224489795916,0.7027027027027027
0.053169734151329244,0.7027027027027027
0.05327868852459016,0.7027027027027027
0.053388090349075976,0.7027027027027027
0.053497942386831275,0.7027027027027027
0.05360824742268041,0.7027027027027027
0.05371900826446281,0.7027027027027027
0.053830227743271224,0.7027027027027027
0.05394190871369295,0.7027027027027027
0.05405405405405406,0.7027027027027027
0.05416666666666667,0.7027027027027027
0.054279749478079335,0.7027027027027027
0.05439330543933055,0.7027027027027027
0.05450733752620545,0.7027027027027027
0.0546218487394958,0.7027027027027027
0.05473684210526316,0.7027027027027027
0.05485232067510549,0.7027027027027027
0.05496828752642706,0.7027027027027027
0.05508474576271186,0.7027027027027027
0.055201698513800426,0.7027027027027027
0.05531914893617021,0.7027027027027027
0.05543710021321962,0.7027027027027027
0.05555555555555555,0.7027027027027027
0.055674518201284794,0.7027027027027027
0.055793991416309016,0.7027027027027027
0.053763440860215055,0.6756756756756757
0.05387931034482758,0.6756756756756757
0.05399568034557235,0.6756756756756757
0.05411255411255411,0.6756756756756757
0.05422993492407809,0.6756756756756757
0.05434782608695652,0.6756756756756757
0.054466230936819175,0.6756756756756757
0.05458515283842795,0.6756756756756757
0.05470459518599562,0.6756756756756757
0.05482456140350877,0.6756756756756757
0.054945054945054944,0.6756756756756757
0.05506607929515418,0.6756756756756757
0.05518763796909492,0.6756756756756757
0.05530973451327434,0.6756756756756757
0.05543237250554324,0.6756756756756757
0.05555555555555555,0.6756756756756757
0.0556792873051225,0.6756756756756757
0.05580357142857143,0.6756756756756757
0.05592841163310962,0.6756756756756757
0.05605381165919283,0.6756756756756757
0.056179775280898875,0.6756756756756757
0.05630630630630631,0.6756756756756757
0.056433408577878104,0.6756756756756757
0.05656108597285068,0.6756756756756757
0.05668934240362812,0.6756756756756757
0.056818181818181816,0.6756756756756757
0.05694760820045558,0.6756756756756757
0.05707762557077625,0.6756756756756757
0.057208237986270026,0.6756756756756757
0.05733944954128441,0.6756756756756757
0.05747126436781609,0.6756756756756757
0.0576036866359447,0.6756756756756757
0.057736720554272515,0.6756756756756757
0.05787037037037037,0.6756756756756757
0.058004640371229696,0.6756756756756757
0.05813953488372093,0.6756756756756757
0.05827505827505827,0.6756756756756757
0.05841121495327103,0.6756756756756757
0.0585480093676815,0.6756756756756757
0.05868544600938967,0.6756756756756757
0.058823529411764705,0.6756756756756757
0.0589622641509434,0.6756756756756757
0.0591016548463357,0.6756756756756757
0.05924170616113744,0.6756756756756757
0.05938242280285035,0.6756756756756757
0.05952380952380952,0.6756756756756757
0.059665871121718374,0.6756756756756757
0.05980861244019139,0.6756756756756757
0.05995203836930456,0.6756756756756757
0.06009615384615385,0.6756756756756757
0.060240963855421686,0.6756756756756757
0.06038647342995169,0.6756756756756757
0.06053268765133172,0.6756756756756757
0.06067961165048544,0.6756756756756757
0.06082725060827251,0.6756756756756757
0.06097560975609756,0.6756756756756757
0.061124694376528114,0.6756756756756757
0.061274509803921566,0.6756756756756757
0.06142506142506143,0.6756756756756757
0.06157635467980296,0.6756756756756757
0.06172839506172839,0.6756756756756757
0.06188118811881188,0.6756756756756757
0.062034739454094295,0.6756756756756757
0.06218905472636816,0.6756756756756757
0.06234413965087282,0.6756756756756757
0.0625,0.6756756756756757
0.06265664160401002,0.6756756756756757
0.06281407035175879,0.6756756756756757
0.06297229219143577,0.6756756756756757
0.06313131313131314,0.6756756756756757
0.06329113924050633,0.6756756756756757
0.06345177664974619,0.6756756756756757
0.06361323155216285,0.6756756756756757
0.06377551020408163,0.6756756756756757
0.0639386189258312,0.6756756756756757
0.06153846153846154,0.6486486486486487
0.061696658097686374,0.6486486486486487
0.061855670103092786,0.6486486486486487
0.06201550387596899,0.6486486486486487
0.06217616580310881,0.6486486486486487
0.06233766233766234,0.6486486486486487
0.0625,0.6486486486486487
0.06266318537859007,0.6486486486486487
0.06282722513089005,0.6486486486486487
0.06299212598425197,0.6486486486486487
0.06315789473684211,0.6486486486486487
0.0633245382585752,0.6486486486486487
0.06349206349206349,0.6486486486486487
0.0636604774535809,0.6486486486486487
0.06382978723404255,0.6486486486486487
0.064,0.6486486486486487
0.06417112299465241,0.6486486486486487
0.064343163538874,0.6486486486486487
0.06451612903225806,0.6486486486486487
0.0646900269541779,0.6486486486486487
0.06486486486486487,0.6486486486486487
0.06504065040650407,0.6486486486486487
0.06521739130434782,0.6486486486486487
0.0653950953678474,0.6486486486486487
0.06557377049180328,0.6486486486486487
0.06575342465753424,0.6486486486486487
0.06593406593406594,0.6486486486486487
0.06611570247933884,0.6486486486486487
0.06629834254143646,0.6486486486486487
0.0664819944598338,0.6486486486486487
0.06666666666666667,0.6486486486486487
0.06685236768802229,0.6486486486486487
0.0670391061452514,0.6486486486486487
0.06722689075630252,0.6486486486486487
0.06741573033707865,0.6486486486486487
0.0676056338028169,0.6486486486486487
0.06779661016949153,0.6486486486486487
0.0679886685552408,0.6486486486486487
0.06818181818181818,0.6486486486486487
0.06837606837606838,0.6486486486486487
0.06857142857142857,0.6486486486486487
0.06876790830945559,0.6486486486486487
0.06896551724137931,0.6486486486486487
0.069164265129683,0.6486486486486487
0.06936416184971098,0.6486486486486487
0.06956521739130435,0.6486486486486487
0.06976744186046512,0.6486486486486487
0.06997084548104957,0.6486486486486487
0.07017543859649122,0.6486486486486487
0.07038123167155426,0.6486486486486487
0.07058823529411765,0.6486486486486487
0.07079646017699115,0.6486486486486487
0.07100591715976332,0.6486486486486487
0.0712166172106825,0.6486486486486487
0.07142857142857142,0.6486486486486487
0.07164179104477612,0.6486486486486487
0.0718562874251497,0.6486486486486487
0.07207207207207207,0.6486486486486487
0.07228915662650602,0.6486486486486487
0.07250755287009064,0.6486486486486487
0.07272727272727272,0.6486486486486487
0.0729483282674772,0.6486486486486487
0.07317073170731707,0.6486486486486487
0.07339449541284404,0.6486486486486487
0.0736196319018405,0.6486486486486487
0.07384615384615385,0.6486486486486487
0.07407407407407407,0.6486486486486487
0.07430340557275542,0.6486486486486487
0.07453416149068323,0.6486486486486487
0.07476635514018691,0.6486486486486487
0.075,0.6486486486486487
0.07523510971786834,0.6486486486486487
0.07547169811320754,0.6486486486486487
0.07570977917981073,0.6486486486486487
0.0759493670886076,0.6486486486486487
0.0761904761904762,0.6486486486486487
0.07643312101910828,0.6486486486486487
0.07667731629392971,0.6486486486486487
0.07692307692307693,0.6486486486486487
0.07717041800643087,0.6486486486486487
0.07741935483870968,0.6486486486486487
0.07766990291262135,0.6486486486486487
0.07792207792207792,0.6486486486486487
0.0781758957654723,0.6486486486486487
0.0784313725490196,0.6486486486486487
0.07868852459016394,0.6486486486486487
0.07894736842105263,0.6486486486486487
0.07920792079207921,0.6486486486486487
0.07947019867549669,0.6486486486486487
0.07973421926910298,0.6486486486486487
0.08,0.6486486486486487
0.0802675585284281,0.6486486486486487
0.08053691275167785,0.6486486486486487
0.08080808080808081,0.6486486486486487
0.08108108108108109,0.6486486486486487
0.08135593220338982,0.6486486486486487
0.08163265306122448,0.6486486486486487
0.08191126279863481,0.6486486486486487
0.0821917808219178,0.6486486486486487
0.08247422680412371,0.6486486486486487
0.08275862068965517,0.6486486486486487
0.08304498269896193,0.6486486486486487
0.08333333333333333,0.6486486486486487
0.08362369337979095,0.6486486486486487
0.08391608391608392,0.6486486486486487
0.08421052631578947,0.6486486486486487
0.08450704225352113,0.6486486486486487
0.08480565371024736,0.6486486486486487
0.0851063829787234,0.6486486486486487
0.08540925266903915,0.6486486486486487
0.08571428571428572,0.6486486486486487
0.08602150537634409,0.6486486486486487
0.08633093525179857,0.6486486486486487
0.08664259927797834,0.6486486486486487
0.08695652173913043,0.6486486486486487
0.08727272727272728,0.6486486486486487
0.08759124087591241,0.6486486486486487
0.08791208791208792,0.6486486486486487
0.08823529411764706,0.6486486486486487
0.08856088560885608,0.6486486486486487
0.08888888888888889,0.6486486486486487
0.08921933085501858,0.6486486486486487
0.08955223880597014,0.6486486486486487
0.0898876404494382,0.6486486486486487
0.09022556390977443,0.6486486486486487
0.09056603773584905,0.6486486486486487
0.09090909090909091,0.6486486486486487
0.09125475285171103,0.6486486486486487
0.0916030534351145,0.6486486486486487
0.09195402298850575,0.6486486486486487
0.09230769230769231,0.6486486486486487
0.09266409266409266,0.6486486486486487
0.09302325581395349,0.6486486486486487
0.0933852140077821,0.6486486486486487
0.09375,0.6486486486486487
0.09411764705882353,0.6486486486486487
0.09448818897637795,0.6486486486486487
0.09486166007905138,0.6486486486486487
0.09523809523809523,0.6486486486486487
0.09561752988047809,0.6486486486486487
0.096,0.6486486486486487
0.0963855421686747,0.6486486486486487
0.0967741935483871,0.6486486486486487
0.09716599190283401,0.6486486486486487
0.0975609756097561,0.6486486486486487
0.09795918367346938,0.6486486486486487
0.09836065573770492,0.6486486486486487
0.09876543209876543,0.6486486486486487
0.09917355371900827,0.6486486486486487
0.0995850622406639,0.6486486486486487
0.1,0.6486486486486487
0.100418410041841,0.6486486486486487
0.10084033613445378,0.6486486486486487
0.10126582278481013,0.6486486486486487
0.1016949152542373,0.6486486486486487
0.10212765957446808,0.6486486486486487
0.10256410256410256,0.6486486486486487
0.10300429184549356,0.6486486486486487
0.10344827586206896,0.6486486486486487
0.1038961038961039,0.6486486486486487
0.10434782608695652,0.6486486486486487
0.10480349344978165,0.6486486486486487
0.10526315789473684,0.6486486486486487
0.10572687224669604,0.6486486486486487
0.10619469026548672,0.6486486486486487
0.10666666666666667,0.6486486486486487
0.10714285714285714,0.6486486486486487
0.10762331838565023,0.6486486486486487
0.10810810810810811,0.6486486486486487
0.1085972850678733,0.6486486486486487
0.10909090909090909,0.6486486486486487
0.1095890410958904,0.6486486486486487
0.11009174311926606,0.6486486486486487
0.11059907834101383,0.6486486486486487
0.1111111111111111,0.6486486486486487
0.11162790697674418,0.6486486486486487
0.11214953271028037,0.6486486486486487
0.11267605633802817,0.6486486486486487
0.11320754716981132,0.6486486486486487
0.11374407582938388,0.6486486486486487
0.11428571428571428,0.6486486486486487
0.11483253588516747,0.6486486486486487
0.11538461538461539,0.6486486486486487
0.11594202898550725,0.6486486486486487
0.11650485436893204,0.6486486486486487
0.11707317073170732,0.6486486486486487
0.11764705882352941,0.6486486486486487
0.11822660098522167,0.6486486486486487
0.1188118811881188,0.6486486486486487
0.11940298507462686,0.6486486486486487
0.12,0.6486486486486487
0.12060301507537688,0.6486486486486487
0.12121212121212122,0.6486486486486487
0.1218274111675127,0.6486486486486487
0.12244897959183673,0.6486486486486487
0.12307692307692308,0.6486486486486487
0.12371134020618557,0.6486486486486487
0.12435233160621761,0.6486486486486487
0.125,0.6486486486486487
0.1256544502617801,0.6486486486486487
0.12631578947368421,0.6486486486486487
0.12698412698412698,0.6486486486486487
0.1276595744680851,0.6486486486486487
0.12834224598930483,0.6486486486486487
0.12903225806451613,0.6486486486486487
0.12972972972972974,0.6486486486486487
0.13043478260869565,0.6486486486486487
0.13114754098360656,0.6486486486486487
0.13186813186813187,0.6486486486486487
0.13259668508287292,0.6486486486486487
0.13333333333333333,0.6486486486486487
0.1340782122905028,0.6486486486486487
0.1348314606741573,0.6486486486486487
0.13559322033898305,0.6486486486486487
0.13636363636363635,0.6486486486486487
0.13714285714285715,0.6486486486486487
0.13793103448275862,0.6486486486486487
0.13872832369942195,0.6486486486486487
0.13953488372093023,0.6486486486486487
0.14035087719298245,0.6486486486486487
0.1411764705882353,0.6486486486486487
0.14201183431952663,0.6486486486486487
0.14285714285714285,0.6486486486486487
0.1437125748502994,0.6486486486486487
0.14457831325301204,0.6486486486486487
0.14545454545454545,0.6486486486486487
0.14634146341463414,0.6486486486486487
0.147239263803681,0.6486486486486487
0.14814814814814814,0.6486486486486487
0.14906832298136646,0.6486486486486487
0.15,0.6486486486486487
0.1509433962264151,0.6486486486486487
0.1518987341772152,0.6486486486486487
0.15286624203821655,0.6486486486486487
0.15384615384615385,0.6486486486486487
0.15483870967741936,0.6486486486486487
0.15584415584415584,0.6486486486486487
0.1568627450980392,0.6486486486486487
0.15789473684210525,0.6486486486486487
0.15894039735099338,0.6486486486486487
0.16,0.6486486486486487
0.1610738255033557,0.6486486486486487
0.16216216216216217,0.6486486486486487
0.16326530612244897,0.6486486486486487
0.1643835616438356,0.6486486486486487
0.16551724137931034,0.6486486486486487
0.16666666666666666,0.6486486486486487
0.16783216783216784,0.6486486486486487
0.16901408450704225,0.6486486486486487
0.1702127659574468,0.6486486486486487
0.17142857142857143,0.6486486486486487
0.17266187050359713,0.6486486486486487
0.17391304347826086,0.6486486486486487
0.17518248175182483,0.6486486486486487
0.17647058823529413,0.6486486486486487
0.17777777777777778,0.6486486486486487
0.1791044776119403,0.6486486486486487
0.17293233082706766,0.6216216216216216
0.17424242424242425,0.6216216216216216
0.17557251908396945,0.6216216216216216
0.17692307692307693,0.6216216216216216
0.17829457364341086,0.6216216216216216
0.1796875,0.6216216216216216
0.18110236220472442,0.6216216216216216
0.18253968253968253,0.6216216216216216
0.184,0.6216216216216216
0.18548387096774194,0.6216216216216216
0.18699186991869918,0.6216216216216216
0.1885245901639344,0.6216216216216216
0.19008264462809918,0.6216216216216216
0.19166666666666668,0.6216216216216216
0.19327731092436976,0.6216216216216216
0.19491525423728814,0.6216216216216216
0.19658119658119658,0.6216216216216216
0.19827586206896552,0.6216216216216216
0.2,0.6216216216216216
0.20175438596491227,0.6216216216216216
0.20353982300884957,0.6216216216216216
0.20535714285714285,0.6216216216216216
0.2072072072072072,0.6216216216216216
0.20909090909090908,0.6216216216216216
0.21100917431192662,0.6216216216216216
0.21296296296296297,0.6216216216216216
0.21495327102803738,0.6216216216216216
0.2169811320754717,0.6216216216216216
0.21904761904761905,0.6216216216216216
0.22115384615384615,0.6216216216216216
0.22330097087378642,0.6216216216216216
0.22549019607843138,0.6216216216216216
0.22772277227722773,0.6216216216216216
0.23,0.6216216216216216
0.23232323232323232,0.6216216216216216
0.23469387755102042,0.6216216216216216
0.23711340206185566,0.6216216216216216
0.23958333333333334,0.6216216216216216
0.24210526315789474,0.6216216216216216
0.24468085106382978,0.6216216216216216
0.24731182795698925,0.6216216216216216
0.25,0.6216216216216216
0.25274725274725274,0.6216216216216216
0.25555555555555554,0.6216216216216216
0.25842696629213485,0.6216216216216216
0.26136363636363635,0.6216216216216216
0.26436781609195403,0.6216216216216216
0.26744186046511625,0.6216216216216216
0.27058823529411763,0.6216216216216216
0.27380952380952384,0.6216216216216216
0.27710843373493976,0.6216216216216216
0.2804878048780488,0.6216216216216216
0.2839506172839506,0.6216216216216216
0.2875,0.6216216216216216
0.27848101265822783,0.5945945945945946
0.28205128205128205,0.5945945945945946
0.2857142857142857,0.5945945945945946
0.2894736842105263,0.5945945945945946
0.28,0.5675675675675675
0.28378378378378377,0.5675675675675675
0.2876712328767123,0.5675675675675675
0.2916666666666667,0.5675675675675675
0.29577464788732394,0.5675675675675675
0.3,0.5675675675675675
0.30434782608695654,0.5675675675675675
0.3088235294117647,0.5675675675675675
0.29850746268656714,0.5405405405405406
0.30303030303030304,0.5405405405405406
0.3076923076923077,0.5405405405405406
0.3125,0.5405405405405406
0.31746031746031744,0.5405405405405406
0.3225806451612903,0.5405405405405406
0.32786885245901637,0.5405405405405406
0.3333333333333333,0.5405405405405406
0.3389830508474576,0.5405405405405406
0.3448275862068966,0.5405405405405406
0.3508771929824561,0.5405405405405406
0.35714285714285715,0.5405405405405406
0.34545454545454546,0.5135135135135135
0.35185185185185186,0.5135135135135135
0.3584905660377358,0.5135135135135135
0.36538461538461536,0.5135135135135135
0.37254901960784315,0.5135135135135135
0.38,0.5135135135135135
0.3877551020408163,0.5135135135135135
0.3958333333333333,0.5135135135135135
0.40425531914893614,0.5135135135135135
0.41304347826086957,0.5135135135135135
0.4222222222222222,0.5135135135135135
0.4318181818181818,0.5135135135135135
0.4418604651162791,0.5135135135135135
0.4523809523809524,0.5135135135135135
0.4634146341463415,0.5135135135135135
0.45,0.4864864864864865
0.46153846153846156,0.4864864864864865
0.47368421052631576,0.4864864864864865
0.4864864864864865,0.4864864864864865
0.4722222222222222,0.4594594594594595
0.4857142857142857,0.4594594594594595
0.5,0.4594594594594595
0.5151515151515151,0.4594594594594595
0.53125,0.4594594594594595
0.5483870967741935,0.4594594594594595
0.5666666666666667,0.4594594594594595
0.5862068965517241,0.4594594594594595
0.6071428571428571,0.4594594594594595
0.6296296296296297,0.4594594594594595
0.6153846153846154,0.43243243243243246
0.6,0.40540540540540543
0.625,0.40540540540540543
0.6521739130434783,0.40540540540540543
0.6363636363636364,0.3783783783783784
0.6190476190476191,0.35135135135135137
0.65,0.35135135135135137
0.631578947368421,0.32432432432432434
0.6666666666666666,0.32432432432432434
0.6470588235294118,0.2972972972972973
0.6875,0.2972972972972973
0.7333333333333333,0.2972972972972973
0.7857142857142857,0.2972972972972973
0.8461538461538461,0.2972972972972973
0.9166666666666666,0.2972972972972973
0.9090909090909091,0.2702702702702703
0.9,0.24324324324324326
0.8888888888888888,0.21621621621621623
0.875,0.1891891891891892
0.8571428571428571,0.16216216216216217
0.8333333333333334,0.13513513513513514
1.0,0.13513513513513514
1.0,0.10810810810810811
1.0,0.08108108108108109
1.0,0.05405405405405406
1.0,0.02702702702702703
1.0,0.0
