Precision,Recall
0.021118721461187213,1.0
0.020559680182752713,0.972972972972973
0.02057142857142857,0.972972972972973
0.02058319039451115,0.972972972972973
0.020594965675057208,0.972972972972973
0.0206067544361763,0.972972972972973
0.020618556701030927,0.972972972972973
0.020630372492836675,0.972972972972973
0.020642201834862386,0.972972972972973
0.020654044750430294,0.972972972972973
0.02066590126291619,0.972972972972973
0.02067777139574957,0.972972972972973
0.020689655172413793,0.972972972972973
0.020701552616446232,0.972972972972973
0.020713463751438434,0.972972972972973
0.02072538860103627,0.972972972972973
0.020737327188940093,0.972972972972973
0.0207492795389049,0.972972972972973
0.020761245674740483,0.972972972972973
0.0207732256203116,0.972972972972973
0.020785219399538105,0.972972972972973
0.02079722703639515,0.972972972972973
0.020809248554913295,0.972972972972973
0.020821283979178717,0.972972972972973
0.020833333333333332,0.972972972972973
0.020845396641574986,0.972972972972973
0.02085747392815759,0.972972972972973
0.020869565217391306,0.972972972972973
0.02088167053364269,0.972972972972973
0.02089378990133488,0.972972972972973
0.020905923344947737,0.972972972972973
0.020918070889018012,0.972972972972973
0.020930232558139535,0.972972972972973
0.020942408376963352,0.972972972972973
0.020954598370197905,0.972972972972973
0.020966802562609202,0.972972972972973
0.02097902097902098,0.972972972972973
0.02099125364431487,0.972972972972973
0.021003500583430573,0.972972972972973
0.021015761821366025,0.972972972972973
0.02102803738317757,0.972972972972973
0.02104032729398013,0.972972972972973
0.021052631578947368,0.972972972972973
0.021064950263311878,0.972972972972973
0.02107728337236534,0.972972972972973
0.0210896309314587,0.972972972972973
0.021101992966002344,0.972972972972973
0.021114369501466276,0.972972972972973
0.02112676056338028,0.972972972972973
0.021139166177334117,0.972972972972973
0.021151586368977675,0.972972972972973
0.021164021164021163,0.972972972972973
0.021176470588235293,0.972972972972973
0.02118893466745144,0.972972972972973
0.02120141342756184,0.972972972972973
0.02121390689451974,0.972972972972973
0.02122641509433962,0.972972972972973
0.021238938053097345,0.972972972972973
0.021251475796930343,0.972972972972973
0.021264028352037802,0.972972972972973
0.02127659574468085,0.972972972972973
0.021289178001182733,0.972972972972973
0.021301775147928994,0.972972972972973
0.021314387211367674,0.972972972972973
0.02132701421800948,0.972972972972973
0.02133965619442798,0.972972972972973
0.021352313167259787,0.972972972972973
0.021364985163204748,0.972972972972973
0.021377672209026127,0.972972972972973
0.0213903743315508,0.972972972972973
0.02140309155766944,0.972972972972973
0.021415823914336704,0.972972972972973
0.02142857142857143,0.972972972972973
0.02144133412745682,0.972972972972973
0.021454112038140644,0.972972972972973
0.02146690518783542,0.972972972972973
0.021479713603818614,0.972972972972973
0.021492537313432834,0.972972972972973
0.021505376344086023,0.972972972972973
0.021518230723251645,0.972972972972973
0.0215311004784689,0.972972972972973
0.02154398563734291,0.972972972972973
0.02155688622754491,0.972972972972973
0.02156980227681246,0.972972972972973
0.02158273381294964,0.972972972972973
0.021595680863827234,0.972972972972973
0.021608643457382955,0.972972972972973
0.021621621621621623,0.972972972972973
0.021634615384615384,0.972972972972973
0.02164762477450391,0.972972972972973
0.021660649819494584,0.972972972972973
0.021673690547862733,0.972972972972973
0.021686746987951807,0.972972972972973
0.0216998191681736,0.972972972972973
0.021712907117008445,0.972972972972973
0.02172601086300543,0.972972972972973
0.021739130434782608,0.972972972972973
0.02175226586102719,0.972972972972973
0.02176541717049577,0.972972972972973
0.021778584392014518,0.972972972972973
0.021791767554479417,0.972972972972973
0.021804966686856452,0.972972972972973
0.02181818181818182,0.972972972972973
0.021831412977562158,0.972972972972973
0.021844660194174758,0.972972972972973
0.02185792349726776,0.972972972972973
0.02187120291616039,0.972972972972973
0.02188449848024316,0.972972972972973
0.021897810218978103,0.972972972972973
0.021911138161898967,0.972972972972973
0.02192448233861145,0.972972972972973
0.021937842778793418,0.972972972972973
0.02195121951219512,0.972972972972973
0.021964612568639415,0.972972972972973
0.02197802197802198,0.972972972972973
0.021991447770311544,0.972972972972973
0.022004889975550123,0.972972972972973
0.022018348623853212,0.972972972972973
0.022031823745410038,0.972972972972973
0.02204531537048377,0.972972972972973
0.022058823529411766,0.972972972972973
0.022072348252605765,0.972972972972973
0.022085889570552148,0.972972972972973
0.022099447513812154,0.972972972972973
0.022113022113022112,0.972972972972973
0.022126613398893668,0.972972972972973
0.02214022140221402,0.972972972972973
0.022153846153846152,0.972972972972973
0.022167487684729065,0.972972972972973
0.022181146025878003,0.972972972972973
0.02219482120838471,0.972972972972973
0.022208513263417645,0.972972972972973
0.022222222222222223,0.972972972972973
0.022235948116121063,0.972972972972973
0.022249690976514216,0.972972972972973
0.022263450834879406,0.972972972972973
0.022277227722772276,0.972972972972973
0.022291021671826627,0.972972972972973
0.022304832713754646,0.972972972972973
0.022318660880347178,0.972972972972973
0.022332506203473945,0.972972972972973
0.0223463687150838,0.972972972972973
0.02236024844720497,0.972972972972973
0.022374145431945307,0.972972972972973
0.022388059701492536,0.972972972972973
0.0224019912881145,0.972972972972973
0.0224159402241594,0.972972972972973
0.022429906542056073,0.972972972972973
0.022443890274314215,0.972972972972973
0.022457891453524642,0.972972972972973
0.02247191011235955,0.972972972972973
0.022485946283572766,0.972972972972973
0.0225,0.972972972972973
0.0225140712945591,0.972972972972973
0.02252816020025031,0.972972972972973
0.022542266750156543,0.972972972972973
0.022556390977443608,0.972972972972973
0.0225705329153605,0.972972972972973
0.02258469259723965,0.972972972972973
0.022598870056497175,0.972972972972973
0.022613065326633167,0.972972972972973
0.02262727844123193,0.972972972972973
0.022641509433962263,0.972972972972973
0.022655758338577723,0.972972972972973
0.022670025188916875,0.972972972972973
0.022684310018903593,0.972972972972973
0.02269861286254729,0.972972972972973
0.022712933753943218,0.972972972972973
0.022727272727272728,0.972972972972973
0.022741629816803537,0.972972972972973
0.022756005056890013,0.972972972972973
0.022770398481973434,0.972972972972973
0.02278481012658228,0.972972972972973
0.022799240025332488,0.972972972972973
0.022813688212927757,0.972972972972973
0.022828154724159798,0.972972972972973
0.02284263959390863,0.972972972972973
0.022857142857142857,0.972972972972973
0.022871664548919948,0.972972972972973
0.02288620470438652,0.972972972972973
0.022900763358778626,0.972972972972973
0.022915340547422024,0.972972972972973
0.022929936305732482,0.972972972972973
0.022944550669216062,0.972972972972973
0.02295918367346939,0.972972972972973
0.02297383535417996,0.972972972972973
0.022988505747126436,0.972972972972973
0.023003194888178913,0.972972972972973
0.023017902813299233,0.972972972972973
0.023032629558541268,0.972972972972973
0.023047375160051217,0.972972972972973
0.023062139654067906,0.972972972972973
0.023076923076923078,0.972972972972973
0.023091725465041693,0.972972972972973
0.023106546854942234,0.972972972972973
0.023121387283236993,0.972972972972973
0.02313624678663239,0.972972972972973
0.02315112540192926,0.972972972972973
0.023166023166023165,0.972972972972973
0.0231809401159047,0.972972972972973
0.023195876288659795,0.972972972972973
0.02321083172147002,0.972972972972973
0.023225806451612905,0.972972972972973
0.023240800516462233,0.972972972972973
0.023255813953488372,0.972972972972973
0.023270846800258566,0.972972972972973
0.02328589909443726,0.972972972972973
0.02330097087378641,0.972972972972973
0.023316062176165803,0.972972972972973
0.023331173039533377,0.972972972972973
0.023346303501945526,0.972972972972973
0.02336145360155743,0.972972972972973
0.023376623376623377,0.972972972972973
0.023391812865497075,0.972972972972973
0.02340702210663199,0.972972972972973
0.02342225113858165,0.972972972972973
0.0234375,0.972972972972973
0.023452768729641693,0.972972972972973
0.02346805736636245,0.972972972972973
0.023483365949119372,0.972972972972973
0.02349869451697128,0.972972972972973
0.023514043109079032,0.972972972972973
0.023529411764705882,0.972972972972973
0.02354480052321779,0.972972972972973
0.02356020942408377,0.972972972972973
0.023575638506876228,0.972972972972973
0.023591087811271297,0.972972972972973
0.02360655737704918,0.972972972972973
0.023622047244094488,0.972972972972973
0.023637557452396585,0.972972972972973
0.023653088042049936,0.972972972972973
0.023668639053254437,0.972972972972973
0.02368421052631579,0.972972972972973
0.02369980250164582,0.972972972972973
0.023715415019762844,0.972972972972973
0.023731048121292023,0.972972972972973
0.023746701846965697,0.972972972972973
0.023762376237623763,0.972972972972973
0.023778071334214,0.972972972972973
0.023793787177792465,0.972972972972973
0.023809523809523808,0.972972972972973
0.02382528127068167,0.972972972972973
0.02384105960264901,0.972972972972973
0.02385685884691849,0.972972972972973
0.023872679045092837,0.972972972972973
0.023888520238885203,0.972972972972973
0.02390438247011952,0.972972972972973
0.023920265780730896,0.972972972972973
0.023936170212765957,0.972972972972973
0.023952095808383235,0.972972972972973
0.023968042609853527,0.972972972972973
0.023984010659560292,0.972972972972973
0.024,0.972972972972973
0.02401601067378252,0.972972972972973
0.02403204272363151,0.972972972972973
0.02404809619238477,0.972972972972973
0.02406417112299465,0.972972972972973
0.024080267558528427,0.972972972972973
0.024096385542168676,0.972972972972973
0.024112525117213665,0.972972972972973
0.024128686327077747,0.972972972972973
0.02414486921529175,0.972972972972973
0.024161073825503355,0.972972972972973
0.02350570852921424,0.9459459459459459
0.023521505376344086,0.9459459459459459
0.023537323470073975,0.9459459459459459
0.023553162853297442,0.9459459459459459
0.02356902356902357,0.9459459459459459
0.02358490566037736,0.9459459459459459
0.023600809170600135,0.9459459459459459
0.023616734143049933,0.9459459459459459
0.02363268062120189,0.9459459459459459
0.02364864864864865,0.9459459459459459
0.023664638269100743,0.9459459459459459
0.02368064952638701,0.9459459459459459
0.023696682464454975,0.9459459459459459
0.023712737127371274,0.9459459459459459
0.023728813559322035,0.9459459459459459
0.023744911804613297,0.9459459459459459
0.02376103190767142,0.9459459459459459
0.02377717391304348,0.9459459459459459
0.02379333786539769,0.9459459459459459
0.023809523809523808,0.9459459459459459
0.023825731790333562,0.9459459459459459
0.023841961852861037,0.9459459459459459
0.023858214042263123,0.9459459459459459
0.023874488403819918,0.9459459459459459
0.023890784982935155,0.9459459459459459
0.02390710382513661,0.9459459459459459
0.023923444976076555,0.9459459459459459
0.023939808481532147,0.9459459459459459
0.023956194387405885,0.9459459459459459
0.023972602739726026,0.9459459459459459
0.023989033584647018,0.9459459459459459
0.02400548696844993,0.9459459459459459
0.024021962937542895,0.9459459459459459
0.02403846153846154,0.9459459459459459
0.024054982817869417,0.9459459459459459
0.024071526822558458,0.9459459459459459
0.024088093599449415,0.9459459459459459
0.024104683195592287,0.9459459459459459
0.024121295658166782,0.9459459459459459
0.02413793103448276,0.9459459459459459
0.024154589371980676,0.9459459459459459
0.024171270718232045,0.9459459459459459
0.024187975120939877,0.9459459459459459
0.024204702627939143,0.9459459459459459
0.02422145328719723,0.9459459459459459
0.024238227146814405,0.9459459459459459
0.024255024255024255,0.9459459459459459
0.024271844660194174,0.9459459459459459
0.024288688410825817,0.9459459459459459
0.024305555555555556,0.9459459459459459
0.024322446143154968,0.9459459459459459
0.024339360222531293,0.9459459459459459
0.024356297842727904,0.9459459459459459
0.02437325905292479,0.9459459459459459
0.024390243902439025,0.9459459459459459
0.024407252440725245,0.9459459459459459
0.024424284717376135,0.9459459459459459
0.024441340782122904,0.9459459459459459
0.02445842068483578,0.9459459459459459
0.024475524475524476,0.9459459459459459
0.0244926522043387,0.9459459459459459
0.024509803921568627,0.9459459459459459
0.02452697967764541,0.9459459459459459
0.024544179523141654,0.9459459459459459
0.02456140350877193,0.9459459459459459
0.02457865168539326,0.9459459459459459
0.024595924104005622,0.9459459459459459
0.02461322081575246,0.9459459459459459
0.024630541871921183,0.9459459459459459
0.02464788732394366,0.9459459459459459
0.02466525722339676,0.9459459459459459
0.02468265162200282,0.9459459459459459
0.024700070571630206,0.9459459459459459
0.024717514124293787,0.9459459459459459
0.024734982332155476,0.9459459459459459
0.024752475247524754,0.9459459459459459
0.024769992922859165,0.9459459459459459
0.024787535410764873,0.9459459459459459
0.024805102763997167,0.9459459459459459
0.024822695035460994,0.9459459459459459
0.0248403122782115,0.9459459459459459
0.024857954545454544,0.9459459459459459
0.024875621890547265,0.9459459459459459
0.024893314366998577,0.9459459459459459
0.02491103202846975,0.9459459459459459
0.02492877492877493,0.9459459459459459
0.024946543121881683,0.9459459459459459
0.024964336661911554,0.9459459459459459
0.024982155603140613,0.9459459459459459
0.025,0.9459459459459459
0.02501786990707648,0.9459459459459459
0.02503576537911302,0.9459459459459459
0.025053686471009307,0.9459459459459459
0.025071633237822348,0.9459459459459459
0.025089605734767026,0.9459459459459459
0.025107604017216643,0.9459459459459459
0.02512562814070352,0.9459459459459459
0.02514367816091954,0.9459459459459459
0.02516175413371675,0.9459459459459459
0.025179856115107913,0.9459459459459459
0.0251979841612671,0.9459459459459459
0.02521613832853026,0.9459459459459459
0.025234318673395817,0.9459459459459459
0.025252525252525252,0.9459459459459459
0.02527075812274368,0.9459459459459459
0.025289017341040464,0.9459459459459459
0.025307302964569775,0.9459459459459459
0.02532561505065123,0.9459459459459459
0.025343953656770456,0.9459459459459459
0.025362318840579712,0.9459459459459459
0.025380710659898477,0.9459459459459459
0.02539912917271408,0.9459459459459459
0.025417574437182282,0.9459459459459459
0.025436046511627907,0.9459459459459459
0.025454545454545455,0.9459459459459459
0.025473071324599708,0.9459459459459459
0.025491624180626365,0.9459459459459459
0.025510204081632654,0.9459459459459459
0.025528811086797956,0.9459459459459459
0.025547445255474453,0.9459459459459459
0.02556610664718773,0.9459459459459459
0.025584795321637425,0.9459459459459459
0.025603511338697878,0.9459459459459459
0.02562225475841874,0.9459459459459459
0.02564102564102564,0.9459459459459459
0.025659824046920823,0.9459459459459459
0.025678650036683785,0.9459459459459459
0.02569750367107195,0.9459459459459459
0.025716385011021307,0.9459459459459459
0.025735294117647058,0.9459459459459459
0.025754231052244298,0.9459459459459459
0.02577319587628866,0.9459459459459459
0.025792188651436992,0.9459459459459459
0.025811209439528023,0.9459459459459459
0.025830258302583026,0.9459459459459459
0.0258493353028065,0.9459459459459459
0.025868440502586843,0.9459459459459459
0.025887573964497042,0.9459459459459459
0.025906735751295335,0.9459459459459459
0.025925925925925925,0.9459459459459459
0.025945144551519646,0.9459459459459459
0.02596439169139466,0.9459459459459459
0.025983667409057165,0.9459459459459459
0.02600297176820208,0.9459459459459459
0.026022304832713755,0.9459459459459459
0.026041666666666668,0.9459459459459459
0.026061057334326135,0.9459459459459459
0.02608047690014903,0.9459459459459459
0.02609992542878449,0.9459459459459459
0.026119402985074626,0.9459459459459459
0.026138909634055265,0.9459459459459459
0.026158445440956652,0.9459459459459459
0.02617801047120419,0.9459459459459459
0.02619760479041916,0.9459459459459459
0.026217228464419477,0.9459459459459459
0.02623688155922039,0.9459459459459459
0.02625656414103526,0.9459459459459459
0.026276276276276277,0.9459459459459459
0.02629601803155522,0.9459459459459459
0.02631578947368421,0.9459459459459459
0.02633559066967645,0.9459459459459459
0.02635542168674699,0.9459459459459459
0.02637528259231349,0.9459459459459459
0.026395173453996983,0.9459459459459459
0.026415094339622643,0.9459459459459459
0.026435045317220542,0.9459459459459459
0.026455026455026454,0.9459459459459459
0.0264750378214826,0.9459459459459459
0.026495079485238455,0.9459459459459459
0.026515151515151516,0.9459459459459459
0.026535253980288095,0.9459459459459459
0.026555386949924126,0.9459459459459459
0.026575550493545937,0.9459459459459459
0.026595744680851064,0.9459459459459459
0.026615969581749048,0.9459459459459459
0.02663622526636225,0.9459459459459459
0.026656511805026657,0.9459459459459459
0.026676829268292682,0.9459459459459459
0.02669717772692601,0.9459459459459459
0.026717557251908396,0.9459459459459459
0.026737967914438502,0.9459459459459459
0.026758409785932722,0.9459459459459459
0.026778882938026015,0.9459459459459459
0.02679938744257274,0.9459459459459459
0.02681992337164751,0.9459459459459459
0.026840490797546013,0.9459459459459459
0.02686108979278588,0.9459459459459459
0.026881720430107527,0.9459459459459459
0.026902382782475018,0.9459459459459459
0.026923076923076925,0.9459459459459459
0.026943802925327175,0.9459459459459459
0.026964560862865947,0.9459459459459459
0.026985350809560524,0.9459459459459459
0.02700617283950617,0.9459459459459459
0.02702702702702703,0.9459459459459459
0.02704791344667697,0.9459459459459459
0.027068832173240527,0.9459459459459459
0.027089783281733747,0.9459459459459459
0.027110766847405113,0.9459459459459459
0.027131782945736434,0.9459459459459459
0.027152831652443754,0.9459459459459459
0.02717391304347826,0.9459459459459459
0.027195027195027196,0.9459459459459459
0.027216174183514776,0.9459459459459459
0.027237354085603113,0.9459459459459459
0.027258566978193146,0.9459459459459459
0.027279812938425563,0.9459459459459459
0.027301092043681748,0.9459459459459459
0.0273224043715847,0.9459459459459459
0.02734375,0.9459459459459459
0.027365129007036748,0.9459459459459459
0.027386541471048513,0.9459459459459459
0.0274079874706343,0.9459459459459459
0.0274294670846395,0.9459459459459459
0.027450980392156862,0.9459459459459459
0.027472527472527472,0.9459459459459459
0.02749410840534171,0.9459459459459459
0.027515723270440252,0.9459459459459459
0.02753737214791503,0.9459459459459459
0.027559055118110236,0.9459459459459459
0.027580772261623327,0.9459459459459459
0.027602523659305992,0.9459459459459459
0.027624309392265192,0.9459459459459459
0.02764612954186414,0.9459459459459459
0.02766798418972332,0.9459459459459459
0.027689873417721517,0.9459459459459459
0.027711797307996833,0.9459459459459459
0.0277337559429477,0.9459459459459459
0.02775574940523394,0.9459459459459459
0.027777777777777776,0.9459459459459459
0.02779984114376489,0.9459459459459459
0.02782193958664547,0.9459459459459459
0.02784407319013524,0.9459459459459459
0.02786624203821656,0.9459459459459459
0.027888446215139442,0.9459459459459459
0.027910685805422646,0.9459459459459459
0.027932960893854747,0.9459459459459459
0.027955271565495207,0.9459459459459459
0.027977617905675458,0.9459459459459459
0.028,0.9459459459459459
0.02802241793434748,0.9459459459459459
0.028044871794871796,0.9459459459459459
0.028067361668003207,0.9459459459459459
0.028089887640449437,0.9459459459459459
0.028112449799196786,0.9459459459459459
0.028135048231511254,0.9459459459459459
0.02815768302493966,0.9459459459459459
0.02818035426731079,0.9459459459459459
0.028203062046736505,0.9459459459459459
0.028225806451612902,0.9459459459459459
0.02824858757062147,0.9459459459459459
0.02827140549273021,0.9459459459459459
0.028294260307194827,0.9459459459459459
0.02831715210355987,0.9459459459459459
0.02834008097165992,0.9459459459459459
0.028363047001620744,0.9459459459459459
0.028386050283860504,0.9459459459459459
0.028409090909090908,0.9459459459459459
0.02843216896831844,0.9459459459459459
0.028455284552845527,0.9459459459459459
0.028478437754271765,0.9459459459459459
0.028501628664495113,0.9459459459459459
0.02852485737571312,0.9459459459459459
0.028548123980424143,0.9459459459459459
0.02857142857142857,0.9459459459459459
0.028594771241830064,0.9459459459459459
0.028618152085036794,0.9459459459459459
0.028641571194762683,0.9459459459459459
0.028665028665028666,0.9459459459459459
0.028688524590163935,0.9459459459459459
0.02871205906480722,0.9459459459459459
0.028735632183908046,0.9459459459459459
0.02875924404272802,0.9459459459459459
0.028782894736842105,0.9459459459459459
0.02880658436213992,0.9459459459459459
0.028830313014827018,0.9459459459459459
0.028854080791426217,0.9459459459459459
0.028877887788778877,0.9459459459459459
0.028901734104046242,0.9459459459459459
0.028925619834710745,0.9459459459459459
0.028949545078577336,0.9459459459459459
0.028973509933774833,0.9459459459459459
0.02899751449875725,0.9459459459459459
0.02902155887230514,0.9459459459459459
0.029045643153526972,0.9459459459459459
0.029069767441860465,0.9459459459459459
0.029093931837073983,0.9459459459459459
0.029118136439267885,0.9459459459459459
0.029142381348875937,0.9459459459459459
0.029166666666666667,0.9459459459459459
0.029190992493744787,0.9459459459459459
0.02921535893155259,0.9459459459459459
0.029239766081871343,0.9459459459459459
0.029264214046822744,0.9459459459459459
0.029288702928870293,0.9459459459459459
0.02931323283082077,0.9459459459459459
0.02933780385582565,0.9459459459459459
0.02936241610738255,0.9459459459459459
0.02938706968933669,0.9459459459459459
0.029411764705882353,0.9459459459459459
0.02943650126156434,0.9459459459459459
0.029461279461279462,0.9459459459459459
0.02948609941027801,0.9459459459459459
0.02951096121416526,0.9459459459459459
0.029535864978902954,0.9459459459459459
0.02956081081081081,0.9459459459459459
0.029585798816568046,0.9459459459459459
0.02961082910321489,0.9459459459459459
0.029635901778154106,0.9459459459459459
0.029661016949152543,0.9459459459459459
0.029686174724342665,0.9459459459459459
0.029711375212224108,0.9459459459459459
0.029736618521665252,0.9459459459459459
0.02976190476190476,0.9459459459459459
0.029787234042553193,0.9459459459459459
0.029812606473594547,0.9459459459459459
0.029838022165387893,0.9459459459459459
0.029863481228668942,0.9459459459459459
0.029888983774551667,0.9459459459459459
0.029914529914529916,0.9459459459459459
0.029940119760479042,0.9459459459459459
0.029965753424657533,0.9459459459459459
0.029991431019708654,0.9459459459459459
0.030017152658662092,0.9459459459459459
0.030042918454935622,0.9459459459459459
0.03006872852233677,0.9459459459459459
0.03009458297506449,0.9459459459459459
0.030120481927710843,0.9459459459459459
0.030146425495262703,0.9459459459459459
0.03017241379310345,0.9459459459459459
0.030198446937014668,0.9459459459459459
0.030224525043177894,0.9459459459459459
0.03025064822817632,0.9459459459459459
0.03027681660899654,0.9459459459459459
0.030303030303030304,0.9459459459459459
0.030329289428076257,0.9459459459459459
0.030355594102341718,0.9459459459459459
0.030381944444444444,0.9459459459459459
0.030408340573414423,0.9459459459459459
0.030434782608695653,0.9459459459459459
0.030461270670147953,0.9459459459459459
0.03048780487804878,0.9459459459459459
0.03051438535309503,0.9459459459459459
0.030541012216404886,0.9459459459459459
0.03056768558951965,0.9459459459459459
0.030594405594405596,0.9459459459459459
0.03062117235345582,0.9459459459459459
0.03064798598949212,0.9459459459459459
0.03067484662576687,0.9459459459459459
0.03070175438596491,0.9459459459459459
0.030728709394205442,0.9459459459459459
0.030755711775043937,0.9459459459459459
0.030782761653474055,0.9459459459459459
0.030809859154929578,0.9459459459459459
0.030837004405286344,0.9459459459459459
0.030864197530864196,0.9459459459459459
0.03089143865842895,0.9459459459459459
0.030918727915194347,0.9459459459459459
0.03094606542882405,0.9459459459459459
0.030973451327433628,0.9459459459459459
0.03100088573959256,0.9459459459459459
0.03102836879432624,0.9459459459459459
0.031055900621118012,0.9459459459459459
0.03108348134991119,0.9459459459459459
0.03111111111111111,0.9459459459459459
0.03113879003558719,0.9459459459459459
0.031166518254674976,0.9459459459459459
0.031194295900178252,0.9459459459459459
0.031222123104371096,0.9459459459459459
0.03125,0.9459459459459459
0.03127792672028597,0.9459459459459459
0.03130590339892665,0.9459459459459459
0.03133393017009848,0.9459459459459459
0.03136200716845878,0.9459459459459459
0.03139013452914798,0.9459459459459459
0.03141831238779174,0.9459459459459459
0.031446540880503145,0.9459459459459459
0.03147482014388489,0.9459459459459459
0.0315031503150315,0.9459459459459459
0.03153153153153153,0.9459459459459459
0.031559963931469794,0.9459459459459459
0.0315884476534296,0.9459459459459459
0.031616982836495035,0.9459459459459459
0.03164556962025317,0.9459459459459459
0.03167420814479638,0.9459459459459459
0.03170289855072464,0.9459459459459459
0.03173164097914778,0.9459459459459459
0.03176043557168784,0.9459459459459459
0.03178928247048138,0.9459459459459459
0.031818181818181815,0.9459459459459459
0.03184713375796178,0.9459459459459459
0.031876138433515486,0.9459459459459459
0.03190519598906107,0.9459459459459459
0.03193430656934307,0.9459459459459459
0.0319634703196347,0.9459459459459459
0.031992687385740404,0.9459459459459459
0.03202195791399817,0.9459459459459459
0.03205128205128205,0.9459459459459459
0.032080659945004586,0.9459459459459459
0.03211009174311927,0.9459459459459459
0.03213957759412305,0.9459459459459459
0.03216911764705882,0.9459459459459459
0.03219871205151794,0.9459459459459459
0.03222836095764273,0.9459459459459459
0.03225806451612903,0.9459459459459459
0.03228782287822878,0.9459459459459459
0.032317636195752536,0.9459459459459459
0.03234750462107209,0.9459459459459459
0.032377428307123035,0.9459459459459459
0.032407407407407406,0.9459459459459459
0.03243744207599629,0.9459459459459459
0.032467532467532464,0.9459459459459459
0.032497678737233054,0.9459459459459459
0.032527881040892194,0.9459459459459459
0.03255813953488372,0.9459459459459459
0.032588454376163874,0.9459459459459459
0.032618825722273995,0.9459459459459459
0.03264925373134328,0.9459459459459459
0.032679738562091505,0.9459459459459459
0.03271028037383177,0.9459459459459459
0.03274087932647334,0.9459459459459459
0.03277153558052434,0.9459459459459459
0.03280224929709466,0.9459459459459459
0.03283302063789869,0.9459459459459459
0.03286384976525822,0.9459459459459459
0.03289473684210526,0.9459459459459459
0.03292568203198495,0.9459459459459459
0.03295668549905838,0.9459459459459459
0.03298774740810556,0.9459459459459459
0.0330188679245283,0.9459459459459459
0.033050047214353166,0.9459459459459459
0.0330812854442344,0.9459459459459459
0.033112582781456956,0.9459459459459459
0.03314393939393939,0.9459459459459459
0.03317535545023697,0.9459459459459459
0.03320683111954459,0.9459459459459459
0.03323836657169991,0.9459459459459459
0.03326996197718631,0.9459459459459459
0.03330161750713606,0.9459459459459459
0.03333333333333333,0.9459459459459459
0.03336510962821735,0.9459459459459459
0.033396946564885496,0.9459459459459459
0.033428844317096466,0.9459459459459459
0.033460803059273424,0.9459459459459459
0.03349282296650718,0.9459459459459459
0.033524904214559385,0.9459459459459459
0.03355704697986577,0.9459459459459459
0.03358925143953935,0.9459459459459459
0.03362151777137368,0.9459459459459459
0.03365384615384615,0.9459459459459459
0.03368623676612127,0.9459459459459459
0.03371868978805395,0.9459459459459459
0.033751205400192864,0.9459459459459459
0.033783783783783786,0.9459459459459459
0.033816425120772944,0.9459459459459459
0.033849129593810444,0.9459459459459459
0.03388189738625363,0.9459459459459459
0.03391472868217054,0.9459459459459459
0.03394762366634336,0.9459459459459459
0.03398058252427184,0.9459459459459459
0.034013605442176874,0.9459459459459459
0.03404669260700389,0.9459459459459459
0.034079844206426485,0.9459459459459459
0.0341130604288499,0.9459459459459459
0.03414634146341464,0.9459459459459459
0.0341796875,0.9459459459459459
0.03421309872922776,0.9459459459459459
0.03424657534246575,0.9459459459459459
0.034280117531831536,0.9459459459459459
0.03431372549019608,0.9459459459459459
0.03434739941118744,0.9459459459459459
0.0343811394891945,0.9459459459459459
0.0344149459193707,0.9459459459459459
0.0344488188976378,0.9459459459459459
0.034482758620689655,0.9459459459459459
0.03451676528599606,0.9459459459459459
0.034550839091806514,0.9459459459459459
0.03458498023715415,0.9459459459459459
0.03461918892185954,0.9459459459459459
0.034653465346534656,0.9459459459459459
0.03468780971258672,0.9459459459459459
0.034722222222222224,0.9459459459459459
0.03475670307845084,0.9459459459459459
0.03479125248508946,0.9459459459459459
0.03482587064676617,0.9459459459459459
0.0348605577689243,0.9459459459459459
0.03489531405782652,0.9459459459459459
0.03493013972055888,0.9459459459459459
0.03496503496503497,0.9459459459459459
0.035,0.9459459459459459
0.035035035035035036,0.9459459459459459
0.03507014028056112,0.9459459459459459
0.03510531594784353,0.9459459459459459
0.035140562248995984,0.9459459459459459
0.035175879396984924,0.9459459459459459
0.035211267605633804,0.9459459459459459
0.035246727089627394,0.9459459459459459
0.03528225806451613,0.9459459459459459
0.035317860746720484,0.9459459459459459
0.03535353535353535,0.9459459459459459
0.03538928210313448,0.9459459459459459
0.0354251012145749,0.9459459459459459
0.03546099290780142,0.9459459459459459
0.035496957403651115,0.9459459459459459
0.03553299492385787,0.9459459459459459
0.03556910569105691,0.9459459459459459
0.03560528992878942,0.9459459459459459
0.035641547861507125,0.9459459459459459
0.03567787971457696,0.9459459459459459
0.03571428571428571,0.9459459459459459
0.03575076608784474,0.9459459459459459
0.03578732106339468,0.9459459459459459
0.03582395087001024,0.9459459459459459
0.035860655737704916,0.9459459459459459
0.035897435897435895,0.9459459459459459
0.03593429158110883,0.9459459459459459
0.03597122302158273,0.9459459459459459
0.0360082304526749,0.9459459459459459
0.03604531410916581,0.9459459459459459
0.03608247422680412,0.9459459459459459
0.03611971104231166,0.9459459459459459
0.03615702479338843,0.9459459459459459
0.03619441571871768,0.9459459459459459
0.036231884057971016,0.9459459459459459
0.03626943005181347,0.9459459459459459
0.03630705394190872,0.9459459459459459
0.036344755970924195,0.9459459459459459
0.036382536382536385,0.9459459459459459
0.036420395421436005,0.9459459459459459
0.036458333333333336,0.9459459459459459
0.0364963503649635,0.9459459459459459
0.03653444676409186,0.9459459459459459
0.03657262277951933,0.9459459459459459
0.036610878661087864,0.9459459459459459
0.03664921465968586,0.9459459459459459
0.03668763102725367,0.9459459459459459
0.03672612801678909,0.9459459459459459
0.03676470588235294,0.9459459459459459
0.03680336487907466,0.9459459459459459
0.03684210526315789,0.9459459459459459
0.0368809272918862,0.9459459459459459
0.03691983122362869,0.9459459459459459
0.03695881731784583,0.9459459459459459
0.03699788583509514,0.9459459459459459
0.037037037037037035,0.9459459459459459
0.037076271186440676,0.9459459459459459
0.03711558854718982,0.9459459459459459
0.037154989384288746,0.9459459459459459
0.03719447396386823,0.9459459459459459
0.03723404255319149,0.9459459459459459
0.03727369542066028,0.9459459459459459
0.03731343283582089,0.9459459459459459
0.03735325506937033,0.9459459459459459
0.03739316239316239,0.9459459459459459
0.0374331550802139,0.9459459459459459
0.03747323340471092,0.9459459459459459
0.03751339764201501,0.9459459459459459
0.03755364806866953,0.9459459459459459
0.03759398496240601,0.9459459459459459
0.03763440860215054,0.9459459459459459
0.03767491926803014,0.9459459459459459
0.03771551724137931,0.9459459459459459
0.037756202804746494,0.9459459459459459
0.03779697624190065,0.9459459459459459
0.03783783783783784,0.9459459459459459
0.03787878787878788,0.9459459459459459
0.03791982665222102,0.9459459459459459
0.03796095444685466,0.9459459459459459
0.038002171552660155,0.9459459459459459
0.03804347826086957,0.9459459459459459
0.03808487486398259,0.9459459459459459
0.03812636165577342,0.9459459459459459
0.03816793893129771,0.9459459459459459
0.03820960698689956,0.9459459459459459
0.03825136612021858,0.9459459459459459
0.038293216630196934,0.9459459459459459
0.038335158817086525,0.9459459459459459
0.03837719298245614,0.9459459459459459
0.038419319429198684,0.9459459459459459
0.038461538461538464,0.9459459459459459
0.03850385038503851,0.9459459459459459
0.03854625550660793,0.9459459459459459
0.03858875413450937,0.9459459459459459
0.03863134657836645,0.9459459459459459
0.03867403314917127,0.9459459459459459
0.03871681415929203,0.9459459459459459
0.03765227021040975,0.918918918918919
0.037694013303769404,0.918918918918919
0.03773584905660377,0.918918918918919
0.03777777777777778,0.918918918918919
0.03781979977753059,0.918918918918919
0.0378619153674833,0.918918918918919
0.0379041248606466,0.918918918918919
0.03794642857142857,0.918918918918919
0.03798882681564246,0.918918918918919
0.03803131991051454,0.918918918918919
0.03807390817469205,0.918918918918919
0.03811659192825112,0.918918918918919
0.038159371492704826,0.918918918918919
0.03707865168539326,0.8918918918918919
0.03712035995500562,0.8918918918918919
0.037162162162162164,0.8918918918918919
0.03720405862457723,0.8918918918918919
0.03724604966139955,0.8918918918918919
0.03728813559322034,0.8918918918918919
0.03733031674208145,0.8918918918918919
0.03737259343148358,0.8918918918918919
0.03741496598639456,0.8918918918918919
0.03745743473325766,0.8918918918918919
0.0375,0.8918918918918919
0.03754266211604096,0.8918918918918919
0.03758542141230068,0.8918918918918919
0.037628278221208664,0.8918918918918919
0.03767123287671233,0.8918918918918919
0.037714285714285714,0.8918918918918919
0.03775743707093822,0.8918918918918919
0.037800687285223365,0.8918918918918919
0.03784403669724771,0.8918918918918919
0.03788748564867968,0.8918918918918919
0.03793103448275862,0.8918918918918919
0.0379746835443038,0.8918918918918919
0.038018433179723504,0.8918918918918919
0.03806228373702422,0.8918918918918919
0.03810623556581986,0.8918918918918919
0.03815028901734104,0.8918918918918919
0.03819444444444445,0.8918918918918919
0.038238702201622246,0.8918918918918919
0.0382830626450116,0.8918918918918919
0.03832752613240418,0.8918918918918919
0.03837209302325582,0.8918918918918919
0.03841676367869616,0.8918918918918919
0.038461538461538464,0.8918918918918919
0.038506417736289385,0.8918918918918919
0.038551401869158876,0.8918918918918919
0.03859649122807018,0.8918918918918919
0.03864168618266979,0.8918918918918919
0.038686987104337635,0.8918918918918919
0.03873239436619718,0.8918918918918919
0.038777908343125736,0.8918918918918919
0.03882352941176471,0.8918918918918919
0.038869257950530034,0.8918918918918919
0.03891509433962264,0.8918918918918919
0.03896103896103896,0.8918918918918919
0.03900709219858156,0.8918918918918919
0.03905325443786982,0.8918918918918919
0.03909952606635071,0.8918918918918919
0.03914590747330961,0.8918918918918919
0.039192399049881234,0.8918918918918919
0.039239001189060645,0.8918918918918919
0.039285714285714285,0.8918918918918919
0.03933253873659118,0.8918918918918919
0.03937947494033413,0.8918918918918919
0.03942652329749104,0.8918918918918919
0.039473684210526314,0.8918918918918919
0.03952095808383234,0.8918918918918919
0.039568345323741004,0.8918918918918919
0.03961584633853541,0.8918918918918919
0.039663461538461536,0.8918918918918919
0.039711191335740074,0.8918918918918919
0.03975903614457831,0.8918918918918919
0.039806996381182146,0.8918918918918919
0.03985507246376811,0.8918918918918919
0.03990326481257558,0.8918918918918919
0.039951573849878935,0.8918918918918919
0.04,0.8918918918918919
0.04004854368932039,0.8918918918918919
0.040097205346294046,0.8918918918918919
0.040145985401459854,0.8918918918918919
0.040194884287454324,0.8918918918918919
0.04024390243902439,0.8918918918918919
0.040293040293040296,0.8918918918918919
0.040342298288508556,0.8918918918918919
0.04039167686658507,0.8918918918918919
0.04044117647058824,0.8918918918918919
0.04049079754601227,0.8918918918918919
0.04054054054054054,0.8918918918918919
0.04059040590405904,0.8918918918918919
0.04064039408866995,0.8918918918918919
0.040690505548705305,0.8918918918918919
0.040740740740740744,0.8918918918918919
0.0407911001236094,0.8918918918918919
0.04084158415841584,0.8918918918918919
0.040892193308550186,0.8918918918918919
0.04094292803970223,0.8918918918918919
0.040993788819875775,0.8918918918918919
0.041044776119402986,0.8918918918918919
0.0410958904109589,0.8918918918918919
0.04114713216957606,0.8918918918918919
0.04119850187265917,0.8918918918918919
0.04125,0.8918918918918919
0.04130162703379224,0.8918918918918919
0.041353383458646614,0.8918918918918919
0.04140526976160602,0.8918918918918919
0.0414572864321608,0.8918918918918919
0.04150943396226415,0.8918918918918919
0.041561712846347604,0.8918918918918919
0.0416141235813367,0.8918918918918919
0.041666666666666664,0.8918918918918919
0.041719342604298354,0.8918918918918919
0.04177215189873418,0.8918918918918919
0.04182509505703422,0.8918918918918919
0.04187817258883249,0.8918918918918919
0.04193138500635324,0.8918918918918919
0.04198473282442748,0.8918918918918919
0.04203821656050955,0.8918918918918919
0.042091836734693876,0.8918918918918919
0.0421455938697318,0.8918918918918919
0.04219948849104859,0.8918918918918919
0.04225352112676056,0.8918918918918919
0.04230769230769231,0.8918918918918919
0.04236200256739409,0.8918918918918919
0.042416452442159386,0.8918918918918919
0.04247104247104247,0.8918918918918919
0.04252577319587629,0.8918918918918919
0.04258064516129032,0.8918918918918919
0.04263565891472868,0.8918918918918919
0.042690815006468305,0.8918918918918919
0.042746113989637305,0.8918918918918919
0.042801556420233464,0.8918918918918919
0.04285714285714286,0.8918918918918919
0.04291287386215865,0.8918918918918919
0.04296875,0.8918918918918919
0.04302477183833116,0.8918918918918919
0.04308093994778068,0.8918918918918919
0.043137254901960784,0.8918918918918919
0.04319371727748691,0.8918918918918919
0.04325032765399738,0.8918918918918919
0.04330708661417323,0.8918918918918919
0.04336399474375821,0.8918918918918919
0.04342105263157895,0.8918918918918919
0.043478260869565216,0.8918918918918919
0.04353562005277045,0.8918918918918919
0.043593130779392336,0.8918918918918919
0.04365079365079365,0.8918918918918919
0.04370860927152318,0.8918918918918919
0.04376657824933687,0.8918918918918919
0.043824701195219126,0.8918918918918919
0.043882978723404256,0.8918918918918919
0.043941411451398134,0.8918918918918919
0.044,0.8918918918918919
0.044058744993324434,0.8918918918918919
0.04411764705882353,0.8918918918918919
0.04417670682730924,0.8918918918918919
0.04423592493297587,0.8918918918918919
0.04429530201342282,0.8918918918918919
0.04435483870967742,0.8918918918918919
0.04441453566621804,0.8918918918918919
0.0444743935309973,0.8918918918918919
0.044534412955465584,0.8918918918918919
0.0445945945945946,0.8918918918918919
0.044654939106901215,0.8918918918918919
0.044715447154471545,0.8918918918918919
0.04477611940298507,0.8918918918918919
0.04483695652173913,0.8918918918918919
0.044897959183673466,0.8918918918918919
0.04495912806539509,0.8918918918918919
0.045020463847203276,0.8918918918918919
0.045081967213114756,0.8918918918918919
0.04514363885088919,0.8918918918918919
0.045205479452054796,0.8918918918918919
0.04526748971193416,0.8918918918918919
0.04532967032967033,0.8918918918918919
0.0453920220082531,0.8918918918918919
0.045454545454545456,0.8918918918918919
0.04551724137931035,0.8918918918918919
0.04558011049723757,0.8918918918918919
0.04564315352697095,0.8918918918918919
0.045706371191135735,0.8918918918918919
0.04576976421636616,0.8918918918918919
0.04583333333333333,0.8918918918918919
0.0458970792767733,0.8918918918918919
0.04596100278551532,0.8918918918918919
0.04602510460251046,0.8918918918918919
0.046089385474860335,0.8918918918918919
0.046153846153846156,0.8918918918918919
0.046218487394957986,0.8918918918918919
0.04628330995792426,0.8918918918918919
0.046348314606741575,0.8918918918918919
0.046413502109704644,0.8918918918918919
0.04647887323943662,0.8918918918918919
0.0465444287729196,0.8918918918918919
0.046610169491525424,0.8918918918918919
0.04667609618104668,0.8918918918918919
0.046742209631728045,0.8918918918918919
0.04680851063829787,0.8918918918918919
0.046875,0.8918918918918919
0.04694167852062589,0.8918918918918919
0.04700854700854701,0.8918918918918919
0.047075606276747506,0.8918918918918919
0.047142857142857146,0.8918918918918919
0.04721030042918455,0.8918918918918919
0.04727793696275072,0.8918918918918919
0.047345767575322814,0.8918918918918919
0.04741379310344827,0.8918918918918919
0.04748201438848921,0.8918918918918919
0.04755043227665706,0.8918918918918919
0.047619047619047616,0.8918918918918919
0.0476878612716763,0.8918918918918919
0.04775687409551375,0.8918918918918919
0.04782608695652174,0.8918918918918919
0.047895500725689405,0.8918918918918919
0.04796511627906977,0.8918918918918919
0.048034934497816595,0.8918918918918919
0.048104956268221574,0.8918918918918919
0.04817518248175182,0.8918918918918919
0.04824561403508772,0.8918918918918919
0.048316251830161056,0.8918918918918919
0.04838709677419355,0.8918918918918919
0.048458149779735685,0.8918918918918919
0.04852941176470588,0.8918918918918919
0.048600883652430045,0.8918918918918919
0.048672566371681415,0.8918918918918919
0.04874446085672083,0.8918918918918919
0.04881656804733728,0.8918918918918919
0.04888888888888889,0.8918918918918919
0.04896142433234421,0.8918918918918919
0.04903417533432392,0.8918918918918919
0.049107142857142856,0.8918918918918919
0.04918032786885246,0.8918918918918919
0.049253731343283584,0.8918918918918919
0.04932735426008968,0.8918918918918919
0.04940119760479042,0.8918918918918919
0.049475262368815595,0.8918918918918919
0.04954954954954955,0.8918918918918919
0.04962406015037594,0.8918918918918919
0.04969879518072289,0.8918918918918919
0.049773755656108594,0.8918918918918919
0.04984894259818731,0.8918918918918919
0.049924357034795766,0.8918918918918919
0.05,0.8918918918918919
0.05007587253414264,0.8918918918918919
0.05015197568389058,0.8918918918918919
0.0502283105022831,0.8918918918918919
0.05030487804878049,0.8918918918918919
0.050381679389312976,0.8918918918918919
0.05045871559633028,0.8918918918918919
0.05053598774885146,0.8918918918918919
0.05061349693251534,0.8918918918918919
0.05069124423963134,0.8918918918918919
0.05076923076923077,0.8918918918918919
0.05084745762711865,0.8918918918918919
0.05092592592592592,0.8918918918918919
0.05100463678516229,0.8918918918918919
0.05108359133126935,0.8918918918918919
0.05116279069767442,0.8918918918918919
0.05124223602484472,0.8918918918918919
0.05132192846034215,0.8918918918918919
0.0514018691588785,0.8918918918918919
0.0514820592823713,0.8918918918918919
0.0515625,0.8918918918918919
0.051643192488262914,0.8918918918918919
0.05172413793103448,0.8918918918918919
0.05180533751962323,0.8918918918918919
0.05188679245283019,0.8918918918918919
0.05196850393700787,0.8918918918918919
0.052050473186119876,0.8918918918918919
0.052132701421800945,0.8918918918918919
0.05221518987341772,0.8918918918918919
0.05229793977812995,0.8918918918918919
0.05238095238095238,0.8918918918918919
0.05246422893481717,0.8918918918918919
0.052547770700636945,0.8918918918918919
0.05263157894736842,0.8918918918918919
0.052715654952076675,0.8918918918918919
0.0528,0.8918918918918919
0.052884615384615384,0.8918918918918919
0.052969502407704656,0.8918918918918919
0.05305466237942122,0.8918918918918919
0.05314009661835749,0.8918918918918919
0.0532258064516129,0.8918918918918919
0.05331179321486268,0.8918918918918919
0.05339805825242718,0.8918918918918919
0.05348460291734198,0.8918918918918919
0.05357142857142857,0.8918918918918919
0.05203252032520325,0.8648648648648649
0.05211726384364821,0.8648648648648649
0.052202283849918436,0.8648648648648649
0.05228758169934641,0.8648648648648649
0.05237315875613748,0.8648648648648649
0.05245901639344262,0.8648648648648649
0.052545155993431854,0.8648648648648649
0.05263157894736842,0.8648648648648649
0.05271828665568369,0.8648648648648649
0.052805280528052806,0.8648648648648649
0.05289256198347107,0.8648648648648649
0.052980132450331126,0.8648648648648649
0.05306799336650083,0.8648648648648649
0.053156146179401995,0.8648648648648649
0.05324459234608985,0.8648648648648649
0.05333333333333334,0.8648648648648649
0.05342237061769616,0.8648648648648649
0.05351170568561873,0.8648648648648649
0.05360134003350084,0.8648648648648649
0.053691275167785234,0.8648648648648649
0.05378151260504202,0.8648648648648649
0.05387205387205387,0.8648648648648649
0.05396290050590219,0.8648648648648649
0.05405405405405406,0.8648648648648649
0.05414551607445008,0.8648648648648649
0.05423728813559322,0.8648648648648649
0.05432937181663837,0.8648648648648649
0.05442176870748299,0.8648648648648649
0.054514480408858604,0.8648648648648649
0.05460750853242321,0.8648648648648649
0.0547008547008547,0.8648648648648649
0.0547945205479452,0.8648648648648649
0.0548885077186964,0.8648648648648649
0.054982817869415807,0.8648648648648649
0.055077452667814115,0.8648648648648649
0.05517241379310345,0.8648648648648649
0.055267702936096716,0.8648648648648649
0.05536332179930796,0.8648648648648649
0.05545927209705372,0.8648648648648649
0.05555555555555555,0.8648648648648649
0.05565217391304348,0.8648648648648649
0.05574912891986063,0.8648648648648649
0.055846422338568937,0.8648648648648649
0.055944055944055944,0.8648648648648649
0.05604203152364273,0.8648648648648649
0.056140350877192984,0.8648648648648649
0.056239015817223195,0.8648648648648649
0.056338028169014086,0.8648648648648649
0.0564373897707231,0.8648648648648649
0.05653710247349823,0.8648648648648649
0.05663716814159292,0.8648648648648649
0.05673758865248227,0.8648648648648649
0.056838365896980464,0.8648648648648649
0.05693950177935943,0.8648648648648649
0.0570409982174688,0.8648648648648649
0.05714285714285714,0.8648648648648649
0.057245080500894455,0.8648648648648649
0.05734767025089606,0.8648648648648649
0.05745062836624776,0.8648648648648649
0.05755395683453238,0.8648648648648649
0.05765765765765766,0.8648648648648649
0.05776173285198556,0.8648648648648649
0.05786618444846293,0.8648648648648649
0.057971014492753624,0.8648648648648649
0.05807622504537205,0.8648648648648649
0.05818181818181818,0.8648648648648649
0.058287795992714025,0.8648648648648649
0.058394160583941604,0.8648648648648649
0.05850091407678245,0.8648648648648649
0.05860805860805861,0.8648648648648649
0.05871559633027523,0.8648648648648649
0.058823529411764705,0.8648648648648649
0.058931860036832415,0.8648648648648649
0.05904059040590406,0.8648648648648649
0.059149722735674676,0.8648648648648649
0.05925925925925926,0.8648648648648649
0.059369202226345084,0.8648648648648649
0.05947955390334572,0.8648648648648649
0.0595903165735568,0.8648648648648649
0.05970149253731343,0.8648648648648649
0.05794392523364486,0.8378378378378378
0.05805243445692884,0.8378378378378378
0.058161350844277676,0.8378378378378378
0.05827067669172932,0.8378378378378378
0.0583804143126177,0.8378378378378378
0.05849056603773585,0.8378378378378378
0.05860113421550094,0.8378378378378378
0.058712121212121215,0.8378378378378378
0.058823529411764705,0.8378378378378378
0.058935361216730035,0.8378378378378378
0.05714285714285714,0.8108108108108109
0.05725190839694656,0.8108108108108109
0.05736137667304015,0.8108108108108109
0.05747126436781609,0.8108108108108109
0.05758157389635317,0.8108108108108109
0.057692307692307696,0.8108108108108109
0.055876685934489405,0.7837837837837838
0.055984555984555984,0.7837837837837838
0.05609284332688588,0.7837837837837838
0.0562015503875969,0.7837837837837838
0.05631067961165048,0.7837837837837838
0.054474708171206226,0.7567567567567568
0.05458089668615984,0.7567567567567568
0.0546875,0.7567567567567568
0.0547945205479452,0.7567567567567568
0.054901960784313725,0.7567567567567568
0.0550098231827112,0.7567567567567568
0.05511811023622047,0.7567567567567568
0.055226824457593686,0.7567567567567568
0.05533596837944664,0.7567567567567568
0.055445544554455446,0.7567567567567568
0.05555555555555555,0.7567567567567568
0.055666003976143144,0.7567567567567568
0.055776892430278883,0.7567567567567568
0.05588822355289421,0.7567567567567568
0.056,0.7567567567567568
0.056112224448897796,0.7567567567567568
0.05622489959839357,0.7567567567567568
0.056338028169014086,0.7567567567567568
0.056451612903225805,0.7567567567567568
0.05656565656565657,0.7567567567567568
0.05668016194331984,0.7567567567567568
0.056795131845841784,0.7567567567567568
0.056910569105691054,0.7567567567567568
0.05702647657841141,0.7567567567567568
0.05714285714285714,0.7567567567567568
0.05725971370143149,0.7567567567567568
0.05737704918032787,0.7567567567567568
0.057494866529774126,0.7567567567567568
0.05761316872427984,0.7567567567567568
0.0577319587628866,0.7567567567567568
0.05785123966942149,0.7567567567567568
0.057971014492753624,0.7567567567567568
0.058091286307053944,0.7567567567567568
0.058212058212058215,0.7567567567567568
0.058333333333333334,0.7567567567567568
0.05845511482254697,0.7567567567567568
0.058577405857740586,0.7567567567567568
0.05870020964360587,0.7567567567567568
0.058823529411764705,0.7567567567567568
0.05894736842105263,0.7567567567567568
0.05907172995780591,0.7567567567567568
0.05919661733615222,0.7567567567567568
0.059322033898305086,0.7567567567567568
0.059447983014861996,0.7567567567567568
0.059574468085106386,0.7567567567567568
0.05970149253731343,0.7567567567567568
0.05982905982905983,0.7567567567567568
0.059957173447537475,0.7567567567567568
0.060085836909871244,0.7567567567567568
0.05806451612903226,0.7297297297297297
0.05818965517241379,0.7297297297297297
0.058315334773218146,0.7297297297297297
0.05844155844155844,0.7297297297297297
0.05856832971800434,0.7297297297297297
0.058695652173913045,0.7297297297297297
0.058823529411764705,0.7297297297297297
0.05895196506550218,0.7297297297297297
0.05908096280087528,0.7297297297297297
0.05921052631578947,0.7297297297297297
0.05934065934065934,0.7297297297297297
0.05947136563876652,0.7297297297297297
0.059602649006622516,0.7297297297297297
0.059734513274336286,0.7297297297297297
0.0598669623059867,0.7297297297297297
0.06,0.7297297297297297
0.060133630289532294,0.7297297297297297
0.060267857142857144,0.7297297297297297
0.06040268456375839,0.7297297297297297
0.06053811659192825,0.7297297297297297
0.060674157303370786,0.7297297297297297
0.060810810810810814,0.7297297297297297
0.060948081264108354,0.7297297297297297
0.06108597285067873,0.7297297297297297
0.061224489795918366,0.7297297297297297
0.06136363636363636,0.7297297297297297
0.06150341685649203,0.7297297297297297
0.06164383561643835,0.7297297297297297
0.06178489702517163,0.7297297297297297
0.06192660550458716,0.7297297297297297
0.06206896551724138,0.7297297297297297
0.06221198156682028,0.7297297297297297
0.06235565819861432,0.7297297297297297
0.0625,0.7297297297297297
0.06264501160092807,0.7297297297297297
0.06279069767441861,0.7297297297297297
0.06293706293706294,0.7297297297297297
0.0630841121495327,0.7297297297297297
0.06323185011709602,0.7297297297297297
0.06338028169014084,0.7297297297297297
0.06352941176470588,0.7297297297297297
0.06367924528301887,0.7297297297297297
0.06382978723404255,0.7297297297297297
0.06398104265402843,0.7297297297297297
0.06413301662707839,0.7297297297297297
0.06428571428571428,0.7297297297297297
0.06443914081145585,0.7297297297297297
0.0645933014354067,0.7297297297297297
0.06474820143884892,0.7297297297297297
0.06490384615384616,0.7297297297297297
0.06506024096385542,0.7297297297297297
0.06521739130434782,0.7297297297297297
0.06537530266343826,0.7297297297297297
0.06553398058252427,0.7297297297297297
0.06569343065693431,0.7297297297297297
0.06585365853658537,0.7297297297297297
0.06601466992665037,0.7297297297297297
0.0661764705882353,0.7297297297297297
0.06633906633906633,0.7297297297297297
0.0665024630541872,0.7297297297297297
0.06666666666666667,0.7297297297297297
0.06683168316831684,0.7297297297297297
0.06699751861042183,0.7297297297297297
0.06716417910447761,0.7297297297297297
0.06733167082294264,0.7297297297297297
0.0675,0.7297297297297297
0.06766917293233082,0.7297297297297297
0.0678391959798995,0.7297297297297297
0.06801007556675064,0.7297297297297297
0.06818181818181818,0.7297297297297297
0.06835443037974684,0.7297297297297297
0.06852791878172589,0.7297297297297297
0.06870229007633588,0.7297297297297297
0.06887755102040816,0.7297297297297297
0.06905370843989769,0.7297297297297297
0.06923076923076923,0.7297297297297297
0.06940874035989718,0.7297297297297297
0.06958762886597938,0.7297297297297297
0.06976744186046512,0.7297297297297297
0.06994818652849741,0.7297297297297297
0.07012987012987013,0.7297297297297297
0.0703125,0.7297297297297297
0.07049608355091384,0.7297297297297297
0.07068062827225131,0.7297297297297297
0.07086614173228346,0.7297297297297297
0.07105263157894737,0.7297297297297297
0.0712401055408971,0.7297297297297297
0.07142857142857142,0.7297297297297297
0.07161803713527852,0.7297297297297297
0.07180851063829788,0.7297297297297297
0.072,0.7297297297297297
0.07219251336898395,0.7297297297297297
0.07238605898123325,0.7297297297297297
0.07258064516129033,0.7297297297297297
0.07277628032345014,0.7297297297297297
0.07297297297297298,0.7297297297297297
0.07317073170731707,0.7297297297297297
0.07065217391304347,0.7027027027027027
0.07084468664850137,0.7027027027027027
0.07103825136612021,0.7027027027027027
0.07123287671232877,0.7027027027027027
0.07142857142857142,0.7027027027027027
0.07162534435261708,0.7027027027027027
0.0718232044198895,0.7027027027027027
0.07202216066481995,0.7027027027027027
0.07222222222222222,0.7027027027027027
0.07242339832869081,0.7027027027027027
0.07262569832402235,0.7027027027027027
0.07282913165266107,0.7027027027027027
0.07303370786516854,0.7027027027027027
0.07323943661971831,0.7027027027027027
0.07344632768361582,0.7027027027027027
0.07365439093484419,0.7027027027027027
0.07386363636363637,0.7027027027027027
0.07407407407407407,0.7027027027027027
0.07428571428571429,0.7027027027027027
0.07449856733524356,0.7027027027027027
0.07471264367816093,0.7027027027027027
0.07492795389048991,0.7027027027027027
0.07514450867052024,0.7027027027027027
0.07536231884057971,0.7027027027027027
0.0755813953488372,0.7027027027027027
0.07580174927113703,0.7027027027027027
0.07602339181286549,0.7027027027027027
0.07624633431085044,0.7027027027027027
0.07647058823529412,0.7027027027027027
0.07669616519174041,0.7027027027027027
0.07692307692307693,0.7027027027027027
0.0771513353115727,0.7027027027027027
0.07738095238095238,0.7027027027027027
0.07761194029850746,0.7027027027027027
0.07784431137724551,0.7027027027027027
0.07807807807807808,0.7027027027027027
0.0783132530120482,0.7027027027027027
0.07854984894259819,0.7027027027027027
0.07878787878787878,0.7027027027027027
0.0790273556231003,0.7027027027027027
0.07926829268292683,0.7027027027027027
0.07951070336391437,0.7027027027027027
0.07975460122699386,0.7027027027027027
0.08,0.7027027027027027
0.08024691358024691,0.7027027027027027
0.0804953560371517,0.7027027027027027
0.08074534161490683,0.7027027027027027
0.08099688473520249,0.7027027027027027
0.08125,0.7027027027027027
0.08150470219435736,0.7027027027027027
0.08176100628930817,0.7027027027027027
0.08201892744479496,0.7027027027027027
0.08227848101265822,0.7027027027027027
0.08253968253968254,0.7027027027027027
0.08280254777070063,0.7027027027027027
0.08306709265175719,0.7027027027027027
0.08333333333333333,0.7027027027027027
0.08360128617363344,0.7027027027027027
0.08064516129032258,0.6756756756756757
0.08090614886731391,0.6756756756756757
0.08116883116883117,0.6756756756756757
0.08143322475570032,0.6756756756756757
0.08169934640522876,0.6756756756756757
0.08196721311475409,0.6756756756756757
0.08223684210526316,0.6756756756756757
0.08250825082508251,0.6756756756756757
0.08278145695364239,0.6756756756756757
0.08305647840531562,0.6756756756756757
0.08333333333333333,0.6756756756756757
0.08361204013377926,0.6756756756756757
0.08389261744966443,0.6756756756756757
0.08417508417508418,0.6756756756756757
0.08445945945945946,0.6756756756756757
0.0847457627118644,0.6756756756756757
0.08503401360544217,0.6756756756756757
0.08532423208191127,0.6756756756756757
0.08561643835616438,0.6756756756756757
0.0859106529209622,0.6756756756756757
0.08620689655172414,0.6756756756756757
0.08650519031141868,0.6756756756756757
0.08680555555555555,0.6756756756756757
0.08710801393728224,0.6756756756756757
0.08741258741258741,0.6756756756756757
0.08771929824561403,0.6756756756756757
0.0880281690140845,0.6756756756756757
0.08833922261484099,0.6756756756756757
0.08865248226950355,0.6756756756756757
0.08896797153024912,0.6756756756756757
0.08928571428571429,0.6756756756756757
0.08960573476702509,0.6756756756756757
0.08992805755395683,0.6756756756756757
0.09025270758122744,0.6756756756756757
0.09057971014492754,0.6756756756756757
0.09090909090909091,0.6756756756756757
0.09124087591240876,0.6756756756756757
0.09157509157509157,0.6756756756756757
0.09191176470588236,0.6756756756756757
0.09225092250922509,0.6756756756756757
0.09259259259259259,0.6756756756756757
0.09293680297397769,0.6756756756756757
0.09328358208955224,0.6756756756756757
0.09363295880149813,0.6756756756756757
0.09398496240601503,0.6756756756756757
0.09433962264150944,0.6756756756756757
0.0946969696969697,0.6756756756756757
0.09505703422053231,0.6756756756756757
0.09541984732824428,0.6756756756756757
0.09578544061302682,0.6756756756756757
0.09615384615384616,0.6756756756756757
0.09652509652509653,0.6756756756756757
0.09689922480620156,0.6756756756756757
0.09727626459143969,0.6756756756756757
0.09765625,0.6756756756756757
0.09803921568627451,0.6756756756756757
0.0984251968503937,0.6756756756756757
0.09881422924901186,0.6756756756756757
0.0992063492063492,0.6756756756756757
0.099601593625498,0.6756756756756757
0.1,0.6756756756756757
0.10040160642570281,0.6756756756756757
0.10080645161290322,0.6756756756756757
0.10121457489878542,0.6756756756756757
0.1016260162601626,0.6756756756756757
0.10204081632653061,0.6756756756756757
0.10245901639344263,0.6756756756756757
0.102880658436214,0.6756756756756757
0.10330578512396695,0.6756756756756757
0.0995850622406639,0.6486486486486487
0.1,0.6486486486486487
0.100418410041841,0.6486486486486487
0.10084033613445378,0.6486486486486487
0.10126582278481013,0.6486486486486487
0.1016949152542373,0.6486486486486487
0.10212765957446808,0.6486486486486487
0.10256410256410256,0.6486486486486487
0.10300429184549356,0.6486486486486487
0.10344827586206896,0.6486486486486487
0.1038961038961039,0.6486486486486487
0.10434782608695652,0.6486486486486487
0.10480349344978165,0.6486486486486487
0.10526315789473684,0.6486486486486487
0.10572687224669604,0.6486486486486487
0.10619469026548672,0.6486486486486487
0.10666666666666667,0.6486486486486487
0.10714285714285714,0.6486486486486487
0.10762331838565023,0.6486486486486487
0.10810810810810811,0.6486486486486487
0.1085972850678733,0.6486486486486487
0.10909090909090909,0.6486486486486487
0.1095890410958904,0.6486486486486487
0.11009174311926606,0.6486486486486487
0.11059907834101383,0.6486486486486487
0.1111111111111111,0.6486486486486487
0.11162790697674418,0.6486486486486487
0.11214953271028037,0.6486486486486487
0.11267605633802817,0.6486486486486487
0.11320754716981132,0.6486486486486487
0.11374407582938388,0.6486486486486487
0.11428571428571428,0.6486486486486487
0.11483253588516747,0.6486486486486487
0.11538461538461539,0.6486486486486487
0.11594202898550725,0.6486486486486487
0.11650485436893204,0.6486486486486487
0.11707317073170732,0.6486486486486487
0.11764705882352941,0.6486486486486487
0.11822660098522167,0.6486486486486487
0.1188118811881188,0.6486486486486487
0.11940298507462686,0.6486486486486487
0.12,0.6486486486486487
0.12060301507537688,0.6486486486486487
0.12121212121212122,0.6486486486486487
0.1218274111675127,0.6486486486486487
0.12244897959183673,0.6486486486486487
0.12307692307692308,0.6486486486486487
0.12371134020618557,0.6486486486486487
0.12435233160621761,0.6486486486486487
0.125,0.6486486486486487
0.1256544502617801,0.6486486486486487
0.12631578947368421,0.6486486486486487
0.12698412698412698,0.6486486486486487
0.1276595744680851,0.6486486486486487
0.12834224598930483,0.6486486486486487
0.12903225806451613,0.6486486486486487
0.12972972972972974,0.6486486486486487
0.13043478260869565,0.6486486486486487
0.13114754098360656,0.6486486486486487
0.13186813186813187,0.6486486486486487
0.13259668508287292,0.6486486486486487
0.13333333333333333,0.6486486486486487
0.1340782122905028,0.6486486486486487
0.1348314606741573,0.6486486486486487
0.13559322033898305,0.6486486486486487
0.13636363636363635,0.6486486486486487
0.13714285714285715,0.6486486486486487
0.13793103448275862,0.6486486486486487
0.13872832369942195,0.6486486486486487
0.13953488372093023,0.6486486486486487
0.14035087719298245,0.6486486486486487
0.1411764705882353,0.6486486486486487
0.14201183431952663,0.6486486486486487
0.14285714285714285,0.6486486486486487
0.1437125748502994,0.6486486486486487
0.14457831325301204,0.6486486486486487
0.14545454545454545,0.6486486486486487
0.14634146341463414,0.6486486486486487
0.147239263803681,0.6486486486486487
0.14814814814814814,0.6486486486486487
0.14906832298136646,0.6486486486486487
0.15,0.6486486486486487
0.1509433962264151,0.6486486486486487
0.1518987341772152,0.6486486486486487
0.15286624203821655,0.6486486486486487
0.15384615384615385,0.6486486486486487
0.15483870967741936,0.6486486486486487
0.15584415584415584,0.6486486486486487
0.1568627450980392,0.6486486486486487
0.15789473684210525,0.6486486486486487
0.15894039735099338,0.6486486486486487
0.16,0.6486486486486487
0.1610738255033557,0.6486486486486487
0.16216216216216217,0.6486486486486487
0.16326530612244897,0.6486486486486487
0.1643835616438356,0.6486486486486487
0.16551724137931034,0.6486486486486487
0.16666666666666666,0.6486486486486487
0.16783216783216784,0.6486486486486487
0.16901408450704225,0.6486486486486487
0.1702127659574468,0.6486486486486487
0.17142857142857143,0.6486486486486487
0.17266187050359713,0.6486486486486487
0.17391304347826086,0.6486486486486487
0.17518248175182483,0.6486486486486487
0.17647058823529413,0.6486486486486487
0.17777777777777778,0.6486486486486487
0.17164179104477612,0.6216216216216216
0.17293233082706766,0.6216216216216216
0.17424242424242425,0.6216216216216216
0.17557251908396945,0.6216216216216216
0.17692307692307693,0.6216216216216216
0.17829457364341086,0.6216216216216216
0.1796875,0.6216216216216216
0.18110236220472442,0.6216216216216216
0.18253968253968253,0.6216216216216216
0.184,0.6216216216216216
0.18548387096774194,0.6216216216216216
0.18699186991869918,0.6216216216216216
0.1885245901639344,0.6216216216216216
0.19008264462809918,0.6216216216216216
0.19166666666666668,0.6216216216216216
0.19327731092436976,0.6216216216216216
0.19491525423728814,0.6216216216216216
0.19658119658119658,0.6216216216216216
0.19827586206896552,0.6216216216216216
0.2,0.6216216216216216
0.20175438596491227,0.6216216216216216
0.20353982300884957,0.6216216216216216
0.20535714285714285,0.6216216216216216
0.2072072072072072,0.6216216216216216
0.20909090909090908,0.6216216216216216
0.21100917431192662,0.6216216216216216
0.21296296296296297,0.6216216216216216
0.21495327102803738,0.6216216216216216
0.2169811320754717,0.6216216216216216
0.21904761904761905,0.6216216216216216
0.22115384615384615,0.6216216216216216
0.22330097087378642,0.6216216216216216
0.22549019607843138,0.6216216216216216
0.22772277227722773,0.6216216216216216
0.23,0.6216216216216216
0.23232323232323232,0.6216216216216216
0.23469387755102042,0.6216216216216216
0.23711340206185566,0.6216216216216216
0.23958333333333334,0.6216216216216216
0.24210526315789474,0.6216216216216216
0.24468085106382978,0.6216216216216216
0.24731182795698925,0.6216216216216216
0.25,0.6216216216216216
0.25274725274725274,0.6216216216216216
0.25555555555555554,0.6216216216216216
0.25842696629213485,0.6216216216216216
0.26136363636363635,0.6216216216216216
0.26436781609195403,0.6216216216216216
0.26744186046511625,0.6216216216216216
0.27058823529411763,0.6216216216216216
0.27380952380952384,0.6216216216216216
0.27710843373493976,0.6216216216216216
0.2804878048780488,0.6216216216216216
0.2839506172839506,0.6216216216216216
0.2875,0.6216216216216216
0.2911392405063291,0.6216216216216216
0.2948717948717949,0.6216216216216216
0.2987012987012987,0.6216216216216216
0.3026315789473684,0.6216216216216216
0.30666666666666664,0.6216216216216216
0.3108108108108108,0.6216216216216216
0.3150684931506849,0.6216216216216216
0.3194444444444444,0.6216216216216216
0.323943661971831,0.6216216216216216
0.32857142857142857,0.6216216216216216
0.3333333333333333,0.6216216216216216
0.3382352941176471,0.6216216216216216
0.34328358208955223,0.6216216216216216
0.3484848484848485,0.6216216216216216
0.35384615384615387,0.6216216216216216
0.359375,0.6216216216216216
0.36507936507936506,0.6216216216216216
0.3709677419354839,0.6216216216216216
0.3770491803278688,0.6216216216216216
0.38333333333333336,0.6216216216216216
0.3728813559322034,0.5945945945945946
0.3793103448275862,0.5945945945945946
0.3684210526315789,0.5675675675675675
0.375,0.5675675675675675
0.38181818181818183,0.5675675675675675
0.3888888888888889,0.5675675675675675
0.39622641509433965,0.5675675675675675
0.40384615384615385,0.5675675675675675
0.4117647058823529,0.5675675675675675
0.42,0.5675675675675675
0.40816326530612246,0.5405405405405406
0.4166666666666667,0.5405405405405406
0.425531914893617,0.5405405405405406
0.43478260869565216,0.5405405405405406
0.4444444444444444,0.5405405405405406
0.45454545454545453,0.5405405405405406
0.46511627906976744,0.5405405405405406
0.47619047619047616,0.5405405405405406
0.4878048780487805,0.5405405405405406
0.475,0.5135135135135135
0.48717948717948717,0.5135135135135135
0.5,0.5135135135135135
0.4864864864864865,0.4864864864864865
0.5,0.4864864864864865
0.5142857142857142,0.4864864864864865
0.5,0.4594594594594595
0.5151515151515151,0.4594594594594595
0.5,0.43243243243243246
0.5161290322580645,0.43243243243243246
0.5333333333333333,0.43243243243243246
0.5517241379310345,0.43243243243243246
0.5714285714285714,0.43243243243243246
0.5925925925925926,0.43243243243243246
0.5769230769230769,0.40540540540540543
0.6,0.40540540540540543
0.625,0.40540540540540543
0.6521739130434783,0.40540540540540543
0.6363636363636364,0.3783783783783784
0.6666666666666666,0.3783783783783784
0.7,0.3783783783783784
0.6842105263157895,0.35135135135135137
0.7222222222222222,0.35135135135135137
0.7058823529411765,0.32432432432432434
0.6875,0.2972972972972973
0.7333333333333333,0.2972972972972973
0.7857142857142857,0.2972972972972973
0.7692307692307693,0.2702702702702703
0.75,0.24324324324324326
0.8181818181818182,0.24324324324324326
0.8,0.21621621621621623
0.7777777777777778,0.1891891891891892
0.875,0.1891891891891892
0.8571428571428571,0.16216216216216217
0.8333333333333334,0.13513513513513514
0.8,0.10810810810810811
0.75,0.08108108108108109
1.0,0.08108108108108109
1.0,0.05405405405405406
1.0,0.02702702702702703
1.0,0.0
